Time (s)	9.600000e+03	dt_sampled - EXTRA_TIME	3.600000e+03
 i	 Vol	 Z	 Uavg	 Vavg	 Wavg	 Urms	 Vrms	 Wrms	 UVmean	 UWmean	 VWmean
0	6.299784e+04	6.250523e-01	2.736512e-01	-1.248816e-02	-6.570759e-02	7.520338e-01	7.868108e-01	1.969244e-01	3.365267e-03	-8.167742e-05	6.884985e-05
1	6.299783e+04	1.875121e+00	4.875474e-01	-1.198253e-02	2.820529e-02	6.699733e-01	6.771594e-01	3.328839e-01	2.232347e-03	-1.721377e-02	1.707886e-04
2	6.299784e+04	3.125299e+00	5.833798e-01	-1.114166e-02	-1.596328e-02	6.490101e-01	6.371650e-01	4.055541e-01	3.601761e-03	-2.709599e-02	-2.036831e-04
3	6.299784e+04	4.375255e+00	6.400152e-01	-1.108021e-02	1.110183e-02	6.498568e-01	6.129981e-01	4.481612e-01	3.944315e-03	-3.246145e-02	-3.317330e-04
4	6.299784e+04	5.625647e+00	6.736389e-01	-1.099237e-02	-6.905582e-03	6.538861e-01	5.983599e-01	4.768159e-01	3.533975e-03	-4.118979e-02	-4.902663e-04
5	6.299786e+04	6.875608e+00	6.940791e-01	-1.083829e-02	4.763572e-03	6.588980e-01	5.871891e-01	4.950697e-01	3.556516e-03	-4.585614e-02	-5.799470e-04
6	6.299783e+04	8.125446e+00	7.101626e-01	-1.098682e-02	-3.200196e-03	6.643855e-01	5.801998e-01	5.124642e-01	4.060719e-03	-5.341944e-02	-5.916063e-04
7	6.299782e+04	9.375257e+00	7.235184e-01	-1.196668e-02	2.275879e-03	6.705975e-01	5.763475e-01	5.249057e-01	4.745086e-03	-5.855206e-02	-5.727102e-04
8	6.299949e+04	1.062479e+01	7.368250e-01	-1.348444e-02	-1.542339e-03	6.775565e-01	5.748225e-01	5.374685e-01	5.138249e-03	-6.542302e-02	-4.506080e-04
9	6.299946e+04	1.187454e+01	7.512327e-01	-1.497363e-02	1.119235e-03	6.847414e-01	5.744449e-01	5.471952e-01	4.809578e-03	-7.084033e-02	-2.828720e-04
10	6.299949e+04	1.312445e+01	7.685197e-01	-1.640064e-02	-7.578036e-04	6.926476e-01	5.757147e-01	5.569913e-01	4.428760e-03	-7.734802e-02	-1.066624e-04
11	6.299938e+04	1.437473e+01	7.879209e-01	-1.736518e-02	5.653530e-04	7.013142e-01	5.785317e-01	5.650011e-01	4.587311e-03	-8.303232e-02	1.000813e-05
12	6.299890e+04	1.562502e+01	8.097910e-01	-1.793006e-02	-3.671996e-04	7.109581e-01	5.826565e-01	5.729399e-01	4.709512e-03	-8.938847e-02	8.749161e-05
13	6.299915e+04	1.687572e+01	8.332126e-01	-1.809358e-02	2.904883e-04	7.211717e-01	5.876110e-01	5.800412e-01	4.991627e-03	-9.540763e-02	2.051699e-04
14	6.299370e+04	1.812448e+01	8.578176e-01	-1.792084e-02	-1.917539e-04	7.315029e-01	5.929740e-01	5.873317e-01	5.328163e-03	-1.018940e-01	3.105026e-04
15	6.299370e+04	1.937678e+01	8.833517e-01	-1.758106e-02	1.634924e-04	7.420737e-01	5.987500e-01	5.943646e-01	5.046901e-03	-1.083252e-01	3.586238e-04
16	6.273099e+04	2.062250e+01	9.099940e-01	-1.679556e-02	-1.230710e-04	7.524784e-01	6.047791e-01	6.014962e-01	4.436473e-03	-1.150260e-01	5.052548e-04
17	6.273081e+04	2.186706e+01	9.379611e-01	-1.582300e-02	1.284109e-04	7.626716e-01	6.110313e-01	6.083863e-01	3.716032e-03	-1.219110e-01	6.082250e-04
18	6.276318e+04	2.311179e+01	9.680112e-01	-1.437934e-02	-7.267137e-05	7.733299e-01	6.173240e-01	6.151018e-01	3.009517e-03	-1.290549e-01	7.438996e-04
19	6.276320e+04	2.435723e+01	1.000087e+00	-1.246647e-02	9.857324e-05	7.841708e-01	6.234747e-01	6.216924e-01	2.669772e-03	-1.365113e-01	8.373390e-04
20	6.298276e+04	2.560505e+01	1.034178e+00	-1.025369e-02	-6.200799e-05	7.950447e-01	6.290542e-01	6.282004e-01	2.058932e-03	-1.444339e-01	9.470457e-04
21	6.298271e+04	2.685461e+01	1.070694e+00	-7.874733e-03	5.386220e-05	8.059732e-01	6.342301e-01	6.350482e-01	1.077096e-03	-1.529387e-01	1.121796e-03
22	6.310253e+04	2.810490e+01	1.110042e+00	-5.827641e-03	-1.356618e-04	8.170312e-01	6.389074e-01	6.419333e-01	3.239941e-04	-1.621894e-01	1.419591e-03
23	6.310250e+04	2.935710e+01	1.152273e+00	-3.778417e-03	1.177432e-04	8.292309e-01	6.436999e-01	6.489201e-01	-5.661813e-05	-1.724110e-01	1.747309e-03
24	6.310306e+04	3.060934e+01	1.198531e+00	-1.661327e-03	-2.576578e-04	8.425565e-01	6.484232e-01	6.555722e-01	-3.433017e-04	-1.837554e-01	2.062249e-03
25	6.310311e+04	3.186057e+01	1.249306e+00	2.026711e-04	2.543197e-04	8.575079e-01	6.535197e-01	6.620073e-01	-9.027511e-04	-1.964932e-01	2.383366e-03
26	6.310338e+04	3.311409e+01	1.307017e+00	1.298294e-03	-4.675570e-04	8.744012e-01	6.594080e-01	6.676660e-01	-1.972319e-03	-2.112077e-01	2.618026e-03
27	6.310340e+04	3.436449e+01	1.371533e+00	2.121466e-03	5.093960e-04	8.939439e-01	6.669075e-01	6.730534e-01	-2.947445e-03	-2.282415e-01	2.886244e-03
28	6.310352e+04	3.561813e+01	1.449806e+00	2.830070e-03	-9.933506e-04	9.176119e-01	6.749949e-01	6.771768e-01	-3.781268e-03	-2.481570e-01	3.030319e-03
29	6.310347e+04	3.686981e+01	1.540650e+00	3.367780e-03	9.742926e-04	9.483606e-01	6.852389e-01	6.804664e-01	-4.589134e-03	-2.711858e-01	3.180405e-03
30	6.305648e+04	3.812090e+01	1.662444e+00	3.631347e-03	-1.559392e-03	9.898378e-01	6.971983e-01	6.803624e-01	-5.219962e-03	-2.980248e-01	3.287397e-03
31	6.305654e+04	3.937189e+01	1.816158e+00	4.009723e-03	1.516221e-03	1.047719e+00	7.139832e-01	6.815051e-01	-5.727869e-03	-3.262948e-01	3.412086e-03
32	7.200617e+04	4.062586e+01	1.980418e+00	3.377248e-03	1.345082e-02	1.136708e+00	7.616959e-01	6.343225e-01	-6.284236e-03	-2.983827e-01	3.072015e-03
33	7.200606e+04	4.187104e+01	2.209973e+00	4.275839e-03	-6.367260e-03	1.175524e+00	7.674882e-01	6.380978e-01	-6.455629e-03	-3.297118e-01	2.939384e-03
34	7.200596e+04	4.312565e+01	2.370885e+00	5.418015e-03	4.752717e-03	1.190511e+00	7.697150e-01	6.427708e-01	-4.774101e-03	-3.214778e-01	2.886431e-03
35	7.200592e+04	4.437776e+01	2.508144e+00	6.150183e-03	-3.530176e-03	1.201184e+00	7.694865e-01	6.502222e-01	-2.485485e-03	-3.306193e-01	2.807039e-03
36	7.200595e+04	4.562721e+01	2.625960e+00	6.027273e-03	2.652144e-03	1.210334e+00	7.684913e-01	6.524367e-01	9.929360e-05	-3.255320e-01	2.616071e-03
37	7.200602e+04	4.687171e+01	2.734479e+00	4.543117e-03	-2.089794e-03	1.219522e+00	7.679693e-01	6.567479e-01	2.861409e-03	-3.294641e-01	2.483926e-03
38	7.200611e+04	4.812513e+01	2.834893e+00	2.126389e-03	1.608125e-03	1.228170e+00	7.673889e-01	6.579055e-01	5.213470e-03	-3.261460e-01	2.364802e-03
39	7.200598e+04	4.937845e+01	2.930197e+00	-3.565443e-04	-1.307074e-03	1.236938e+00	7.668934e-01	6.605220e-01	6.713095e-03	-3.281297e-01	2.241259e-03
40	7.200619e+04	5.062893e+01	3.020495e+00	-2.466813e-03	1.000629e-03	1.245689e+00	7.659968e-01	6.612275e-01	7.464572e-03	-3.257502e-01	2.124337e-03
41	7.200608e+04	5.187349e+01	3.107555e+00	-3.856256e-03	-8.424770e-04	1.253864e+00	7.646835e-01	6.629040e-01	7.493260e-03	-3.266533e-01	1.997089e-03
42	7.200605e+04	5.312360e+01	3.191341e+00	-4.842112e-03	6.491676e-04	1.261308e+00	7.631033e-01	6.631961e-01	7.034353e-03	-3.248184e-01	1.887078e-03
43	7.200623e+04	5.437890e+01	3.272076e+00	-5.350363e-03	-5.651813e-04	1.268239e+00	7.607918e-01	6.641690e-01	6.555912e-03	-3.251358e-01	1.802503e-03
44	7.200628e+04	5.563035e+01	3.349349e+00	-5.471099e-03	4.185044e-04	1.275012e+00	7.576609e-01	6.642714e-01	5.749018e-03	-3.236692e-01	1.706801e-03
45	7.200623e+04	5.687693e+01	3.423848e+00	-5.392434e-03	-3.669385e-04	1.282075e+00	7.544647e-01	6.647614e-01	4.992389e-03	-3.236364e-01	1.618083e-03
46	7.200616e+04	5.812374e+01	3.496150e+00	-5.184717e-03	2.639024e-04	1.289234e+00	7.512351e-01	6.645461e-01	4.533207e-03	-3.223836e-01	1.548348e-03
47	7.200629e+04	5.937850e+01	3.566351e+00	-5.255437e-03	-2.341172e-04	1.296187e+00	7.475761e-01	6.644950e-01	4.848489e-03	-3.221142e-01	1.439306e-03
48	7.200624e+04	6.063251e+01	3.634137e+00	-6.122069e-03	1.437534e-04	1.302784e+00	7.436849e-01	6.640329e-01	5.497650e-03	-3.210557e-01	1.382263e-03
49	7.200613e+04	6.188033e+01	3.699999e+00	-6.866010e-03	-1.256011e-04	1.308548e+00	7.400577e-01	6.638450e-01	5.216821e-03	-3.206538e-01	1.310089e-03
50	7.200618e+04	6.312585e+01	3.764277e+00	-7.364581e-03	5.460457e-05	1.313730e+00	7.365117e-01	6.633399e-01	4.350204e-03	-3.197468e-01	1.278135e-03
51	7.200623e+04	6.437816e+01	3.826900e+00	-7.832814e-03	-3.683041e-05	1.318562e+00	7.326934e-01	6.629671e-01	3.312565e-03	-3.192396e-01	1.257198e-03
52	7.200641e+04	6.562878e+01	3.887775e+00	-8.516011e-03	-3.855256e-05	1.323102e+00	7.285227e-01	6.623897e-01	1.740971e-03	-3.184099e-01	1.203076e-03
53	7.200645e+04	6.687804e+01	3.946953e+00	-9.428356e-03	5.450125e-05	1.327048e+00	7.245349e-01	6.619177e-01	-6.289809e-05	-3.178485e-01	1.198888e-03
54	7.200638e+04	6.812241e+01	4.004827e+00	-1.075345e-02	-1.229826e-04	1.330404e+00	7.213152e-01	6.611452e-01	-1.973919e-03	-3.170280e-01	1.191288e-03
55	7.200641e+04	6.937644e+01	4.061293e+00	-1.202337e-02	1.407507e-04	1.333366e+00	7.185611e-01	6.605725e-01	-4.099067e-03	-3.163892e-01	1.228640e-03
56	7.200620e+04	7.063149e+01	4.116849e+00	-1.312936e-02	-2.226247e-04	1.335826e+00	7.158874e-01	6.596529e-01	-6.355730e-03	-3.155941e-01	1.263099e-03
57	7.200611e+04	7.188683e+01	4.170887e+00	-1.425218e-02	2.426575e-04	1.338044e+00	7.130253e-01	6.591709e-01	-8.394179e-03	-3.150459e-01	1.281637e-03
58	7.200577e+04	7.313303e+01	4.224971e+00	-1.556703e-02	-3.466634e-04	1.339993e+00	7.096491e-01	6.578202e-01	-9.744911e-03	-3.141837e-01	1.277422e-03
59	7.200567e+04	7.438279e+01	4.276303e+00	-1.677581e-02	3.525137e-04	1.341473e+00	7.058074e-01	6.572134e-01	-1.008329e-02	-3.138958e-01	1.229418e-03
60	7.200645e+04	7.563119e+01	4.328312e+00	-1.782841e-02	-4.575700e-04	1.342007e+00	7.018452e-01	6.538501e-01	-9.799887e-03	-3.127411e-01	1.228833e-03
61	7.200640e+04	7.687972e+01	4.375415e+00	-1.886239e-02	2.793257e-04	1.341486e+00	6.971178e-01	6.528696e-01	-9.432937e-03	-3.130496e-01	1.256357e-03
62	7.192341e+04	7.812876e+01	4.423285e+00	-1.962754e-02	-1.357384e-04	1.340092e+00	6.919327e-01	6.434266e-01	-9.366769e-03	-3.110676e-01	1.243703e-03
63	7.192336e+04	7.937658e+01	4.464127e+00	-1.990281e-02	-1.049781e-03	1.337502e+00	6.859778e-01	6.449796e-01	-9.450295e-03	-3.126343e-01	1.331056e-03
64	5.938323e+03	8.124992e+01	4.618156e+00	-9.542316e-03	-1.501093e-03	1.447180e+00	6.546512e-01	6.130574e-01	-3.637783e-02	-3.486075e-01	-9.774752e-03
65	1.380613e+05	8.125021e+01	4.519510e+00	-2.073069e-02	4.294419e-03	1.320840e+00	6.550357e-01	6.182872e-01	-7.910776e-03	-3.076316e-01	1.746531e-03
66	5.938596e+03	8.374989e+01	4.711908e+00	-9.144592e-03	-1.575478e-02	1.444244e+00	6.501353e-01	6.090176e-01	-3.605084e-02	-3.435681e-01	-9.571264e-03
67	1.380613e+05	8.374991e+01	4.608744e+00	-2.143847e-02	-4.672255e-03	1.320562e+00	6.512582e-01	6.155634e-01	-7.165687e-03	-3.050380e-01	2.001393e-03
68	5.938596e+03	8.624988e+01	4.803659e+00	-5.509300e-03	-1.095729e-02	1.437569e+00	6.457735e-01	6.061497e-01	-3.355095e-02	-3.427518e-01	-7.541534e-03
69	1.380611e+05	8.625053e+01	4.694906e+00	-2.128743e-02	4.508615e-03	1.316071e+00	6.495098e-01	6.132036e-01	-5.716928e-03	-3.057077e-01	2.061345e-03
70	5.938604e+03	8.874992e+01	4.892819e+00	-2.602447e-03	-2.265142e-02	1.430442e+00	6.450070e-01	6.069519e-01	-3.216573e-02	-3.395348e-01	-4.493862e-03
71	1.380611e+05	8.875024e+01	4.779526e+00	-2.109529e-02	-2.231999e-03	1.309445e+00	6.497561e-01	6.139386e-01	-4.539181e-03	-3.033279e-01	2.168307e-03
72	5.938596e+03	9.124983e+01	4.981286e+00	-1.090782e-03	-2.191869e-02	1.420348e+00	6.460573e-01	6.077158e-01	-3.621983e-02	-3.357037e-01	-4.764816e-04
73	1.380608e+05	9.125065e+01	4.861660e+00	-2.206388e-02	3.499576e-03	1.302424e+00	6.493152e-01	6.146529e-01	-4.992676e-03	-3.023491e-01	1.991481e-03
74	5.938597e+03	9.374982e+01	5.067008e+00	-2.727802e-04	-3.041842e-02	1.408482e+00	6.465608e-01	6.087558e-01	-3.942356e-02	-3.311092e-01	3.409997e-03
75	1.380609e+05	9.375040e+01	4.943110e+00	-2.334469e-02	-7.345743e-04	1.294627e+00	6.491504e-01	6.155258e-01	-5.007312e-03	-3.007527e-01	1.887906e-03
76	5.938597e+03	9.624988e+01	5.151020e+00	6.457932e-04	-3.068258e-02	1.397037e+00	6.447968e-01	6.084618e-01	-4.068043e-02	-3.234881e-01	5.922338e-03
77	1.380610e+05	9.625001e+01	5.024092e+00	-2.403450e-02	2.928602e-03	1.286033e+00	6.482224e-01	6.161779e-01	-3.364805e-03	-2.993181e-01	1.727160e-03
78	5.938597e+03	9.874988e+01	5.234238e+00	-1.547776e-04	-3.722990e-02	1.381761e+00	6.455150e-01	6.083380e-01	-4.169160e-02	-3.164807e-01	5.811485e-03
79	1.380610e+05	9.875027e+01	5.103992e+00	-2.483226e-02	3.017677e-04	1.277662e+00	6.493937e-01	6.165786e-01	1.032984e-03	-2.980771e-01	1.538097e-03
80	5.938604e+03	1.012499e+02	5.315560e+00	-7.644038e-04	-3.737051e-02	1.364305e+00	6.479493e-01	6.079326e-01	-4.426783e-02	-3.103230e-01	4.285228e-03
81	1.380610e+05	1.012506e+02	5.183202e+00	-2.573774e-02	2.631460e-03	1.269514e+00	6.504344e-01	6.168861e-01	3.725688e-03	-2.963730e-01	1.590727e-03
82	5.938597e+03	1.037499e+02	5.390272e+00	-4.315296e-04	-4.233861e-02	1.349515e+00	6.501209e-01	6.082246e-01	-4.308142e-02	-3.060184e-01	2.481624e-03
83	1.380610e+05	1.037509e+02	5.261551e+00	-2.602718e-02	9.765615e-04	1.260640e+00	6.502363e-01	6.174458e-01	6.673529e-03	-2.952100e-01	1.742427e-03
84	5.938597e+03	1.062499e+02	5.461297e+00	-6.904465e-04	-4.470591e-02	1.333081e+00	6.487523e-01	6.084305e-01	-3.685935e-02	-3.003928e-01	-9.104937e-05
85	1.380610e+05	1.062515e+02	5.338993e+00	-2.643679e-02	2.605252e-03	1.252806e+00	6.486542e-01	6.178847e-01	9.814719e-03	-2.935618e-01	1.873377e-03
86	5.938597e+03	1.087498e+02	5.531772e+00	-9.374128e-04	-5.004556e-02	1.316616e+00	6.464325e-01	6.091927e-01	-2.992839e-02	-2.976744e-01	-1.556410e-03
87	1.380610e+05	1.087514e+02	5.414937e+00	-2.632546e-02	1.570395e-03	1.244959e+00	6.464402e-01	6.186072e-01	1.270084e-02	-2.923141e-01	1.949814e-03
88	5.938597e+03	1.112498e+02	5.603858e+00	-2.023492e-03	-5.255985e-02	1.302384e+00	6.455388e-01	6.098752e-01	-2.440211e-02	-2.932864e-01	-2.014247e-03
89	1.380610e+05	1.112511e+02	5.488719e+00	-2.519890e-02	2.727998e-03	1.237546e+00	6.460400e-01	6.193051e-01	1.502583e-02	-2.907893e-01	1.958732e-03
90	5.938597e+03	1.137499e+02	5.680439e+00	-1.179709e-03	-5.804629e-02	1.286700e+00	6.454297e-01	6.100757e-01	-1.544523e-02	-2.887603e-01	-1.202556e-03
91	1.380611e+05	1.137510e+02	5.560495e+00	-2.378369e-02	2.081037e-03	1.230552e+00	6.455479e-01	6.202539e-01	1.658053e-02	-2.896132e-01	1.936860e-03
92	5.938603e+03	1.162499e+02	5.758022e+00	1.385309e-03	-6.294501e-02	1.269712e+00	6.448413e-01	6.091897e-01	-3.267109e-03	-2.825488e-01	3.534654e-04
93	1.380610e+05	1.162507e+02	5.632777e+00	-2.255767e-02	3.036683e-03	1.223265e+00	6.438479e-01	6.209660e-01	1.774670e-02	-2.879612e-01	1.868027e-03
94	5.938597e+03	1.187499e+02	5.830554e+00	4.361439e-03	-6.783272e-02	1.255805e+00	6.418480e-01	6.087595e-01	8.775965e-03	-2.783406e-01	1.634254e-03
95	1.380608e+05	1.187507e+02	5.703211e+00	-2.084832e-02	2.630074e-03	1.216883e+00	6.408289e-01	6.215385e-01	1.731074e-02	-2.867425e-01	1.829533e-03
96	5.938597e+03	1.212498e+02	5.901329e+00	4.734764e-03	-6.771930e-02	1.244495e+00	6.367047e-01	6.085601e-01	2.077339e-02	-2.742535e-01	2.442707e-03
97	1.380609e+05	1.212507e+02	5.770648e+00	-2.049343e-02	3.132779e-03	1.211215e+00	6.377944e-01	6.213922e-01	1.673228e-02	-2.852784e-01	1.646793e-03
98	5.938597e+03	1.237499e+02	5.970885e+00	1.836603e-03	-6.770289e-02	1.232993e+00	6.329066e-01	6.070090e-01	3.121488e-02	-2.706670e-01	2.564583e-03
99	1.380609e+05	1.237505e+02	5.836847e+00	-2.144616e-02	2.715253e-03	1.204214e+00	6.349523e-01	6.208465e-01	1.742393e-02	-2.840601e-01	1.638097e-03
100	5.938596e+03	1.262499e+02	6.036123e+00	-9.580339e-04	-6.659891e-02	1.225675e+00	6.312961e-01	6.054816e-01	4.285264e-02	-2.671663e-01	2.196905e-03
101	1.380609e+05	1.262508e+02	5.901913e+00	-2.384591e-02	3.028210e-03	1.198231e+00	6.323637e-01	6.199261e-01	1.806972e-02	-2.828653e-01	1.484629e-03
102	5.938604e+03	1.287500e+02	6.099936e+00	-4.935709e-03	-6.489431e-02	1.219641e+00	6.301024e-01	6.047780e-01	5.188062e-02	-2.635576e-01	1.643152e-03
103	1.380610e+05	1.287507e+02	5.965404e+00	-2.610859e-02	2.629210e-03	1.191959e+00	6.308554e-01	6.194292e-01	1.811480e-02	-2.817260e-01	1.632668e-03
104	5.938596e+03	1.312499e+02	6.165856e+00	-1.037452e-02	-6.298220e-02	1.212317e+00	6.281872e-01	6.050060e-01	5.853978e-02	-2.603115e-01	-1.287460e-04
105	1.380610e+05	1.312504e+02	6.029006e+00	-2.858038e-02	2.822428e-03	1.185224e+00	6.298053e-01	6.187820e-01	1.850528e-02	-2.805410e-01	1.625141e-03
106	5.938596e+03	1.337498e+02	6.230175e+00	-1.621325e-02	-6.170813e-02	1.205233e+00	6.274394e-01	6.055213e-01	6.505101e-02	-2.582120e-01	-1.499374e-03
107	1.380610e+05	1.337502e+02	6.093629e+00	-3.050085e-02	2.533587e-03	1.178419e+00	6.287909e-01	6.178861e-01	1.981289e-02	-2.790585e-01	1.845081e-03
108	5.938596e+03	1.362499e+02	6.295800e+00	-2.063903e-02	-5.900591e-02	1.193746e+00	6.294060e-01	6.048659e-01	7.289280e-02	-2.570142e-01	-2.457487e-03
109	1.380610e+05	1.362511e+02	6.158822e+00	-3.008393e-02	2.625588e-03	1.171307e+00	6.282553e-01	6.163703e-01	2.265481e-02	-2.777205e-01	1.877370e-03
110	5.938595e+03	1.387499e+02	6.361580e+00	-2.295898e-02	-5.585957e-02	1.180557e+00	6.305930e-01	6.035264e-01	7.753541e-02	-2.564025e-01	-2.987211e-03
111	1.380609e+05	1.387506e+02	6.223628e+00	-3.005035e-02	2.334685e-03	1.162892e+00	6.283965e-01	6.142033e-01	2.593573e-02	-2.760570e-01	1.866212e-03
112	5.938596e+03	1.412499e+02	6.427919e+00	-2.692329e-02	-5.223030e-02	1.169752e+00	6.295314e-01	6.014021e-01	8.213904e-02	-2.563366e-01	-4.364076e-03
113	1.380608e+05	1.412516e+02	6.288284e+00	-3.036939e-02	2.296426e-03	1.154548e+00	6.278937e-01	6.116206e-01	3.024917e-02	-2.745851e-01	1.544453e-03
114	5.938596e+03	1.437499e+02	6.493169e+00	-3.111426e-02	-4.962816e-02	1.158039e+00	6.306946e-01	5.997480e-01	8.382005e-02	-2.573652e-01	-5.114340e-03
115	1.380608e+05	1.437505e+02	6.352550e+00	-3.043990e-02	2.072989e-03	1.145999e+00	6.265875e-01	6.084304e-01	3.226939e-02	-2.728384e-01	1.116552e-03
116	5.938595e+03	1.462498e+02	6.561490e+00	-3.409317e-02	-4.651384e-02	1.145135e+00	6.331790e-01	5.983806e-01	8.237704e-02	-2.578576e-01	-5.825126e-03
117	1.380609e+05	1.462519e+02	6.417236e+00	-2.995682e-02	2.050181e-03	1.138067e+00	6.245283e-01	6.048914e-01	3.147222e-02	-2.708359e-01	8.341730e-04
118	5.938595e+03	1.487499e+02	6.633557e+00	-3.311512e-02	-4.345327e-02	1.132610e+00	6.326184e-01	5.967191e-01	8.074316e-02	-2.573301e-01	-5.117827e-03
119	1.380609e+05	1.487505e+02	6.481789e+00	-2.983199e-02	1.809978e-03	1.130047e+00	6.215687e-01	6.018379e-01	3.113379e-02	-2.686057e-01	4.597070e-04
120	5.938609e+03	1.512500e+02	6.707859e+00	-2.933770e-02	-4.164936e-02	1.122241e+00	6.312605e-01	5.945422e-01	8.069098e-02	-2.572003e-01	-3.802838e-03
121	1.380609e+05	1.512518e+02	6.546077e+00	-2.863384e-02	1.833317e-03	1.120992e+00	6.187052e-01	5.993428e-01	3.135564e-02	-2.662788e-01	2.524835e-04
122	5.938595e+03	1.537500e+02	6.784881e+00	-2.549999e-02	-4.151699e-02	1.113571e+00	6.272402e-01	5.921836e-01	8.003908e-02	-2.548584e-01	-3.042804e-03
123	1.380609e+05	1.537509e+02	6.610465e+00	-2.598897e-02	1.726765e-03	1.111671e+00	6.151365e-01	5.970947e-01	3.123141e-02	-2.634498e-01	1.363487e-04
124	5.938595e+03	1.562499e+02	6.863900e+00	-2.074276e-02	-4.235916e-02	1.109459e+00	6.213710e-01	5.890098e-01	7.545560e-02	-2.519937e-01	-1.991566e-03
125	1.380610e+05	1.562517e+02	6.675316e+00	-2.336242e-02	1.865018e-03	1.103186e+00	6.109059e-01	5.949540e-01	3.124254e-02	-2.605800e-01	1.265868e-04
126	5.938595e+03	1.587499e+02	6.945414e+00	-1.784396e-02	-4.465597e-02	1.104439e+00	6.156999e-01	5.854329e-01	7.239591e-02	-2.479840e-01	-1.764274e-03
127	1.380610e+05	1.587510e+02	6.739649e+00	-2.243068e-02	1.887968e-03	1.093553e+00	6.070906e-01	5.928764e-01	3.102333e-02	-2.574747e-01	-1.082305e-05
128	5.938594e+03	1.612499e+02	7.025388e+00	-1.571835e-02	-4.669329e-02	1.097212e+00	6.093683e-01	5.832237e-01	7.072581e-02	-2.463517e-01	-1.088200e-03
129	1.380610e+05	1.612512e+02	6.805488e+00	-2.176636e-02	2.022417e-03	1.083076e+00	6.028585e-01	5.906281e-01	2.975693e-02	-2.542216e-01	6.907339e-05
130	5.938594e+03	1.637500e+02	7.102924e+00	-1.094925e-02	-4.876084e-02	1.090125e+00	6.069256e-01	5.811508e-01	6.832089e-02	-2.440425e-01	-4.872493e-04
131	1.380610e+05	1.637513e+02	6.871745e+00	-2.020610e-02	2.078146e-03	1.071751e+00	5.996276e-01	5.882540e-01	2.708128e-02	-2.506176e-01	1.911276e-04
132	5.938594e+03	1.662499e+02	7.177705e+00	-5.294095e-03	-5.016068e-02	1.082343e+00	6.054625e-01	5.787385e-01	6.778582e-02	-2.426111e-01	-6.139617e-04
133	1.380611e+05	1.662511e+02	6.938137e+00	-1.765550e-02	2.160145e-03	1.058979e+00	5.975789e-01	5.855173e-01	2.522340e-02	-2.467048e-01	4.044616e-04
134	5.938594e+03	1.687499e+02	7.252974e+00	2.505513e-04	-5.093601e-02	1.072075e+00	6.021419e-01	5.761307e-01	6.443352e-02	-2.408091e-01	-1.230254e-03
135	1.380611e+05	1.687513e+02	7.004704e+00	-1.367029e-02	2.181259e-03	1.046850e+00	5.955249e-01	5.829487e-01	2.201349e-02	-2.426724e-01	4.667346e-04
136	5.938594e+03	1.712500e+02	7.328383e+00	4.506757e-03	-5.112914e-02	1.059967e+00	5.996974e-01	5.737256e-01	5.727417e-02	-2.375688e-01	-2.091351e-03
137	1.380610e+05	1.712507e+02	7.072436e+00	-9.906637e-03	2.181874e-03	1.034234e+00	5.937617e-01	5.805575e-01	1.795348e-02	-2.382927e-01	4.785760e-04
138	5.938594e+03	1.737499e+02	7.404647e+00	4.666669e-03	-5.097566e-02	1.045633e+00	5.971277e-01	5.704963e-01	5.363762e-02	-2.323357e-01	-2.496731e-03
139	1.380611e+05	1.737507e+02	7.139729e+00	-7.073142e-03	2.198091e-03	1.020533e+00	5.919854e-01	5.779503e-01	1.525829e-02	-2.337307e-01	1.455681e-04
140	5.938594e+03	1.762499e+02	7.480658e+00	3.395499e-03	-5.057050e-02	1.032017e+00	5.933793e-01	5.667698e-01	5.305460e-02	-2.289969e-01	-2.094456e-03
141	1.380610e+05	1.762502e+02	7.205022e+00	-4.577821e-03	2.165350e-03	1.006506e+00	5.893080e-01	5.752877e-01	1.305149e-02	-2.289189e-01	-1.758096e-04
142	5.938614e+03	1.787500e+02	7.554996e+00	3.915012e-03	-5.095480e-02	1.016937e+00	5.931957e-01	5.629948e-01	5.227445e-02	-2.243385e-01	-1.107439e-03
143	1.380611e+05	1.787504e+02	7.267721e+00	-1.940840e-03	2.183652e-03	9.916741e-01	5.880224e-01	5.726068e-01	1.093690e-02	-2.241339e-01	-1.013082e-03
144	5.938594e+03	1.812500e+02	7.626125e+00	7.231463e-03	-5.273096e-02	1.001463e+00	5.948089e-01	5.589091e-01	5.201958e-02	-2.201091e-01	4.681713e-04
145	1.380611e+05	1.812503e+02	7.327493e+00	7.301469e-04	2.277744e-03	9.768119e-01	5.872815e-01	5.698323e-01	1.068624e-02	-2.193671e-01	-1.775817e-03
146	5.938594e+03	1.837500e+02	7.697534e+00	1.345639e-02	-5.534847e-02	9.830491e-01	5.929525e-01	5.550978e-01	5.220344e-02	-2.151334e-01	1.935656e-03
147	1.380611e+05	1.837513e+02	7.385133e+00	4.578665e-03	2.374519e-03	9.617891e-01	5.853071e-01	5.672179e-01	1.171086e-02	-2.145065e-01	-2.555456e-03
148	5.938595e+03	1.862500e+02	7.768450e+00	2.000473e-02	-5.867341e-02	9.654304e-01	5.891299e-01	5.520281e-01	5.522755e-02	-2.097892e-01	3.028163e-03
149	1.380611e+05	1.862505e+02	7.440731e+00	8.913384e-03	2.528316e-03	9.456688e-01	5.828693e-01	5.649473e-01	1.397710e-02	-2.094194e-01	-3.361888e-03
150	5.938595e+03	1.887500e+02	7.838974e+00	2.314380e-02	-6.260258e-02	9.459978e-01	5.843282e-01	5.491631e-01	5.691818e-02	-2.031677e-01	3.654902e-03
151	1.380611e+05	1.887512e+02	7.496176e+00	1.124710e-02	2.681813e-03	9.292824e-01	5.798555e-01	5.625767e-01	1.709829e-02	-2.041539e-01	-4.195697e-03
152	5.938595e+03	1.912500e+02	7.908649e+00	2.463100e-02	-6.649770e-02	9.283187e-01	5.778126e-01	5.462278e-01	5.556430e-02	-1.964748e-01	3.541968e-03
153	1.380612e+05	1.912511e+02	7.551720e+00	1.236438e-02	2.868073e-03	9.145411e-01	5.755245e-01	5.600761e-01	1.858617e-02	-1.987750e-01	-4.998266e-03
154	5.938595e+03	1.937498e+02	7.977784e+00	2.619774e-02	-7.028740e-02	9.128187e-01	5.696419e-01	5.418698e-01	5.211135e-02	-1.890136e-01	3.687026e-03
155	1.380612e+05	1.937506e+02	7.606720e+00	1.415312e-02	3.006212e-03	9.008797e-01	5.712709e-01	5.570325e-01	1.687892e-02	-1.934549e-01	-5.358132e-03
156	5.938595e+03	1.962500e+02	8.044271e+00	2.448327e-02	-7.400320e-02	8.956733e-01	5.628148e-01	5.380018e-01	4.844585e-02	-1.821448e-01	2.916337e-03
157	1.380611e+05	1.962514e+02	7.659829e+00	1.580232e-02	3.200734e-03	8.878446e-01	5.677770e-01	5.537748e-01	1.533319e-02	-1.881322e-01	-5.893572e-03
158	5.938595e+03	1.987499e+02	8.109310e+00	2.136757e-02	-7.854872e-02	8.790841e-01	5.577180e-01	5.344775e-01	4.414921e-02	-1.769932e-01	1.719006e-03
159	1.380611e+05	1.987498e+02	7.712244e+00	1.633112e-02	3.352832e-03	8.760309e-01	5.654951e-01	5.504182e-01	1.366126e-02	-1.828342e-01	-6.250893e-03
160	5.938595e+03	2.012500e+02	8.174284e+00	2.160940e-02	-8.085477e-02	8.645904e-01	5.543367e-01	5.320443e-01	4.100725e-02	-1.738377e-01	1.155170e-04
161	1.380611e+05	2.012525e+02	7.765149e+00	1.785024e-02	3.499074e-03	8.645567e-01	5.643997e-01	5.473497e-01	1.268765e-02	-1.776257e-01	-6.469870e-03
162	5.938595e+03	2.037500e+02	8.235749e+00	2.363508e-02	-8.281744e-02	8.482824e-01	5.529305e-01	5.292760e-01	4.001024e-02	-1.720417e-01	-2.638389e-03
163	1.380612e+05	2.037489e+02	7.816864e+00	2.028077e-02	3.535582e-03	8.529794e-01	5.627838e-01	5.443872e-01	1.299821e-02	-1.726429e-01	-6.534460e-03
164	5.938609e+03	2.062500e+02	8.290278e+00	2.411113e-02	-8.439939e-02	8.334494e-01	5.515639e-01	5.270006e-01	4.243023e-02	-1.706589e-01	-5.687420e-03
165	1.380613e+05	2.062519e+02	7.866132e+00	2.260844e-02	3.650945e-03	8.429690e-01	5.596043e-01	5.419266e-01	1.428291e-02	-1.679447e-01	-6.687825e-03
166	5.938595e+03	2.087499e+02	8.341783e+00	2.228548e-02	-8.593307e-02	8.198087e-01	5.478284e-01	5.250672e-01	4.625600e-02	-1.686613e-01	-8.408081e-03
167	1.380613e+05	2.087485e+02	7.913050e+00	2.395716e-02	3.661827e-03	8.332061e-01	5.562289e-01	5.396625e-01	1.512732e-02	-1.637790e-01	-6.802419e-03
168	5.938595e+03	2.112497e+02	8.391002e+00	1.940327e-02	-8.623359e-02	8.075566e-01	5.453677e-01	5.227260e-01	4.823426e-02	-1.665120e-01	-1.048657e-02
169	1.380613e+05	2.112510e+02	7.958893e+00	2.511301e-02	3.729416e-03	8.235552e-01	5.535803e-01	5.373816e-01	1.488869e-02	-1.599683e-01	-6.934022e-03
170	5.938594e+03	2.137500e+02	8.439907e+00	1.631044e-02	-8.783046e-02	7.938588e-01	5.433547e-01	5.191530e-01	4.664275e-02	-1.638760e-01	-1.243517e-02
171	1.380613e+05	2.137484e+02	8.005931e+00	2.706902e-02	3.753019e-03	8.132098e-01	5.527130e-01	5.348322e-01	1.351141e-02	-1.565280e-01	-7.063750e-03
172	5.938594e+03	2.162500e+02	8.489784e+00	1.621346e-02	-8.924480e-02	7.785635e-01	5.386198e-01	5.146425e-01	4.283989e-02	-1.610473e-01	-1.422543e-02
173	1.380613e+05	2.162503e+02	8.053844e+00	2.998656e-02	3.857864e-03	8.027098e-01	5.513939e-01	5.319098e-01	1.146333e-02	-1.530305e-01	-6.737822e-03
174	5.938593e+03	2.187500e+02	8.541572e+00	1.759612e-02	-9.082791e-02	7.645185e-01	5.347440e-01	5.102988e-01	3.846676e-02	-1.580162e-01	-1.497182e-02
175	1.380612e+05	2.187495e+02	8.100611e+00	3.226427e-02	3.883177e-03	7.934192e-01	5.485066e-01	5.286512e-01	1.040426e-02	-1.500407e-01	-6.527736e-03
176	5.938594e+03	2.212499e+02	8.593438e+00	1.777475e-02	-9.197502e-02	7.520812e-01	5.302659e-01	5.061653e-01	3.469244e-02	-1.547415e-01	-1.458403e-02
177	1.380612e+05	2.212503e+02	8.147171e+00	3.290586e-02	3.965826e-03	7.844455e-01	5.449562e-01	5.252230e-01	1.098476e-02	-1.471962e-01	-6.214531e-03
178	5.938593e+03	2.237500e+02	8.645822e+00	1.670350e-02	-9.259909e-02	7.398638e-01	5.247841e-01	5.021529e-01	3.349163e-02	-1.503217e-01	-1.419982e-02
179	1.380612e+05	2.237503e+02	8.194872e+00	3.275691e-02	3.971292e-03	7.760829e-01	5.413739e-01	5.217856e-01	1.255599e-02	-1.446771e-01	-5.908752e-03
180	5.938594e+03	2.262500e+02	8.697960e+00	1.724896e-02	-9.211203e-02	7.290840e-01	5.175862e-01	4.972721e-01	3.239939e-02	-1.450289e-01	-1.294368e-02
181	1.380614e+05	2.262497e+02	8.243271e+00	3.326729e-02	3.994795e-03	7.685580e-01	5.368510e-01	5.183734e-01	1.360370e-02	-1.422323e-01	-5.513452e-03
182	5.938594e+03	2.287500e+02	8.746893e+00	1.883796e-02	-9.103706e-02	7.221470e-01	5.102704e-01	4.930585e-01	3.187418e-02	-1.411368e-01	-1.204035e-02
183	1.380617e+05	2.287503e+02	8.291791e+00	3.424240e-02	3.879742e-03	7.620990e-01	5.315607e-01	5.152578e-01	1.452900e-02	-1.398225e-01	-5.227092e-03
184	5.938593e+03	2.312500e+02	8.796656e+00	1.928882e-02	-8.900870e-02	7.180729e-01	5.065771e-01	4.902297e-01	3.126764e-02	-1.381839e-01	-1.151024e-02
185	1.380617e+05	2.312492e+02	8.341391e+00	3.463259e-02	3.852292e-03	7.568260e-01	5.261819e-01	5.121618e-01	1.431604e-02	-1.375627e-01	-4.851167e-03
186	5.938612e+03	2.337500e+02	8.847847e+00	2.070953e-02	-8.668643e-02	7.143089e-01	5.048194e-01	4.883647e-01	2.777888e-02	-1.355642e-01	-1.134930e-02
187	1.380617e+05	2.337504e+02	8.391733e+00	3.551207e-02	3.709548e-03	7.525092e-01	5.226656e-01	5.090426e-01	1.299961e-02	-1.353006e-01	-4.564231e-03
188	5.938593e+03	2.362501e+02	8.897756e+00	2.479279e-02	-8.367622e-02	7.086350e-01	5.030714e-01	4.866133e-01	2.250258e-02	-1.326864e-01	-1.029947e-02
189	1.380616e+05	2.362493e+02	8.441331e+00	3.704304e-02	3.618866e-03	7.489982e-01	5.204492e-01	5.057110e-01	1.201246e-02	-1.330741e-01	-4.235005e-03
190	5.938593e+03	2.387501e+02	8.946620e+00	3.007633e-02	-8.106370e-02	7.033322e-01	5.018414e-01	4.845007e-01	1.769824e-02	-1.292931e-01	-9.248614e-03
191	1.380617e+05	2.387489e+02	8.490735e+00	3.692093e-02	3.454312e-03	7.461913e-01	5.188437e-01	5.024198e-01	1.102704e-02	-1.308467e-01	-3.922764e-03
192	5.938593e+03	2.412500e+02	8.992509e+00	3.459845e-02	-7.874473e-02	6.980811e-01	4.994576e-01	4.824388e-01	1.373393e-02	-1.266762e-01	-9.330243e-03
193	1.380616e+05	2.412493e+02	8.539767e+00	3.570738e-02	3.409336e-03	7.431691e-01	5.157762e-01	4.992917e-01	9.735967e-03	-1.287413e-01	-3.407120e-03
194	5.938593e+03	2.437500e+02	9.039535e+00	3.906663e-02	-7.674623e-02	6.912310e-01	4.947581e-01	4.799430e-01	1.147121e-02	-1.232446e-01	-9.416705e-03
195	1.380614e+05	2.437498e+02	8.588092e+00	3.472033e-02	3.278774e-03	7.392442e-01	5.111946e-01	4.963900e-01	9.311826e-03	-1.266221e-01	-3.110770e-03
196	5.938590e+03	2.462502e+02	9.086459e+00	4.182103e-02	-7.524036e-02	6.846667e-01	4.887030e-01	4.765049e-01	1.208073e-02	-1.195760e-01	-9.761719e-03
197	1.380613e+05	2.462488e+02	8.636287e+00	3.470611e-02	3.263349e-03	7.349321e-01	5.065171e-01	4.936080e-01	1.003983e-02	-1.245936e-01	-2.630088e-03
198	5.938590e+03	2.487501e+02	9.130653e+00	4.224245e-02	-7.534424e-02	6.783241e-01	4.833192e-01	4.721547e-01	1.321219e-02	-1.160860e-01	-1.020415e-02
199	1.380609e+05	2.487514e+02	8.683553e+00	3.565497e-02	3.203287e-03	7.317063e-01	5.014721e-01	4.910916e-01	1.011158e-02	-1.227071e-01	-2.175893e-03
200	5.938590e+03	2.512502e+02	9.172187e+00	4.117972e-02	-7.570063e-02	6.703392e-01	4.783052e-01	4.677581e-01	1.618714e-02	-1.130988e-01	-9.810655e-03
201	1.380608e+05	2.512509e+02	8.730636e+00	3.706871e-02	3.295768e-03	7.288299e-01	4.961243e-01	4.885533e-01	1.094765e-02	-1.208427e-01	-1.792533e-03
202	5.938590e+03	2.537502e+02	9.215438e+00	3.900497e-02	-7.677071e-02	6.622784e-01	4.742770e-01	4.634741e-01	1.965775e-02	-1.103425e-01	-9.823351e-03
203	1.380604e+05	2.537523e+02	8.776271e+00	3.800170e-02	3.261166e-03	7.258831e-01	4.923280e-01	4.860509e-01	1.246726e-02	-1.187602e-01	-1.618431e-03
204	5.938609e+03	2.562502e+02	9.260137e+00	3.794822e-02	-7.666555e-02	6.546344e-01	4.705473e-01	4.597846e-01	2.168048e-02	-1.072402e-01	-9.807563e-03
205	1.380602e+05	2.562509e+02	8.820718e+00	3.838646e-02	3.334194e-03	7.225022e-01	4.899200e-01	4.835911e-01	1.422610e-02	-1.166044e-01	-1.336694e-03
206	5.938592e+03	2.587503e+02	9.306068e+00	3.805730e-02	-7.739586e-02	6.480881e-01	4.671076e-01	4.557233e-01	2.213403e-02	-1.038526e-01	-9.297329e-03
207	1.380604e+05	2.587500e+02	8.864992e+00	3.908186e-02	3.300369e-03	7.187773e-01	4.881306e-01	4.810517e-01	1.610265e-02	-1.145738e-01	-1.329808e-03
208	5.938592e+03	2.612499e+02	9.350204e+00	3.745156e-02	-7.922065e-02	6.422005e-01	4.651926e-01	4.513104e-01	2.244436e-02	-1.003110e-01	-8.657541e-03
209	1.380605e+05	2.612502e+02	8.908493e+00	3.957456e-02	3.445301e-03	7.143771e-01	4.880895e-01	4.788590e-01	1.822305e-02	-1.125894e-01	-1.387979e-03
210	5.938592e+03	2.637501e+02	9.392847e+00	3.885039e-02	-8.215304e-02	6.353355e-01	4.636691e-01	4.470104e-01	2.319246e-02	-9.652829e-02	-7.798473e-03
211	1.380606e+05	2.637532e+02	8.951260e+00	3.923220e-02	3.485418e-03	7.100357e-01	4.879392e-01	4.768312e-01	1.925998e-02	-1.105452e-01	-1.531955e-03
212	5.938591e+03	2.662501e+02	9.433735e+00	4.163054e-02	-8.493680e-02	6.279911e-01	4.621221e-01	4.425071e-01	2.381885e-02	-9.286699e-02	-6.972883e-03
213	1.380606e+05	2.662517e+02	8.993066e+00	3.811095e-02	3.702980e-03	7.067255e-01	4.871010e-01	4.746918e-01	1.907801e-02	-1.086266e-01	-1.635175e-03
214	5.938591e+03	2.687502e+02	9.475175e+00	4.380767e-02	-8.800483e-02	6.230108e-01	4.623001e-01	4.382732e-01	2.193831e-02	-9.010982e-02	-5.636127e-03
215	1.380606e+05	2.687522e+02	9.034200e+00	3.729281e-02	3.730610e-03	7.032382e-01	4.856445e-01	4.724086e-01	1.730518e-02	-1.067339e-01	-1.722863e-03
216	5.938592e+03	2.712501e+02	9.516011e+00	4.480258e-02	-8.978709e-02	6.212537e-01	4.628208e-01	4.346826e-01	1.955348e-02	-8.835480e-02	-3.692031e-03
217	1.380608e+05	2.712499e+02	9.075074e+00	3.685012e-02	3.916865e-03	6.999549e-01	4.842523e-01	4.701148e-01	1.573770e-02	-1.048674e-01	-1.592036e-03
218	5.938591e+03	2.737502e+02	9.553595e+00	4.513385e-02	-9.002087e-02	6.178966e-01	4.635546e-01	4.319515e-01	1.759583e-02	-8.798628e-02	-2.453898e-03
219	1.380608e+05	2.737520e+02	9.116828e+00	3.706034e-02	3.808519e-03	6.972256e-01	4.830087e-01	4.677104e-01	1.453731e-02	-1.032765e-01	-1.423353e-03
220	5.938591e+03	2.762502e+02	9.591579e+00	4.519206e-02	-9.015772e-02	6.126871e-01	4.648149e-01	4.283736e-01	1.652957e-02	-8.735267e-02	-1.682059e-03
221	1.380609e+05	2.762510e+02	9.158609e+00	3.766899e-02	3.943558e-03	6.942459e-01	4.826868e-01	4.648809e-01	1.380415e-02	-1.018929e-01	-1.226035e-03
222	5.938592e+03	2.787501e+02	9.629032e+00	4.505579e-02	-9.060912e-02	6.077188e-01	4.630840e-01	4.245749e-01	1.629125e-02	-8.664677e-02	-5.687791e-04
223	1.380609e+05	2.787518e+02	9.199845e+00	3.784405e-02	3.831729e-03	6.912658e-01	4.820081e-01	4.620481e-01	1.338399e-02	-1.007565e-01	-1.080172e-03
224	5.938593e+03	2.812499e+02	9.665698e+00	4.331242e-02	-9.060647e-02	6.044539e-01	4.606367e-01	4.207428e-01	1.714833e-02	-8.538558e-02	5.321063e-04
225	1.380609e+05	2.812503e+02	9.240165e+00	3.592791e-02	3.954154e-03	6.882402e-01	4.806969e-01	4.591704e-01	1.405279e-02	-9.980663e-02	-9.651267e-04
226	5.938593e+03	2.837501e+02	9.700772e+00	3.961193e-02	-9.108187e-02	6.023657e-01	4.592284e-01	4.163936e-01	1.932849e-02	-8.445947e-02	1.379334e-03
227	1.380609e+05	2.837511e+02	9.279193e+00	3.100373e-02	3.865360e-03	6.854957e-01	4.792743e-01	4.561116e-01	1.547410e-02	-9.924699e-02	-9.044404e-04
228	5.938592e+03	2.862500e+02	9.735711e+00	3.514537e-02	-9.076536e-02	6.006554e-01	4.586222e-01	4.131058e-01	2.153320e-02	-8.340473e-02	2.126584e-03
229	1.380610e+05	2.862509e+02	9.317757e+00	2.469878e-02	3.962887e-03	6.826704e-01	4.781367e-01	4.530184e-01	1.682572e-02	-9.857989e-02	-9.105367e-04
230	5.938592e+03	2.887500e+02	9.770519e+00	2.977319e-02	-9.010201e-02	6.002974e-01	4.589046e-01	4.105720e-01	2.371000e-02	-8.259254e-02	2.590536e-03
231	1.380610e+05	2.887527e+02	9.357447e+00	1.827537e-02	3.822689e-03	6.789485e-01	4.775905e-01	4.503594e-01	1.757330e-02	-9.806871e-02	-9.739868e-04
232	5.938592e+03	2.912500e+02	9.804940e+00	2.333676e-02	-8.818776e-02	5.979164e-01	4.561322e-01	4.082874e-01	2.581036e-02	-8.258442e-02	2.844488e-03
233	1.380611e+05	2.912509e+02	9.397837e+00	1.176073e-02	3.851093e-03	6.740875e-01	4.772453e-01	4.482682e-01	1.812092e-02	-9.778944e-02	-8.672421e-04
234	5.938592e+03	2.937501e+02	9.838284e+00	1.659480e-02	-8.675978e-02	5.947413e-01	4.509403e-01	4.066463e-01	2.628094e-02	-8.231845e-02	3.089297e-03
235	1.380612e+05	2.937516e+02	9.439153e+00	7.206237e-03	3.658889e-03	6.678737e-01	4.766443e-01	4.471411e-01	1.747577e-02	-9.774633e-02	-7.884796e-04
236	5.938592e+03	2.962502e+02	9.871322e+00	1.148270e-02	-8.493371e-02	5.917739e-01	4.477394e-01	4.057750e-01	2.517473e-02	-8.215510e-02	3.219413e-03
237	1.380612e+05	2.962488e+02	9.482222e+00	3.978690e-03	3.693231e-03	6.619442e-01	4.770276e-01	4.465082e-01	1.616084e-02	-9.802376e-02	-7.570882e-04
238	5.938592e+03	2.987500e+02	9.905244e+00	6.429056e-03	-8.353137e-02	5.888199e-01	4.476757e-01	4.054483e-01	2.407602e-02	-8.201520e-02	3.238395e-03
239	1.380612e+05	2.987515e+02	9.525785e+00	-7.053862e-05	3.555514e-03	6.570029e-01	4.783263e-01	4.460883e-01	1.490720e-02	-9.854612e-02	-8.412367e-04
240	5.938592e+03	3.012502e+02	9.939923e+00	1.505038e-03	-8.117118e-02	5.847608e-01	4.469647e-01	4.060279e-01	2.249306e-02	-8.200676e-02	3.765187e-03
241	1.380612e+05	3.012519e+02	9.569296e+00	-5.276370e-03	3.527193e-03	6.529530e-01	4.793434e-01	4.460957e-01	1.356208e-02	-9.910116e-02	-9.327503e-04
242	5.938634e+03	3.037501e+02	9.974735e+00	-3.201059e-03	-7.812349e-02	5.821766e-01	4.463172e-01	4.072125e-01	2.216343e-02	-8.199070e-02	4.356088e-03
243	1.380612e+05	3.037509e+02	9.614026e+00	-1.082342e-02	3.306967e-03	6.492800e-01	4.791421e-01	4.465704e-01	1.310109e-02	-9.960873e-02	-1.052729e-03
244	5.938592e+03	3.062501e+02	1.001027e+01	-7.876283e-03	-7.554981e-02	5.808372e-01	4.458446e-01	4.086905e-01	2.324902e-02	-8.199216e-02	4.964238e-03
245	1.380612e+05	3.062515e+02	9.660037e+00	-1.689423e-02	3.290759e-03	6.463458e-01	4.770255e-01	4.469825e-01	1.398459e-02	-1.001035e-01	-9.692680e-04
246	5.938591e+03	3.087501e+02	1.004683e+01	-1.385167e-02	-7.327825e-02	5.800895e-01	4.448071e-01	4.094799e-01	2.512302e-02	-8.142203e-02	5.420583e-03
247	1.380612e+05	3.087502e+02	9.705542e+00	-2.393936e-02	3.122058e-03	6.440665e-01	4.735624e-01	4.470237e-01	1.568535e-02	-1.005308e-01	-7.836560e-04
248	5.938592e+03	3.112502e+02	1.008342e+01	-1.975060e-02	-7.134974e-02	5.807905e-01	4.431193e-01	4.103573e-01	2.721597e-02	-8.040680e-02	5.736152e-03
249	1.380612e+05	3.112521e+02	9.752272e+00	-3.137170e-02	3.094768e-03	6.425043e-01	4.700535e-01	4.465849e-01	1.711765e-02	-1.008691e-01	-5.417150e-04
250	5.938592e+03	3.137501e+02	1.011932e+01	-2.547010e-02	-6.985258e-02	5.815877e-01	4.401149e-01	4.101885e-01	2.861889e-02	-7.945108e-02	5.929100e-03
251	1.380611e+05	3.137506e+02	9.798884e+00	-3.897523e-02	3.005421e-03	6.420055e-01	4.675748e-01	4.459491e-01	1.815597e-02	-1.009288e-01	-4.427380e-04
252	5.938592e+03	3.162502e+02	1.015692e+01	-3.183340e-02	-6.768024e-02	5.820529e-01	4.379146e-01	4.102435e-01	2.925836e-02	-7.900414e-02	6.519119e-03
253	1.380612e+05	3.162525e+02	9.844123e+00	-4.623731e-02	2.905175e-03	6.428621e-01	4.655066e-01	4.451486e-01	1.826114e-02	-1.008116e-01	-3.597133e-04
254	5.938592e+03	3.187502e+02	1.019345e+01	-3.840741e-02	-6.525800e-02	5.839648e-01	4.379837e-01	4.099259e-01	2.791884e-02	-7.834936e-02	6.979252e-03
255	1.380612e+05	3.187487e+02	9.887337e+00	-5.209734e-02	2.812207e-03	6.451669e-01	4.632308e-01	4.439526e-01	1.707399e-02	-1.005733e-01	-2.345660e-04
256	5.938592e+03	3.212503e+02	1.022851e+01	-4.469554e-02	-6.196782e-02	5.876691e-01	4.367747e-01	4.095643e-01	2.642215e-02	-7.771812e-02	6.843027e-03
257	1.380612e+05	3.212524e+02	9.927839e+00	-5.671415e-02	2.653282e-03	6.477683e-01	4.609591e-01	4.422475e-01	1.500638e-02	-1.003467e-01	-6.815281e-05
258	5.938592e+03	3.237500e+02	1.026282e+01	-5.185519e-02	-5.929630e-02	5.941737e-01	4.343342e-01	4.078256e-01	2.609189e-02	-7.676095e-02	6.090409e-03
259	1.380612e+05	3.237514e+02	9.969934e+00	-6.101927e-02	2.559322e-03	6.491806e-01	4.590108e-01	4.400597e-01	1.270061e-02	-1.000185e-01	-1.359372e-04
260	5.938592e+03	3.262500e+02	1.029629e+01	-6.085956e-02	-5.731764e-02	6.017218e-01	4.324498e-01	4.050800e-01	2.637179e-02	-7.643021e-02	4.734974e-03
261	1.380612e+05	3.262539e+02	1.001398e+01	-6.417716e-02	2.462023e-03	6.504949e-01	4.574607e-01	4.370346e-01	1.094775e-02	-9.975359e-02	-3.641253e-04
262	5.938592e+03	3.287502e+02	1.033003e+01	-7.048229e-02	-5.677136e-02	6.106215e-01	4.311318e-01	4.008176e-01	2.716726e-02	-7.616854e-02	3.072507e-03
263	1.380611e+05	3.287492e+02	1.006006e+01	-6.767227e-02	2.441447e-03	6.522153e-01	4.558928e-01	4.337350e-01	1.049651e-02	-9.932579e-02	-8.505158e-04
264	5.938592e+03	3.312499e+02	1.036472e+01	-7.688402e-02	-5.705040e-02	6.193315e-01	4.296266e-01	3.965198e-01	2.691471e-02	-7.688848e-02	2.204999e-03
265	1.380611e+05	3.312509e+02	1.010825e+01	-7.111809e-02	2.444023e-03	6.546967e-01	4.540556e-01	4.303989e-01	9.844909e-03	-9.892431e-02	-1.223328e-03
266	5.938593e+03	3.337501e+02	1.040125e+01	-7.952743e-02	-5.627613e-02	6.228281e-01	4.276311e-01	3.922278e-01	2.576005e-02	-7.736070e-02	2.147419e-03
267	1.380610e+05	3.337522e+02	1.015903e+01	-7.464976e-02	2.426984e-03	6.563521e-01	4.518749e-01	4.273131e-01	8.221219e-03	-9.847972e-02	-1.569984e-03
268	5.938592e+03	3.362501e+02	1.043928e+01	-8.337458e-02	-5.511640e-02	6.248431e-01	4.255678e-01	3.885424e-01	2.612362e-02	-7.771111e-02	1.984162e-03
269	1.380608e+05	3.362543e+02	1.020948e+01	-7.921543e-02	2.369116e-03	6.570451e-01	4.492666e-01	4.242439e-01	6.511904e-03	-9.798250e-02	-1.900300e-03
270	5.938593e+03	3.387501e+02	1.047674e+01	-8.740492e-02	-5.303809e-02	6.266122e-01	4.231332e-01	3.855993e-01	2.848445e-02	-7.762634e-02	1.652189e-03
271	1.380606e+05	3.387507e+02	1.025767e+01	-8.346760e-02	2.280450e-03	6.572270e-01	4.460538e-01	4.213146e-01	5.656130e-03	-9.735269e-02	-2.226400e-03
272	5.938592e+03	3.412500e+02	1.051496e+01	-9.081463e-02	-5.044124e-02	6.294310e-01	4.211714e-01	3.822046e-01	3.141503e-02	-7.730862e-02	1.063337e-03
273	1.380605e+05	3.412509e+02	1.030454e+01	-8.677505e-02	2.169982e-03	6.568868e-01	4.424194e-01	4.180379e-01	6.205419e-03	-9.664951e-02	-2.450874e-03
274	5.938591e+03	3.437503e+02	1.055522e+01	-9.328198e-02	-4.771091e-02	6.314682e-01	4.189166e-01	3.783432e-01	3.510109e-02	-7.685921e-02	7.682039e-04
275	1.380605e+05	3.437544e+02	1.035207e+01	-8.821741e-02	2.045599e-03	6.561068e-01	4.377168e-01	4.146540e-01	7.923809e-03	-9.577306e-02	-2.692647e-03
276	5.938592e+03	3.462502e+02	1.059422e+01	-9.531991e-02	-4.469595e-02	6.306254e-01	4.155404e-01	3.744318e-01	3.689715e-02	-7.688074e-02	1.097281e-03
277	1.380604e+05	3.462555e+02	1.039965e+01	-8.959714e-02	1.923856e-03	6.544256e-01	4.329111e-01	4.109628e-01	8.770837e-03	-9.483774e-02	-2.769775e-03
278	5.938592e+03	3.487503e+02	1.063142e+01	-9.527546e-02	-4.187026e-02	6.274783e-01	4.101448e-01	3.706189e-01	3.780824e-02	-7.675108e-02	1.394025e-03
279	1.380605e+05	3.487531e+02	1.044626e+01	-8.996944e-02	1.814442e-03	6.510369e-01	4.268292e-01	4.068212e-01	9.137771e-03	-9.360220e-02	-2.739876e-03
280	5.938591e+03	3.512501e+02	1.067066e+01	-9.617219e-02	-3.983046e-02	6.241748e-01	4.059680e-01	3.675785e-01	3.946347e-02	-7.647657e-02	1.269232e-03
281	1.380606e+05	3.512485e+02	1.049195e+01	-9.050886e-02	1.694984e-03	6.476602e-01	4.214022e-01	4.028038e-01	1.073082e-02	-9.228668e-02	-2.701661e-03
282	5.938592e+03	3.537502e+02	1.071019e+01	-9.914175e-02	-3.778116e-02	6.225131e-01	4.044949e-01	3.654071e-01	4.183085e-02	-7.563125e-02	8.974003e-04
283	1.380606e+05	3.537528e+02	1.053645e+01	-9.089496e-02	1.645513e-03	6.446894e-01	4.183026e-01	3.987660e-01	1.293118e-02	-9.079298e-02	-2.599160e-03
284	5.938592e+03	3.562502e+02	1.075001e+01	-1.025978e-01	-3.538756e-02	6.199629e-01	4.026813e-01	3.636508e-01	4.321465e-02	-7.443329e-02	4.049529e-04
285	1.380606e+05	3.562535e+02	1.058030e+01	-9.143890e-02	1.504635e-03	6.411751e-01	4.159089e-01	3.948677e-01	1.468326e-02	-8.940381e-02	-2.525538e-03
286	5.938626e+03	3.587500e+02	1.078720e+01	-1.056018e-01	-3.434464e-02	6.182649e-01	4.008432e-01	3.611409e-01	4.407234e-02	-7.343113e-02	-3.419945e-04
287	1.380607e+05	3.587545e+02	1.062337e+01	-9.184453e-02	1.489574e-03	6.373622e-01	4.142691e-01	3.911499e-01	1.584014e-02	-8.788371e-02	-2.273191e-03
288	5.938592e+03	3.612502e+02	1.082593e+01	-1.082147e-01	-3.372609e-02	6.168956e-01	4.003731e-01	3.584665e-01	4.515109e-02	-7.192604e-02	-7.625478e-04
289	1.380607e+05	3.612486e+02	1.066671e+01	-9.204254e-02	1.440395e-03	6.324220e-01	4.140881e-01	3.876202e-01	1.617635e-02	-8.629416e-02	-2.056245e-03
290	5.938592e+03	3.637501e+02	1.086519e+01	-1.095117e-01	-3.287112e-02	6.127414e-01	3.994709e-01	3.566601e-01	4.407028e-02	-7.096429e-02	-1.102660e-03
291	1.380607e+05	3.637521e+02	1.071007e+01	-9.166278e-02	1.429065e-03	6.254892e-01	4.136832e-01	3.840422e-01	1.544689e-02	-8.466255e-02	-1.825332e-03
292	5.938592e+03	3.662503e+02	1.090498e+01	-1.068038e-01	-3.209525e-02	6.049315e-01	3.970450e-01	3.552810e-01	4.199867e-02	-7.018425e-02	-1.587118e-03
293	1.380607e+05	3.662535e+02	1.075389e+01	-8.965042e-02	1.366419e-03	6.171610e-01	4.115307e-01	3.803216e-01	1.369271e-02	-8.302584e-02	-1.670109e-03
294	5.938592e+03	3.687502e+02	1.094368e+01	-1.020718e-01	-3.119886e-02	5.955231e-01	3.933403e-01	3.535584e-01	3.741240e-02	-6.996517e-02	-1.717607e-03
295	1.380608e+05	3.687544e+02	1.079642e+01	-8.631541e-02	1.350140e-03	6.079757e-01	4.076882e-01	3.762231e-01	1.092239e-02	-8.132193e-02	-1.499269e-03
296	5.938592e+03	3.712501e+02	1.098025e+01	-9.704585e-02	-3.047366e-02	5.862373e-01	3.897139e-01	3.508019e-01	3.522250e-02	-6.945373e-02	-1.746375e-03
297	1.380608e+05	3.712490e+02	1.083851e+01	-8.247745e-02	1.310952e-03	5.991248e-01	4.031718e-01	3.715521e-01	9.036954e-03	-7.947539e-02	-1.372992e-03
298	5.938591e+03	3.737502e+02	1.101432e+01	-9.434512e-02	-2.871959e-02	5.766028e-01	3.840973e-01	3.479990e-01	3.438371e-02	-6.862233e-02	-1.724664e-03
299	1.380609e+05	3.737505e+02	1.087960e+01	-7.917876e-02	1.234820e-03	5.907091e-01	3.986228e-01	3.667189e-01	7.548507e-03	-7.761859e-02	-1.284351e-03
300	5.938590e+03	3.762503e+02	1.104863e+01	-9.151829e-02	-2.638852e-02	5.668494e-01	3.767336e-01	3.444824e-01	3.219358e-02	-6.730828e-02	-2.023831e-03
301	1.380610e+05	3.762519e+02	1.091991e+01	-7.604515e-02	1.128168e-03	5.818296e-01	3.933820e-01	3.618643e-01	5.887660e-03	-7.582498e-02	-1.303891e-03
302	5.938592e+03	3.787503e+02	1.108420e+01	-8.819336e-02	-2.350146e-02	5.568406e-01	3.709987e-01	3.409190e-01	2.797584e-02	-6.606321e-02	-1.893812e-03
303	1.380609e+05	3.787531e+02	1.096069e+01	-7.290521e-02	1.014819e-03	5.723394e-01	3.887765e-01	3.571637e-01	3.804187e-03	-7.401107e-02	-1.274115e-03
304	5.938592e+03	3.812502e+02	1.112253e+01	-8.731602e-02	-2.216863e-02	5.449719e-01	3.682272e-01	3.372523e-01	2.487016e-02	-6.443085e-02	-1.438049e-03
305	1.380609e+05	3.812508e+02	1.100391e+01	-6.942947e-02	9.561221e-04	5.618638e-01	3.849490e-01	3.525574e-01	1.821363e-03	-7.241873e-02	-1.298188e-03
306	5.938593e+03	3.837501e+02	1.116381e+01	-8.528283e-02	-2.105448e-02	5.322549e-01	3.642655e-01	3.327480e-01	2.145825e-02	-6.285098e-02	-7.860244e-04
307	1.380609e+05	3.837502e+02	1.104712e+01	-6.632631e-02	9.057676e-04	5.506610e-01	3.804542e-01	3.483303e-01	3.647401e-04	-7.080884e-02	-1.313505e-03
308	5.938592e+03	3.862502e+02	1.120385e+01	-8.041099e-02	-2.081954e-02	5.223029e-01	3.584459e-01	3.279022e-01	1.769257e-02	-6.102294e-02	-2.531868e-04
309	1.380610e+05	3.862532e+02	1.109069e+01	-6.306424e-02	8.938995e-04	5.412752e-01	3.755253e-01	3.445824e-01	-1.356589e-03	-6.934197e-02	-1.201676e-03
310	5.938593e+03	3.887502e+02	1.124178e+01	-7.623309e-02	-2.026135e-02	5.122087e-01	3.510508e-01	3.234265e-01	1.472512e-02	-5.851637e-02	4.439811e-04
311	1.380610e+05	3.887514e+02	1.113332e+01	-6.099358e-02	8.652743e-04	5.320946e-01	3.701374e-01	3.412731e-01	-2.707926e-03	-6.796720e-02	-1.096496e-03
312	5.938593e+03	3.912502e+02	1.127724e+01	-7.084925e-02	-1.978070e-02	5.013738e-01	3.434048e-01	3.193748e-01	1.186515e-02	-5.607947e-02	1.178246e-03
313	1.380610e+05	3.912506e+02	1.117564e+01	-6.040516e-02	8.557843e-04	5.221130e-01	3.645307e-01	3.381602e-01	-3.998923e-03	-6.665453e-02	-9.109260e-04
314	5.938591e+03	3.937502e+02	1.131226e+01	-6.327777e-02	-1.859034e-02	4.927380e-01	3.371576e-01	3.164844e-01	9.461299e-03	-5.358115e-02	1.882814e-03
315	1.380609e+05	3.937495e+02	1.121760e+01	-5.938162e-02	8.081095e-04	5.138260e-01	3.592098e-01	3.349492e-01	-5.129165e-03	-6.536428e-02	-6.719354e-04
316	5.938590e+03	3.962502e+02	1.134869e+01	-5.641787e-02	-1.743527e-02	4.869843e-01	3.320678e-01	3.124793e-01	8.987470e-03	-5.122303e-02	1.858089e-03
317	1.380609e+05	3.962515e+02	1.125877e+01	-5.899013e-02	7.455822e-04	5.075237e-01	3.536922e-01	3.316879e-01	-5.518875e-03	-6.395563e-02	-4.748228e-04
318	5.938590e+03	3.987500e+02	1.138467e+01	-5.254147e-02	-1.652286e-02	4.804712e-01	3.282143e-01	3.080923e-01	1.042010e-02	-4.936122e-02	1.725427e-03
319	1.380607e+05	3.987528e+02	1.129928e+01	-5.925989e-02	7.271708e-04	5.015845e-01	3.473769e-01	3.280768e-01	-5.147773e-03	-6.248647e-02	-1.800766e-04
320	5.938591e+03	4.012504e+02	1.142130e+01	-5.162614e-02	-1.638534e-02	4.735996e-01	3.246876e-01	3.033468e-01	1.190445e-02	-4.755948e-02	1.666839e-03
321	1.380607e+05	4.012512e+02	1.133863e+01	-5.992154e-02	6.791928e-04	4.959475e-01	3.406842e-01	3.243531e-01	-4.634458e-03	-6.092064e-02	6.232443e-05
322	5.938591e+03	4.037500e+02	1.145681e+01	-5.379414e-02	-1.634027e-02	4.679291e-01	3.210443e-01	2.990219e-01	1.281511e-02	-4.634895e-02	1.526052e-03
323	1.380610e+05	4.037503e+02	1.137682e+01	-6.144390e-02	7.276912e-04	4.909360e-01	3.339138e-01	3.205420e-01	-4.044185e-03	-5.924143e-02	2.837650e-04
324	5.938591e+03	4.062503e+02	1.149087e+01	-5.847272e-02	-1.710244e-02	4.644005e-01	3.169540e-01	2.946430e-01	1.180425e-02	-4.492362e-02	1.299746e-03
325	1.380610e+05	4.062507e+02	1.141510e+01	-6.348843e-02	7.214110e-04	4.866253e-01	3.281714e-01	3.165956e-01	-3.531769e-03	-5.765534e-02	4.861295e-04
326	5.938591e+03	4.087503e+02	1.152376e+01	-6.103045e-02	-1.734114e-02	4.636627e-01	3.112542e-01	2.905004e-01	8.974841e-03	-4.374767e-02	8.828266e-04
327	1.380610e+05	4.087514e+02	1.145243e+01	-6.493171e-02	7.600608e-04	4.829341e-01	3.238466e-01	3.126532e-01	-3.572591e-03	-5.610407e-02	7.169932e-04
328	5.938591e+03	4.112502e+02	1.155722e+01	-6.276039e-02	-1.744651e-02	4.622269e-01	3.037344e-01	2.862643e-01	6.375245e-03	-4.289397e-02	3.735377e-04
329	1.380610e+05	4.112524e+02	1.148878e+01	-6.530237e-02	7.185797e-04	4.788822e-01	3.194248e-01	3.085474e-01	-3.488299e-03	-5.468458e-02	9.301752e-04
330	5.938637e+03	4.137497e+02	1.158897e+01	-6.689049e-02	-1.648308e-02	4.581527e-01	2.965770e-01	2.816508e-01	5.306125e-03	-4.194773e-02	2.278779e-06
331	1.380610e+05	4.137509e+02	1.152481e+01	-6.569485e-02	7.461602e-04	4.744108e-01	3.151020e-01	3.040573e-01	-3.312637e-03	-5.323877e-02	1.112609e-03
332	2.234485e+03	4.162498e+02	1.162261e+01	-7.133047e-02	-1.773313e-02	4.526913e-01	2.896294e-01	2.752891e-01	6.887999e-03	-4.057216e-02	-6.143201e-04
333	1.417652e+05	4.162498e+02	1.156103e+01	-6.618398e-02	2.303373e-04	4.688200e-01	3.108854e-01	2.986693e-01	-2.929844e-03	-5.153530e-02	1.234936e-03
334	2.203242e+03	4.187498e+02	1.164972e+01	-7.409950e-02	-1.658743e-02	4.473881e-01	2.827926e-01	2.694823e-01	8.298742e-03	-3.952320e-02	-9.294141e-04
335	1.417965e+05	4.187496e+02	1.159513e+01	-6.684972e-02	3.167276e-04	4.627408e-01	3.065752e-01	2.936074e-01	-2.544157e-03	-5.008863e-02	1.318910e-03
336	2.203242e+03	4.212498e+02	1.167677e+01	-7.694978e-02	-1.618652e-02	4.423321e-01	2.773758e-01	2.642109e-01	9.456965e-03	-3.835181e-02	-8.956118e-04
337	1.417964e+05	4.212515e+02	1.163003e+01	-6.794165e-02	1.868607e-04	4.556140e-01	3.004067e-01	2.885693e-01	-1.584631e-03	-4.866894e-02	1.415605e-03
338	2.203242e+03	4.237500e+02	1.170536e+01	-7.933595e-02	-1.576127e-02	4.394744e-01	2.738324e-01	2.596475e-01	9.999766e-03	-3.760819e-02	-7.221654e-04
339	1.417964e+05	4.237534e+02	1.166494e+01	-6.877511e-02	3.289120e-04	4.487927e-01	2.928422e-01	2.835142e-01	-6.770774e-04	-4.712060e-02	1.508113e-03
340	2.203242e+03	4.262499e+02	1.173295e+01	-7.749590e-02	-1.543681e-02	4.373920e-01	2.698332e-01	2.552764e-01	9.127650e-03	-3.703329e-02	-3.158026e-04
341	1.417966e+05	4.262489e+02	1.169852e+01	-6.874283e-02	1.571117e-04	4.423808e-01	2.847071e-01	2.784232e-01	-2.302377e-04	-4.560616e-02	1.604085e-03
342	2.203242e+03	4.287498e+02	1.175840e+01	-7.250361e-02	-1.394987e-02	4.349322e-01	2.649429e-01	2.506454e-01	8.145683e-03	-3.621075e-02	-2.108799e-04
343	1.417966e+05	4.287495e+02	1.173095e+01	-6.696805e-02	3.084209e-04	4.362803e-01	2.773140e-01	2.733121e-01	-2.904227e-04	-4.400769e-02	1.686708e-03
344	2.218864e+03	4.312499e+02	1.178073e+01	-6.797177e-02	-1.235088e-02	4.311531e-01	2.585505e-01	2.456969e-01	7.334134e-03	-3.516677e-02	-1.667762e-04
345	1.417811e+05	4.312480e+02	1.176025e+01	-6.453069e-02	7.993122e-05	4.313121e-01	2.702717e-01	2.683393e-01	-5.727619e-04	-4.241110e-02	1.702381e-03
346	2.203242e+03	4.337498e+02	1.180311e+01	-6.508338e-02	-9.673839e-03	4.286529e-01	2.535243e-01	2.416728e-01	6.494522e-03	-3.404712e-02	1.886868e-04
347	1.417967e+05	4.337530e+02	1.178743e+01	-6.192302e-02	2.776815e-04	4.270811e-01	2.636682e-01	2.630887e-01	-7.072780e-04	-4.069453e-02	1.690794e-03
348	2.218864e+03	4.362499e+02	1.182945e+01	-6.167021e-02	-7.745435e-03	4.256701e-01	2.487724e-01	2.374194e-01	6.012796e-03	-3.267105e-02	2.004931e-04
349	1.417810e+05	4.362494e+02	1.181423e+01	-5.969281e-02	-8.734180e-06	4.227715e-01	2.576294e-01	2.576607e-01	-1.042187e-03	-3.901643e-02	1.606870e-03
350	2.203242e+03	4.387498e+02	1.185504e+01	-5.794982e-02	-5.317325e-03	4.217540e-01	2.426569e-01	2.334050e-01	6.106957e-03	-3.182970e-02	5.747020e-06
351	1.417967e+05	4.387514e+02	1.184137e+01	-5.785676e-02	2.250190e-04	4.177619e-01	2.517385e-01	2.522426e-01	-1.604091e-03	-3.731133e-02	1.528537e-03
352	2.203242e+03	4.412499e+02	1.187901e+01	-5.456902e-02	-3.981255e-03	4.188140e-01	2.369399e-01	2.299105e-01	6.406503e-03	-3.141050e-02	-4.655056e-04
353	1.417967e+05	4.412484e+02	1.186763e+01	-5.554487e-02	-9.843023e-05	4.130146e-01	2.458394e-01	2.470005e-01	-1.911122e-03	-3.559822e-02	1.478678e-03
354	2.203242e+03	4.437498e+02	1.190239e+01	-5.075005e-02	-2.939378e-03	4.151923e-01	2.325422e-01	2.272683e-01	6.092952e-03	-3.099211e-02	-7.533706e-04
355	1.417967e+05	4.437531e+02	1.189274e+01	-5.296976e-02	2.233253e-04	4.088114e-01	2.401784e-01	2.419998e-01	-2.020191e-03	-3.390179e-02	1.425592e-03
356	2.218864e+03	4.462499e+02	1.192408e+01	-4.868962e-02	-3.483595e-03	4.134720e-01	2.284947e-01	2.246080e-01	5.602076e-03	-3.041159e-02	-7.441789e-04
357	1.417810e+05	4.462492e+02	1.191635e+01	-5.138834e-02	-1.378106e-04	4.049698e-01	2.347732e-01	2.370478e-01	-2.181174e-03	-3.222432e-02	1.373903e-03
358	2.250106e+03	4.487498e+02	1.194328e+01	-4.822195e-02	-4.329008e-03	4.113895e-01	2.244914e-01	2.223636e-01	4.024991e-03	-2.976917e-02	-6.445476e-04
359	1.417497e+05	4.487515e+02	1.193862e+01	-5.084564e-02	2.778777e-04	4.016900e-01	2.296150e-01	2.323392e-01	-2.672833e-03	-3.056793e-02	1.317308e-03
360	2.203242e+03	4.512499e+02	1.196178e+01	-4.942185e-02	-6.033834e-03	4.106767e-01	2.193346e-01	2.198145e-01	1.973711e-03	-2.903529e-02	-5.423331e-04
361	1.417966e+05	4.512477e+02	1.196051e+01	-5.086535e-02	-1.360493e-04	3.988185e-01	2.249727e-01	2.276472e-01	-3.125893e-03	-2.894381e-02	1.264672e-03
362	2.218863e+03	4.537500e+02	1.197904e+01	-4.906706e-02	-6.851407e-03	4.110928e-01	2.145360e-01	2.162397e-01	1.242617e-03	-2.765564e-02	-3.743139e-04
363	1.417810e+05	4.537528e+02	1.198155e+01	-5.015729e-02	3.700706e-04	3.966474e-01	2.205455e-01	2.232310e-01	-3.112996e-03	-2.734007e-02	1.203123e-03
364	2.203242e+03	4.562500e+02	1.199726e+01	-4.877095e-02	-7.854395e-03	4.113661e-01	2.099108e-01	2.127753e-01	1.786359e-04	-2.617080e-02	-9.171317e-05
365	1.417966e+05	4.562491e+02	1.200211e+01	-4.873610e-02	-1.597000e-04	3.949084e-01	2.164182e-01	2.192208e-01	-2.759149e-03	-2.579818e-02	1.144419e-03
366	2.203241e+03	4.587501e+02	1.201426e+01	-4.930384e-02	-7.266450e-03	4.130945e-01	2.037885e-01	2.092061e-01	-6.996713e-05	-2.480841e-02	2.456494e-05
367	1.417966e+05	4.587503e+02	1.202052e+01	-4.720430e-02	4.164354e-04	3.944082e-01	2.119073e-01	2.155485e-01	-1.997334e-03	-2.425292e-02	1.084910e-03
368	2.203241e+03	4.612500e+02	1.202806e+01	-4.979853e-02	-7.596481e-03	4.134570e-01	1.999520e-01	2.054215e-01	1.160133e-03	-2.342094e-02	-6.181415e-05
369	1.417967e+05	4.612487e+02	1.203601e+01	-4.663021e-02	-2.038068e-04	3.942829e-01	2.065659e-01	2.117130e-01	-1.756291e-03	-2.268518e-02	1.024782e-03
370	2.218863e+03	4.637499e+02	1.204334e+01	-4.951342e-02	-6.569616e-03	4.151489e-01	1.967331e-01	2.011157e-01	2.424723e-03	-2.209449e-02	3.879872e-05
371	1.417811e+05	4.637518e+02	1.205113e+01	-4.596822e-02	4.461963e-04	3.949098e-01	2.008699e-01	2.076524e-01	-2.381316e-03	-2.113438e-02	9.745676e-04
372	2.218863e+03	4.662501e+02	1.206143e+01	-4.815512e-02	-6.504578e-03	4.177623e-01	1.914479e-01	1.966888e-01	2.487653e-03	-2.051664e-02	2.766241e-04
373	1.417811e+05	4.662520e+02	1.206652e+01	-4.531797e-02	-2.764412e-04	3.962456e-01	1.951894e-01	2.030542e-01	-3.438613e-03	-1.961407e-02	8.990279e-04
375	1.439998e+05	4.687493e+02	1.208112e+01	-4.432827e-02	3.994377e-04	3.977607e-01	1.895471e-01	1.980547e-01	-3.954553e-03	-1.811781e-02	8.205710e-04
377	1.439998e+05	4.712500e+02	1.209492e+01	-4.264621e-02	-4.322861e-04	3.996030e-01	1.853731e-01	1.926841e-01	-4.446420e-03	-1.659394e-02	7.334437e-04
379	1.439999e+05	4.737495e+02	1.210672e+01	-4.011871e-02	4.760378e-04	4.005497e-01	1.824662e-01	1.871969e-01	-5.118653e-03	-1.512619e-02	6.683462e-04
381	1.439999e+05	4.762510e+02	1.211666e+01	-3.740183e-02	-5.128008e-04	4.015391e-01	1.802097e-01	1.812279e-01	-5.211674e-03	-1.362849e-02	5.516357e-04
383	1.439999e+05	4.787487e+02	1.212517e+01	-3.416112e-02	5.524362e-04	4.028586e-01	1.789018e-01	1.747765e-01	-4.830375e-03	-1.218840e-02	5.146132e-04
385	1.439999e+05	4.812499e+02	1.213325e+01	-3.021101e-02	-6.071777e-04	4.032280e-01	1.781885e-01	1.675793e-01	-4.833047e-03	-1.072129e-02	4.126507e-04
387	1.439999e+05	4.837498e+02	1.213979e+01	-2.718211e-02	6.486391e-04	4.035449e-01	1.774729e-01	1.597383e-01	-5.041729e-03	-9.326442e-03	3.489715e-04
389	1.439999e+05	4.862520e+02	1.214472e+01	-2.450442e-02	-7.089109e-04	4.040454e-01	1.761597e-01	1.506028e-01	-5.109694e-03	-7.868730e-03	2.788044e-04
391	1.439999e+05	4.887517e+02	1.214827e+01	-2.287006e-02	7.547075e-04	4.053364e-01	1.752363e-01	1.395430e-01	-5.097458e-03	-6.483438e-03	2.274895e-04
393	1.439999e+05	4.912503e+02	1.215081e+01	-2.205863e-02	-8.516490e-04	4.067953e-01	1.755452e-01	1.255707e-01	-5.358308e-03	-4.987338e-03	1.893068e-04
395	1.439999e+05	4.937491e+02	1.215394e+01	-2.191645e-02	8.718449e-04	4.090226e-01	1.785331e-01	1.068938e-01	-5.369132e-03	-3.576922e-03	1.275017e-04
397	1.439999e+05	4.962469e+02	1.215553e+01	-2.076037e-02	-1.091147e-03	4.140936e-01	1.895397e-01	8.012416e-02	-4.659684e-03	-2.067083e-03	7.186910e-05
399	1.439999e+05	4.987468e+02	1.215566e+01	-1.843808e-02	1.282564e-03	4.257492e-01	2.201808e-01	3.579391e-02	-4.158053e-03	-6.970916e-04	-1.152288e-06
