Time (s)	9.600000e+03	dt_sampled - EXTRA_TIME	3.600000e+03
 i	 Vol	 Z	 Uavg	 Vavg	 Wavg	 Urms	 Vrms	 Wrms	 UVmean	 UWmean	 VWmean
0	7.200000e+04	6.247349e-01	8.345118e+00	-5.592948e-03	-2.104135e-02	8.774991e-01	4.061117e-01	1.641797e-01	-2.926578e-03	-4.519825e-02	-3.354913e-05
1	7.200000e+04	1.875637e+00	9.733498e+00	-7.137784e-03	1.342434e-02	9.892520e-01	4.402374e-01	2.066536e-01	-5.079206e-03	-8.147713e-02	-1.285447e-05
2	7.200000e+04	3.125806e+00	1.009847e+01	-6.925025e-03	-1.225511e-02	9.388571e-01	4.378691e-01	2.527404e-01	-6.401029e-03	-7.962102e-02	1.142748e-04
3	7.200000e+04	4.374590e+00	1.034438e+01	-4.980746e-03	1.063990e-02	9.005111e-01	4.303026e-01	2.838198e-01	-7.192881e-03	-8.287656e-02	3.943395e-05
4	7.200000e+04	5.626863e+00	1.049942e+01	-2.832013e-03	-9.171763e-03	8.716606e-01	4.197021e-01	3.012149e-01	-8.305208e-03	-8.227759e-02	1.434955e-04
5	7.200000e+04	6.876738e+00	1.062482e+01	-4.749789e-04	8.180587e-03	8.536876e-01	4.123856e-01	3.123879e-01	-8.784910e-03	-8.196665e-02	6.276262e-05
6	7.200000e+04	8.127151e+00	1.072350e+01	2.031362e-03	-7.203228e-03	8.403513e-01	4.048422e-01	3.181367e-01	-8.226409e-03	-8.143568e-02	1.400288e-04
7	7.200000e+04	9.375942e+00	1.081139e+01	3.881503e-03	6.470519e-03	8.308612e-01	3.973473e-01	3.218619e-01	-7.167986e-03	-8.036800e-02	6.062038e-05
8	7.200000e+04	1.062404e+01	1.088619e+01	4.410591e-03	-5.765878e-03	8.234806e-01	3.901067e-01	3.241148e-01	-6.302669e-03	-7.977903e-02	6.207079e-05
9	7.200000e+04	1.187262e+01	1.095430e+01	4.240448e-03	5.202856e-03	8.190016e-01	3.843570e-01	3.255140e-01	-4.966081e-03	-7.846824e-02	-1.519209e-05
10	7.200000e+04	1.312173e+01	1.101649e+01	3.028250e-03	-4.664092e-03	8.152806e-01	3.794666e-01	3.263806e-01	-3.438894e-03	-7.785053e-02	-6.050891e-05
11	7.200000e+04	1.437005e+01	1.107441e+01	1.238812e-03	4.231877e-03	8.121319e-01	3.750244e-01	3.267439e-01	-1.445189e-03	-7.647493e-02	-9.724637e-05
12	7.200000e+04	1.562164e+01	1.112789e+01	-6.543857e-04	-3.811744e-03	8.094872e-01	3.711823e-01	3.271754e-01	3.679588e-04	-7.582514e-02	-1.339503e-04
13	7.200000e+04	1.687398e+01	1.117904e+01	-2.527578e-03	3.468769e-03	8.073167e-01	3.682381e-01	3.272976e-01	1.956746e-03	-7.447775e-02	-1.626761e-04
14	7.200000e+04	1.811819e+01	1.122673e+01	-3.743740e-03	-3.140599e-03	8.058088e-01	3.657296e-01	3.275782e-01	3.128698e-03	-7.379654e-02	-2.088454e-04
15	7.200000e+04	1.937408e+01	1.127321e+01	-4.655760e-03	2.859202e-03	8.050233e-01	3.633563e-01	3.273876e-01	3.916597e-03	-7.252479e-02	-2.413672e-04
16	7.200000e+04	2.062489e+01	1.131652e+01	-5.301571e-03	-2.595639e-03	8.046954e-01	3.607790e-01	3.273008e-01	3.984107e-03	-7.185832e-02	-3.092401e-04
17	7.200000e+04	2.188293e+01	1.135887e+01	-5.612052e-03	2.371320e-03	8.042628e-01	3.579538e-01	3.268879e-01	3.653324e-03	-7.062699e-02	-3.581608e-04
18	7.200000e+04	2.312019e+01	1.139902e+01	-6.027239e-03	-2.155823e-03	8.038589e-01	3.552069e-01	3.268711e-01	3.420336e-03	-6.996516e-02	-4.246388e-04
19	7.200000e+04	2.438035e+01	1.143864e+01	-6.412877e-03	1.976173e-03	8.036720e-01	3.532990e-01	3.264757e-01	3.119463e-03	-6.876394e-02	-4.463982e-04
20	7.200000e+04	2.561718e+01	1.147491e+01	-6.550539e-03	-1.799874e-03	8.029456e-01	3.517711e-01	3.261704e-01	2.670789e-03	-6.807514e-02	-4.663649e-04
21	7.200000e+04	2.687912e+01	1.151068e+01	-6.456768e-03	1.653004e-03	8.022942e-01	3.503088e-01	3.255601e-01	1.990079e-03	-6.690704e-02	-4.342274e-04
22	7.200000e+04	2.811253e+01	1.154610e+01	-5.772382e-03	-1.506082e-03	8.016347e-01	3.488790e-01	3.252320e-01	1.443505e-03	-6.622127e-02	-4.085221e-04
23	7.200000e+04	2.937544e+01	1.157965e+01	-4.787015e-03	1.383348e-03	8.011152e-01	3.474409e-01	3.246915e-01	1.129322e-03	-6.510866e-02	-3.406065e-04
24	7.200000e+04	3.063739e+01	1.161304e+01	-4.047109e-03	-1.262877e-03	8.005422e-01	3.458251e-01	3.242986e-01	1.176925e-03	-6.440741e-02	-2.754815e-04
25	7.200000e+04	3.187226e+01	1.164480e+01	-3.103219e-03	1.159241e-03	7.998751e-01	3.442210e-01	3.236521e-01	1.298605e-03	-6.331716e-02	-1.637545e-04
26	7.200000e+04	3.313847e+01	1.167541e+01	-2.265392e-03	-1.062021e-03	7.990893e-01	3.428452e-01	3.230822e-01	1.335666e-03	-6.260255e-02	-7.630580e-05
27	7.200000e+04	3.437844e+01	1.170579e+01	-1.679079e-03	9.780172e-04	7.980595e-01	3.416327e-01	3.221660e-01	1.340682e-03	-6.156141e-02	2.582510e-05
28	7.200000e+04	3.562554e+01	1.173619e+01	-9.652942e-04	-8.947790e-04	7.964700e-01	3.407653e-01	3.212470e-01	1.546721e-03	-6.087735e-02	1.159119e-04
29	7.200000e+04	3.686655e+01	1.176598e+01	-4.909626e-04	8.246333e-04	7.947870e-01	3.400040e-01	3.199947e-01	1.845481e-03	-5.992548e-02	1.636648e-04
30	7.200000e+04	3.813452e+01	1.179497e+01	-2.487262e-04	-7.547908e-04	7.926840e-01	3.391215e-01	3.187785e-01	2.362820e-03	-5.929615e-02	1.938991e-04
31	7.200000e+04	3.937933e+01	1.182339e+01	-1.425492e-04	6.991529e-04	7.901679e-01	3.385321e-01	3.172953e-01	2.906520e-03	-5.844306e-02	1.902118e-04
32	7.200049e+04	4.061963e+01	1.185229e+01	-7.695114e-06	-6.412379e-04	7.872858e-01	3.378431e-01	3.158890e-01	3.580063e-03	-5.787588e-02	1.650379e-04
33	7.200049e+04	4.186478e+01	1.188060e+01	2.242450e-04	5.936451e-04	7.844387e-01	3.366693e-01	3.143158e-01	4.164166e-03	-5.709101e-02	1.219465e-04
34	7.200050e+04	4.313503e+01	1.190778e+01	6.198758e-04	-5.461450e-04	7.819392e-01	3.352226e-01	3.130100e-01	4.673696e-03	-5.654170e-02	7.720978e-05
35	7.200049e+04	4.438379e+01	1.193446e+01	7.105376e-04	5.083893e-04	7.798302e-01	3.341319e-01	3.117199e-01	5.715839e-03	-5.577276e-02	4.264811e-06
36	7.200049e+04	4.560881e+01	1.196095e+01	7.226780e-04	-4.636783e-04	7.774994e-01	3.331178e-01	3.107118e-01	7.136489e-03	-5.519985e-02	-6.945245e-05
37	7.200051e+04	4.685774e+01	1.198692e+01	7.916304e-04	4.312755e-04	7.750864e-01	3.316367e-01	3.097777e-01	8.769180e-03	-5.446534e-02	-1.467382e-04
38	7.200051e+04	4.812769e+01	1.201166e+01	1.025783e-03	-3.955271e-04	7.728428e-01	3.297175e-01	3.090471e-01	1.052298e-02	-5.390546e-02	-1.965311e-04
39	7.200049e+04	4.939823e+01	1.203577e+01	1.216486e-03	3.658694e-04	7.703037e-01	3.277215e-01	3.083472e-01	1.230878e-02	-5.318351e-02	-2.425510e-04
40	7.200049e+04	5.065087e+01	1.205915e+01	1.258722e-03	-3.354703e-04	7.672941e-01	3.257789e-01	3.077455e-01	1.386564e-02	-5.261046e-02	-2.804596e-04
41	7.200051e+04	5.186778e+01	1.208205e+01	1.558601e-03	3.147239e-04	7.642645e-01	3.241788e-01	3.070292e-01	1.494773e-02	-5.190548e-02	-3.375142e-04
42	7.200049e+04	5.312151e+01	1.210492e+01	2.388374e-03	-2.869103e-04	7.612612e-01	3.227495e-01	3.063604e-01	1.552656e-02	-5.132977e-02	-4.103730e-04
43	7.200049e+04	5.439294e+01	1.212695e+01	3.329140e-03	2.681974e-04	7.583346e-01	3.214473e-01	3.056555e-01	1.584438e-02	-5.064104e-02	-4.988334e-04
44	7.200051e+04	5.564795e+01	1.214872e+01	3.780854e-03	-2.453893e-04	7.550429e-01	3.202763e-01	3.049369e-01	1.607109e-02	-5.009364e-02	-5.841862e-04
45	7.200049e+04	5.686254e+01	1.217143e+01	3.789731e-03	2.291176e-04	7.517139e-01	3.191922e-01	3.041136e-01	1.608833e-02	-4.945784e-02	-6.494673e-04
46	7.200050e+04	5.811786e+01	1.219347e+01	3.480287e-03	-2.120593e-04	7.484423e-01	3.180034e-01	3.032197e-01	1.558627e-02	-4.893323e-02	-7.404527e-04
47	7.200052e+04	5.938993e+01	1.221542e+01	2.964199e-03	1.969071e-04	7.451014e-01	3.167893e-01	3.021925e-01	1.472197e-02	-4.832418e-02	-8.148132e-04
48	7.200050e+04	6.064682e+01	1.223771e+01	2.511901e-03	-1.799153e-04	7.415073e-01	3.152735e-01	3.010811e-01	1.381782e-02	-4.782083e-02	-8.967790e-04
49	7.200049e+04	6.186095e+01	1.225988e+01	2.023303e-03	1.688838e-04	7.379746e-01	3.133257e-01	2.999007e-01	1.299923e-02	-4.727152e-02	-9.594283e-04
50	7.200048e+04	6.312056e+01	1.228138e+01	1.549066e-03	-1.548169e-04	7.345155e-01	3.111476e-01	2.985713e-01	1.213447e-02	-4.681679e-02	-1.012661e-03
51	7.200050e+04	6.437122e+01	1.230197e+01	9.100197e-04	1.466601e-04	7.307504e-01	3.088755e-01	2.973017e-01	1.114116e-02	-4.631173e-02	-1.009387e-03
52	7.200050e+04	6.563755e+01	1.232237e+01	1.247172e-04	-1.347762e-04	7.267299e-01	3.064687e-01	2.958912e-01	1.033760e-02	-4.585935e-02	-1.011573e-03
53	7.200050e+04	6.689892e+01	1.234335e+01	-7.046883e-04	1.229078e-04	7.224971e-01	3.038496e-01	2.947007e-01	9.736160e-03	-4.538477e-02	-9.916322e-04
54	7.200051e+04	6.811652e+01	1.236423e+01	-1.596743e-03	-1.119466e-04	7.183203e-01	3.012731e-01	2.931369e-01	9.400495e-03	-4.492763e-02	-1.001544e-03
55	7.200049e+04	6.937602e+01	1.238427e+01	-2.280162e-03	9.877259e-05	7.142888e-01	2.990586e-01	2.918565e-01	9.173795e-03	-4.447959e-02	-9.870975e-04
56	7.200046e+04	7.065012e+01	1.240522e+01	-2.611784e-03	-8.998806e-05	7.103531e-01	2.975532e-01	2.899247e-01	8.951633e-03	-4.397440e-02	-1.017196e-03
57	7.200048e+04	7.191071e+01	1.242531e+01	-2.766202e-03	8.072051e-05	7.063814e-01	2.961318e-01	2.885533e-01	9.048243e-03	-4.356718e-02	-1.018492e-03
58	7.200048e+04	7.313443e+01	1.244608e+01	-2.733842e-03	-7.081979e-05	7.023668e-01	2.950269e-01	2.861599e-01	9.298675e-03	-4.299789e-02	-1.043050e-03
59	7.200048e+04	7.439701e+01	1.246478e+01	-2.457696e-03	5.234680e-05	6.982411e-01	2.938758e-01	2.849265e-01	9.424054e-03	-4.265085e-02	-1.023377e-03
60	7.200057e+04	7.561620e+01	1.248477e+01	-1.959326e-03	-4.707107e-05	6.937354e-01	2.931877e-01	2.820350e-01	9.521488e-03	-4.195020e-02	-1.024584e-03
61	7.200055e+04	7.687666e+01	1.250298e+01	-1.530626e-03	6.822212e-06	6.892233e-01	2.922337e-01	2.812505e-01	9.842128e-03	-4.166438e-02	-1.014982e-03
62	7.189972e+04	7.816975e+01	1.252328e+01	-9.723956e-04	1.551235e-05	6.842549e-01	2.902657e-01	2.774688e-01	1.026008e-02	-4.087823e-02	-1.039401e-03
63	7.189972e+04	7.939858e+01	1.253966e+01	-2.282678e-04	-1.467659e-04	6.798207e-01	2.881883e-01	2.774837e-01	1.057637e-02	-4.068679e-02	-1.074961e-03
65	1.440000e+05	8.125715e+01	1.255831e+01	3.918744e-04	5.270249e-04	6.681108e-01	2.762289e-01	2.699348e-01	1.084332e-02	-3.961483e-02	-1.107207e-03
67	1.440000e+05	8.375500e+01	1.259002e+01	7.534709e-04	-6.682042e-04	6.588326e-01	2.728509e-01	2.664098e-01	1.125474e-02	-3.835647e-02	-1.120636e-03
69	1.440000e+05	8.625465e+01	1.262108e+01	4.613099e-04	5.698100e-04	6.502658e-01	2.692797e-01	2.631812e-01	1.172554e-02	-3.821955e-02	-1.205779e-03
71	1.440000e+05	8.875224e+01	1.264908e+01	-1.072382e-04	-4.998471e-04	6.424540e-01	2.671426e-01	2.608019e-01	1.165052e-02	-3.727599e-02	-1.195708e-03
73	1.440000e+05	9.125868e+01	1.267708e+01	6.118369e-05	4.582214e-04	6.345417e-01	2.646359e-01	2.591049e-01	1.115381e-02	-3.694788e-02	-1.236749e-03
75	1.440000e+05	9.375607e+01	1.270427e+01	2.034228e-03	-4.108071e-04	6.277167e-01	2.617927e-01	2.578605e-01	9.848434e-03	-3.619846e-02	-1.285190e-03
77	1.440000e+05	9.625478e+01	1.273190e+01	5.136848e-03	3.764140e-04	6.219444e-01	2.584962e-01	2.565701e-01	7.806157e-03	-3.575436e-02	-1.363979e-03
79	1.440000e+05	9.875185e+01	1.275839e+01	7.043695e-03	-3.391040e-04	6.161085e-01	2.559432e-01	2.552172e-01	5.618757e-03	-3.506507e-02	-1.338184e-03
81	1.440000e+05	1.012481e+02	1.278391e+01	7.229799e-03	3.073401e-04	6.106341e-01	2.542557e-01	2.534867e-01	3.666302e-03	-3.454256e-02	-1.180126e-03
83	1.440000e+05	1.037451e+02	1.280886e+01	7.134822e-03	-2.749742e-04	6.051493e-01	2.532089e-01	2.514353e-01	2.237614e-03	-3.389513e-02	-1.086087e-03
85	1.440000e+05	1.062434e+02	1.283360e+01	6.462963e-03	2.583538e-04	5.996060e-01	2.525895e-01	2.495968e-01	1.201561e-03	-3.343897e-02	-9.969531e-04
87	1.440000e+05	1.087403e+02	1.285680e+01	5.063657e-03	-2.359811e-04	5.937707e-01	2.525287e-01	2.479913e-01	3.909939e-06	-3.280856e-02	-1.008433e-03
89	1.440000e+05	1.112446e+02	1.288037e+01	3.123819e-03	2.124418e-04	5.882897e-01	2.526971e-01	2.467846e-01	-1.480393e-03	-3.234459e-02	-9.380670e-04
91	1.440000e+05	1.137413e+02	1.290358e+01	7.279869e-04	-1.962897e-04	5.833246e-01	2.531486e-01	2.458056e-01	-2.884982e-03	-3.178393e-02	-8.276227e-04
93	1.440000e+05	1.162395e+02	1.292657e+01	-1.900974e-03	1.804105e-04	5.791549e-01	2.533032e-01	2.446872e-01	-4.024818e-03	-3.140003e-02	-7.579506e-04
95	1.440000e+05	1.187372e+02	1.294813e+01	-4.120398e-03	-1.700194e-04	5.747282e-01	2.529026e-01	2.435446e-01	-4.636082e-03	-3.112707e-02	-7.618361e-04
97	1.440000e+05	1.212618e+02	1.296996e+01	-6.303063e-03	1.564890e-04	5.701854e-01	2.528737e-01	2.421178e-01	-5.337230e-03	-3.094966e-02	-8.017401e-04
99	1.440000e+05	1.237618e+02	1.299201e+01	-8.732674e-03	-1.390652e-04	5.669116e-01	2.523949e-01	2.405778e-01	-5.447232e-03	-3.073020e-02	-8.713434e-04
101	1.440000e+05	1.262551e+02	1.301323e+01	-1.138486e-02	1.251073e-04	5.635113e-01	2.509319e-01	2.389370e-01	-4.603800e-03	-3.048613e-02	-9.816400e-04
103	1.440000e+05	1.287570e+02	1.303507e+01	-1.439074e-02	-1.196966e-04	5.601114e-01	2.490271e-01	2.372045e-01	-3.326516e-03	-3.020347e-02	-1.043842e-03
105	1.440000e+05	1.312533e+02	1.305728e+01	-1.666979e-02	1.105812e-04	5.559719e-01	2.473448e-01	2.352257e-01	-2.351721e-03	-2.994613e-02	-1.120693e-03
107	1.440000e+05	1.337573e+02	1.307909e+01	-1.787720e-02	-9.745848e-05	5.519406e-01	2.458142e-01	2.333734e-01	-1.499117e-03	-2.976291e-02	-1.236648e-03
109	1.440000e+05	1.362459e+02	1.310090e+01	-1.797065e-02	8.982007e-05	5.481034e-01	2.442764e-01	2.318659e-01	-9.304885e-04	-2.971915e-02	-1.346663e-03
111	1.440000e+05	1.387519e+02	1.312301e+01	-1.827425e-02	-7.570605e-05	5.444976e-01	2.423962e-01	2.306842e-01	-6.573747e-04	-2.976813e-02	-1.387265e-03
113	1.440000e+05	1.412593e+02	1.314585e+01	-1.808492e-02	7.158107e-05	5.410836e-01	2.410672e-01	2.297078e-01	-3.788642e-04	-2.982680e-02	-1.331601e-03
115	1.440000e+05	1.437448e+02	1.316803e+01	-1.769400e-02	-6.658834e-05	5.374796e-01	2.411742e-01	2.289296e-01	-5.274467e-05	-2.989818e-02	-1.380852e-03
117	1.440000e+05	1.462555e+02	1.319022e+01	-1.713372e-02	6.185407e-05	5.346369e-01	2.415465e-01	2.282202e-01	4.552254e-04	-2.994796e-02	-1.422390e-03
119	1.440000e+05	1.487392e+02	1.321233e+01	-1.712870e-02	-6.283463e-05	5.321099e-01	2.411741e-01	2.277461e-01	6.897782e-04	-3.000464e-02	-1.460957e-03
121	1.440000e+05	1.512560e+02	1.323391e+01	-1.820975e-02	6.457085e-05	5.299935e-01	2.400340e-01	2.272047e-01	3.315566e-04	-2.992316e-02	-1.420694e-03
123	1.440000e+05	1.537382e+02	1.325475e+01	-1.969328e-02	-6.004248e-05	5.281349e-01	2.378867e-01	2.267863e-01	-1.855569e-04	-2.980350e-02	-1.380430e-03
125	1.440000e+05	1.562517e+02	1.327556e+01	-2.077579e-02	5.499957e-05	5.255722e-01	2.353656e-01	2.261688e-01	-8.656867e-04	-2.962832e-02	-1.308438e-03
127	1.440000e+05	1.587321e+02	1.329611e+01	-2.067339e-02	-4.594603e-05	5.235218e-01	2.331048e-01	2.255139e-01	-1.157032e-03	-2.940117e-02	-1.261318e-03
129	1.440000e+05	1.612682e+02	1.331649e+01	-1.994198e-02	4.345779e-05	5.212620e-01	2.312979e-01	2.244669e-01	-6.946341e-04	-2.906227e-02	-1.218747e-03
131	1.440000e+05	1.637469e+02	1.333695e+01	-1.975790e-02	-4.607806e-05	5.202758e-01	2.306916e-01	2.231228e-01	-4.779052e-04	-2.867827e-02	-1.111105e-03
133	1.440000e+05	1.662625e+02	1.335860e+01	-2.047212e-02	4.099835e-05	5.204044e-01	2.307249e-01	2.210123e-01	-6.369101e-04	-2.823224e-02	-9.169570e-04
135	1.440000e+05	1.687400e+02	1.338192e+01	-2.066386e-02	-3.349203e-05	5.211963e-01	2.298927e-01	2.186511e-01	-8.532520e-04	-2.778580e-02	-6.140305e-04
137	1.440000e+05	1.712611e+02	1.340433e+01	-1.972040e-02	2.760072e-05	5.231104e-01	2.279502e-01	2.163010e-01	-9.062988e-04	-2.728981e-02	-3.855355e-04
139	1.440000e+05	1.737372e+02	1.342594e+01	-1.762389e-02	-2.765746e-05	5.256703e-01	2.256211e-01	2.142011e-01	-6.318585e-04	-2.678337e-02	-1.984922e-04
141	1.440000e+05	1.762554e+02	1.344654e+01	-1.566539e-02	2.816896e-05	5.278722e-01	2.233233e-01	2.121436e-01	-4.566203e-04	-2.630688e-02	-6.882381e-05
143	1.440000e+05	1.787300e+02	1.346702e+01	-1.449918e-02	-1.816112e-05	5.299531e-01	2.215186e-01	2.102562e-01	-7.137751e-04	-2.583295e-02	2.960730e-05
145	1.440000e+05	1.812481e+02	1.348789e+01	-1.326759e-02	1.157163e-05	5.320483e-01	2.201533e-01	2.085330e-01	-1.061453e-03	-2.539930e-02	9.412260e-05
147	1.440000e+05	1.837677e+02	1.351030e+01	-1.097354e-02	-1.063064e-05	5.342414e-01	2.175018e-01	2.069728e-01	-1.664069e-03	-2.491288e-02	1.014160e-04
149	1.440000e+05	1.862422e+02	1.353354e+01	-8.756360e-03	1.043829e-05	5.373102e-01	2.144313e-01	2.056025e-01	-2.703821e-03	-2.447252e-02	8.946651e-05
151	1.440000e+05	1.887628e+02	1.355764e+01	-7.181396e-03	-6.889989e-06	5.414564e-01	2.113611e-01	2.043681e-01	-3.787986e-03	-2.400461e-02	3.325324e-05
153	1.440000e+05	1.912396e+02	1.358157e+01	-6.245071e-03	1.228791e-05	5.446847e-01	2.085575e-01	2.032372e-01	-5.584072e-03	-2.357768e-02	1.675485e-05
155	1.440000e+05	1.937611e+02	1.360511e+01	-4.925533e-03	-6.475654e-06	5.464672e-01	2.055370e-01	2.022231e-01	-7.378277e-03	-2.321377e-02	5.976340e-06
157	1.440000e+05	1.962332e+02	1.362732e+01	-3.314694e-03	5.802955e-06	5.483376e-01	2.024435e-01	2.011083e-01	-8.516270e-03	-2.290999e-02	-2.427435e-05
159	1.440000e+05	1.987556e+02	1.364745e+01	-7.891356e-04	-6.312649e-06	5.506859e-01	1.993901e-01	1.997657e-01	-8.943594e-03	-2.262389e-02	-4.174733e-06
161	1.440000e+05	2.012436e+02	1.366647e+01	2.304620e-03	4.253870e-06	5.536485e-01	1.960449e-01	1.981901e-01	-8.923050e-03	-2.229270e-02	2.842929e-05
163	1.440000e+05	2.037671e+02	1.368632e+01	5.645078e-03	-4.098128e-06	5.572062e-01	1.930729e-01	1.963289e-01	-8.792606e-03	-2.192018e-02	9.949761e-05
165	1.440000e+05	2.062371e+02	1.370646e+01	8.809288e-03	-1.967772e-06	5.605778e-01	1.907860e-01	1.941842e-01	-8.684994e-03	-2.154122e-02	1.423341e-04
167	1.440000e+05	2.087611e+02	1.372678e+01	1.072765e-02	3.132379e-06	5.638641e-01	1.880424e-01	1.919501e-01	-8.445648e-03	-2.111087e-02	1.796129e-04
169	1.440000e+05	2.112335e+02	1.374636e+01	1.207938e-02	-2.194992e-06	5.666383e-01	1.848562e-01	1.895830e-01	-8.132135e-03	-2.065860e-02	1.954430e-04
171	1.440000e+05	2.137582e+02	1.376489e+01	1.306084e-02	3.216848e-06	5.695230e-01	1.815481e-01	1.870608e-01	-7.781486e-03	-2.018578e-02	2.073216e-04
173	1.440000e+05	2.162266e+02	1.378290e+01	1.409243e-02	-9.178815e-08	5.727625e-01	1.780744e-01	1.841588e-01	-7.178891e-03	-1.972116e-02	2.118413e-04
175	1.440000e+05	2.187520e+02	1.380070e+01	1.479471e-02	4.992842e-07	5.760928e-01	1.748203e-01	1.809769e-01	-6.528257e-03	-1.922318e-02	1.898128e-04
177	1.440000e+05	2.212776e+02	1.381831e+01	1.505851e-02	3.341853e-06	5.788197e-01	1.714886e-01	1.776423e-01	-5.886459e-03	-1.874158e-02	1.658265e-04
179	1.440000e+05	2.237445e+02	1.383500e+01	1.569201e-02	2.315560e-06	5.810447e-01	1.677464e-01	1.744809e-01	-5.353198e-03	-1.824074e-02	1.206145e-04
181	1.440000e+05	2.262719e+02	1.385083e+01	1.658260e-02	-2.298354e-07	5.834358e-01	1.641869e-01	1.712844e-01	-4.710389e-03	-1.771931e-02	7.572803e-05
183	1.440000e+05	2.287381e+02	1.386637e+01	1.749377e-02	-4.419198e-06	5.865015e-01	1.612063e-01	1.681711e-01	-3.811141e-03	-1.718202e-02	4.211339e-05
185	1.440000e+05	2.312697e+02	1.388204e+01	1.841685e-02	2.852880e-07	5.899081e-01	1.584296e-01	1.652029e-01	-2.803258e-03	-1.666729e-02	7.181417e-06
187	1.440000e+05	2.337345e+02	1.389806e+01	1.869345e-02	-9.636293e-07	5.938370e-01	1.552255e-01	1.622482e-01	-1.976050e-03	-1.609999e-02	-2.751354e-05
189	1.440000e+05	2.362637e+02	1.391387e+01	1.868571e-02	4.064891e-06	5.994736e-01	1.509706e-01	1.593088e-01	-1.088382e-03	-1.554422e-02	-6.962779e-05
191	1.440000e+05	2.387309e+02	1.392919e+01	1.870585e-02	-3.337174e-06	6.056670e-01	1.462726e-01	1.562116e-01	6.226227e-05	-1.497375e-02	-1.200425e-04
193	1.440000e+05	2.412678e+02	1.394320e+01	1.831125e-02	3.572463e-06	6.114685e-01	1.422517e-01	1.530191e-01	1.214221e-03	-1.442816e-02	-1.723250e-04
195	1.440000e+05	2.437354e+02	1.395759e+01	1.781957e-02	-2.068415e-06	6.173167e-01	1.390648e-01	1.496883e-01	2.765038e-03	-1.387980e-02	-2.024528e-04
197	1.440000e+05	2.462658e+02	1.397221e+01	1.667540e-02	5.404671e-06	6.226298e-01	1.362525e-01	1.464260e-01	4.029490e-03	-1.337379e-02	-2.283573e-04
199	1.440000e+05	2.487365e+02	1.398621e+01	1.453987e-02	-5.501505e-06	6.281176e-01	1.332244e-01	1.430415e-01	4.432993e-03	-1.283908e-02	-2.262948e-04
201	1.440000e+05	2.512528e+02	1.400009e+01	1.187901e-02	3.973968e-06	6.343992e-01	1.305813e-01	1.396795e-01	4.132183e-03	-1.235912e-02	-2.287525e-04
203	1.440000e+05	2.537241e+02	1.401395e+01	9.494456e-03	-9.164117e-06	6.413621e-01	1.280678e-01	1.363111e-01	3.422047e-03	-1.183976e-02	-2.112299e-04
205	1.440000e+05	2.562555e+02	1.402695e+01	7.411481e-03	1.093431e-05	6.485057e-01	1.253900e-01	1.331683e-01	2.472527e-03	-1.138038e-02	-2.026680e-04
207	1.440000e+05	2.587296e+02	1.403964e+01	5.436372e-03	-1.077309e-05	6.557455e-01	1.225428e-01	1.302601e-01	1.257861e-03	-1.088360e-02	-1.805343e-04
209	1.440000e+05	2.612619e+02	1.405311e+01	3.266439e-03	1.159599e-05	6.640676e-01	1.201105e-01	1.273995e-01	-4.488834e-04	-1.042657e-02	-1.443540e-04
211	1.440000e+05	2.637651e+02	1.406606e+01	9.973219e-04	-1.296274e-05	6.726468e-01	1.179023e-01	1.244527e-01	-2.193266e-03	-9.947777e-03	-9.555336e-05
213	1.440000e+05	2.662414e+02	1.407815e+01	-9.349213e-04	1.294621e-05	6.807916e-01	1.158146e-01	1.213809e-01	-3.620825e-03	-9.498988e-03	-4.223150e-05
215	1.440000e+05	2.687739e+02	1.408965e+01	-2.544320e-03	-1.800747e-05	6.885231e-01	1.137050e-01	1.182522e-01	-4.654381e-03	-9.049840e-03	8.758521e-06
217	1.440000e+05	2.712552e+02	1.410070e+01	-3.736035e-03	1.584030e-05	6.962355e-01	1.111388e-01	1.150280e-01	-5.058810e-03	-8.626753e-03	7.037477e-05
219	1.440000e+05	2.737511e+02	1.411082e+01	-4.403731e-03	-1.252436e-05	7.034141e-01	1.085834e-01	1.116634e-01	-4.887628e-03	-8.185822e-03	1.258486e-04
221	1.440000e+05	2.762305e+02	1.411968e+01	-4.978012e-03	1.674899e-05	7.096863e-01	1.058676e-01	1.083012e-01	-4.895465e-03	-7.790702e-03	1.715977e-04
223	1.440000e+05	2.787639e+02	1.412791e+01	-4.950897e-03	-1.530727e-05	7.157827e-01	1.026744e-01	1.050880e-01	-4.569046e-03	-7.376366e-03	2.186262e-04
225	1.440000e+05	2.812578e+02	1.413549e+01	-3.723869e-03	1.786251e-05	7.213101e-01	9.920555e-02	1.021954e-01	-3.495253e-03	-7.026628e-03	2.353348e-04
227	1.440000e+05	2.837469e+02	1.414228e+01	-2.069178e-03	-1.797064e-05	7.262593e-01	9.610204e-02	9.946083e-02	-2.341705e-03	-6.655637e-03	2.473572e-04
229	1.440000e+05	2.862289e+02	1.414848e+01	-7.810805e-04	1.457799e-05	7.312119e-01	9.335209e-02	9.681997e-02	-1.361018e-03	-6.325084e-03	2.426635e-04
231	1.440000e+05	2.887630e+02	1.415534e+01	-2.677889e-04	-1.323576e-05	7.358897e-01	9.109532e-02	9.417547e-02	-8.288092e-04	-5.978334e-03	2.470484e-04
233	1.440000e+05	2.912500e+02	1.416200e+01	1.797120e-04	1.640687e-05	7.407653e-01	8.931047e-02	9.153230e-02	-1.328288e-04	-5.693004e-03	2.318630e-04
235	1.440000e+05	2.937323e+02	1.416899e+01	7.464166e-04	-1.396639e-05	7.459763e-01	8.791473e-02	8.896914e-02	6.913448e-04	-5.389205e-03	2.219925e-04
237	1.440000e+05	2.962174e+02	1.417587e+01	1.412972e-03	1.672806e-05	7.509378e-01	8.669352e-02	8.639765e-02	1.651243e-03	-5.138629e-03	2.006850e-04
239	1.440000e+05	2.987519e+02	1.418213e+01	1.781789e-03	-1.562085e-05	7.555290e-01	8.539373e-02	8.389595e-02	2.236336e-03	-4.877219e-03	1.800536e-04
241	1.440000e+05	3.012867e+02	1.418785e+01	2.153656e-03	1.372447e-05	7.597041e-01	8.415478e-02	8.157930e-02	2.547606e-03	-4.654072e-03	1.540447e-04
243	1.440000e+05	3.037741e+02	1.419338e+01	2.856098e-03	-1.426747e-05	7.634887e-01	8.221996e-02	7.936107e-02	2.965406e-03	-4.412799e-03	1.336651e-04
245	1.440000e+05	3.062499e+02	1.419821e+01	3.878221e-03	1.358547e-05	7.672516e-01	7.951896e-02	7.726362e-02	3.391935e-03	-4.210077e-03	1.139185e-04
247	1.440000e+05	3.087376e+02	1.420249e+01	4.784923e-03	-1.066849e-05	7.710614e-01	7.717937e-02	7.506791e-02	3.525253e-03	-3.991286e-03	9.864239e-05
249	1.440000e+05	3.112760e+02	1.420686e+01	5.522389e-03	1.232276e-05	7.748797e-01	7.543572e-02	7.287018e-02	3.393758e-03	-3.830256e-03	9.022185e-05
251	1.440000e+05	3.137657e+02	1.421041e+01	6.188311e-03	-1.022681e-05	7.782059e-01	7.306186e-02	7.074931e-02	3.358007e-03	-3.635766e-03	9.027814e-05
253	1.440000e+05	3.162361e+02	1.421410e+01	6.863066e-03	1.022585e-05	7.809429e-01	7.033271e-02	6.892886e-02	3.510942e-03	-3.497250e-03	9.918690e-05
255	1.440000e+05	3.187261e+02	1.421681e+01	7.383463e-03	-1.121342e-05	7.833833e-01	6.743401e-02	6.746873e-02	3.686445e-03	-3.311484e-03	1.072830e-04
257	1.440000e+05	3.212739e+02	1.421976e+01	7.416007e-03	1.217932e-05	7.854246e-01	6.462134e-02	6.626937e-02	3.554185e-03	-3.183179e-03	1.242031e-04
259	1.440000e+05	3.237657e+02	1.422194e+01	7.470247e-03	-1.203668e-05	7.870603e-01	6.156959e-02	6.530630e-02	3.664744e-03	-3.023526e-03	1.409499e-04
261	1.440000e+05	3.262309e+02	1.422425e+01	7.442622e-03	8.904282e-06	7.887039e-01	5.896440e-02	6.444605e-02	3.936024e-03	-2.927256e-03	1.545849e-04
263	1.440000e+05	3.287231e+02	1.422624e+01	7.310784e-03	-8.274035e-06	7.906984e-01	5.698850e-02	6.371096e-02	4.255281e-03	-2.783450e-03	1.654932e-04
265	1.440000e+05	3.312625e+02	1.422846e+01	6.991853e-03	8.151164e-06	7.929784e-01	5.533332e-02	6.304388e-02	4.385921e-03	-2.708165e-03	1.724521e-04
267	1.440000e+05	3.337561e+02	1.423090e+01	6.782510e-03	-8.206357e-06	7.951332e-01	5.418710e-02	6.239190e-02	4.524633e-03	-2.578933e-03	1.737229e-04
269	1.440000e+05	3.362165e+02	1.423274e+01	6.577055e-03	9.083637e-06	7.965401e-01	5.326567e-02	6.171491e-02	4.590622e-03	-2.510399e-03	1.704527e-04
271	1.440000e+05	3.387108e+02	1.423432e+01	6.388286e-03	-7.638992e-06	7.978179e-01	5.237972e-02	6.105422e-02	4.595435e-03	-2.379959e-03	1.644615e-04
273	1.440000e+05	3.412480e+02	1.423568e+01	5.984993e-03	7.552737e-06	7.987976e-01	5.165418e-02	6.030219e-02	4.363090e-03	-2.321296e-03	1.586792e-04
275	1.440000e+05	3.437858e+02	1.423732e+01	5.633015e-03	-1.033370e-05	7.998376e-01	5.120724e-02	5.942000e-02	4.117634e-03	-2.197984e-03	1.554633e-04
277	1.440000e+05	3.462827e+02	1.423900e+01	5.298600e-03	1.127958e-05	8.011671e-01	5.107358e-02	5.829131e-02	3.844605e-03	-2.140580e-03	1.528066e-04
279	1.440000e+05	3.487373e+02	1.424062e+01	4.978609e-03	-9.316522e-06	8.024809e-01	5.053061e-02	5.694640e-02	3.598382e-03	-2.024446e-03	1.486719e-04
281	1.440000e+05	3.512361e+02	1.424217e+01	4.628114e-03	9.066796e-06	8.040327e-01	4.936064e-02	5.550702e-02	3.368069e-03	-1.972342e-03	1.418461e-04
283	1.440000e+05	3.537746e+02	1.424424e+01	4.211751e-03	-9.766177e-06	8.059641e-01	4.781685e-02	5.399327e-02	3.114914e-03	-1.852933e-03	1.342504e-04
285	1.440000e+05	3.562735e+02	1.424664e+01	3.826374e-03	1.097816e-05	8.081886e-01	4.616917e-02	5.260598e-02	2.917464e-03	-1.801330e-03	1.244902e-04
287	1.440000e+05	3.587234e+02	1.424883e+01	3.362356e-03	-1.124301e-05	8.103766e-01	4.451752e-02	5.128707e-02	2.670157e-03	-1.690316e-03	1.136813e-04
289	1.440000e+05	3.612320e+02	1.425115e+01	2.764078e-03	1.098153e-05	8.126606e-01	4.254165e-02	5.000219e-02	2.281918e-03	-1.642825e-03	9.917327e-05
291	1.440000e+05	3.637706e+02	1.425385e+01	2.311510e-03	-1.266568e-05	8.150067e-01	4.010883e-02	4.873112e-02	1.967513e-03	-1.543222e-03	8.553219e-05
293	1.440000e+05	3.662710e+02	1.425566e+01	1.986820e-03	1.329208e-05	8.175269e-01	3.743841e-02	4.748095e-02	1.739510e-03	-1.503402e-03	7.485672e-05
295	1.440000e+05	3.687170e+02	1.425792e+01	1.648391e-03	-1.291823e-05	8.195732e-01	3.477808e-02	4.626891e-02	1.465819e-03	-1.411881e-03	6.475773e-05
297	1.440000e+05	3.712194e+02	1.425933e+01	1.336305e-03	1.307445e-05	8.214283e-01	3.251314e-02	4.512045e-02	1.225595e-03	-1.376221e-03	5.643988e-05
299	1.440000e+05	3.737585e+02	1.426077e+01	1.095479e-03	-1.174045e-05	8.231377e-01	3.052971e-02	4.399366e-02	1.067959e-03	-1.287120e-03	4.695352e-05
301	1.440000e+05	3.762604e+02	1.426202e+01	8.860892e-04	1.217443e-05	8.243708e-01	2.879391e-02	4.286079e-02	9.257297e-04	-1.258504e-03	4.104358e-05
303	1.440000e+05	3.787031e+02	1.426317e+01	7.264948e-04	-1.277923e-05	8.259380e-01	2.730999e-02	4.164168e-02	8.084094e-04	-1.171807e-03	3.491562e-05
305	1.440000e+05	3.812426e+02	1.426457e+01	5.659261e-04	1.260848e-05	8.274186e-01	2.615312e-02	4.037404e-02	6.619731e-04	-1.147141e-03	3.018853e-05
307	1.440000e+05	3.837448e+02	1.426583e+01	4.932280e-04	-1.339120e-05	8.286996e-01	2.532776e-02	3.904337e-02	5.976117e-04	-1.065922e-03	2.456534e-05
309	1.440000e+05	3.862851e+02	1.426715e+01	5.185274e-04	1.360451e-05	8.298466e-01	2.478153e-02	3.772726e-02	6.406576e-04	-1.047133e-03	1.880075e-05
311	1.440000e+05	3.887885e+02	1.426785e+01	5.657523e-04	-1.365757e-05	8.307022e-01	2.415416e-02	3.642732e-02	6.920161e-04	-9.739416e-04	1.247461e-05
313	1.440000e+05	3.912288e+02	1.426844e+01	5.190642e-04	1.427774e-05	8.312559e-01	2.306256e-02	3.521065e-02	6.227567e-04	-9.636398e-04	5.962601e-06
315	1.440000e+05	3.937322e+02	1.426873e+01	3.830822e-04	-1.369007e-05	8.319957e-01	2.177302e-02	3.405246e-02	4.601181e-04	-8.970810e-04	-1.389301e-07
317	1.440000e+05	3.962732e+02	1.426954e+01	2.747015e-04	1.424999e-05	8.327338e-01	2.070061e-02	3.297098e-02	3.336371e-04	-8.884055e-04	-5.705248e-06
319	1.440000e+05	3.987773e+02	1.426999e+01	1.918181e-04	-1.449164e-05	8.334271e-01	1.980480e-02	3.191692e-02	2.325108e-04	-8.238303e-04	-1.027132e-05
321	1.440000e+05	4.012227e+02	1.427042e+01	1.635443e-04	1.458628e-05	8.341448e-01	1.905292e-02	3.093949e-02	1.874452e-04	-8.157996e-04	-1.367414e-05
323	1.440000e+05	4.037263e+02	1.427079e+01	1.249170e-04	-1.463714e-05	8.346826e-01	1.833499e-02	3.000940e-02	1.257720e-04	-7.505746e-04	-1.598702e-05
325	1.440000e+05	4.062682e+02	1.427129e+01	6.810687e-05	1.490686e-05	8.349437e-01	1.768717e-02	2.918976e-02	3.803036e-05	-7.431430e-04	-1.687493e-05
327	1.440000e+05	4.087726e+02	1.427153e+01	-1.643855e-05	-1.503512e-05	8.353480e-01	1.707123e-02	2.842291e-02	-8.308202e-05	-6.804717e-04	-1.618231e-05
329	1.440000e+05	4.112087e+02	1.427192e+01	-1.401525e-04	1.553389e-05	8.357990e-01	1.646639e-02	2.773735e-02	-2.419334e-04	-6.761652e-04	-1.371000e-05
331	1.440000e+05	4.137135e+02	1.427217e+01	-2.675881e-04	-1.541435e-05	8.363433e-01	1.588075e-02	2.704554e-02	-3.950599e-04	-6.186959e-04	-9.642332e-06
333	1.440000e+05	4.162557e+02	1.427276e+01	-3.654321e-04	1.500331e-05	8.368745e-01	1.538808e-02	2.635704e-02	-5.063175e-04	-6.195740e-04	-3.391239e-06
335	1.440000e+05	4.187626e+02	1.427319e+01	-3.983482e-04	-1.521976e-05	8.374345e-01	1.502898e-02	2.560216e-02	-5.399151e-04	-5.615527e-04	4.544746e-06
337	1.440000e+05	4.213039e+02	1.427375e+01	-3.706510e-04	1.525314e-05	8.379478e-01	1.466890e-02	2.485239e-02	-5.038900e-04	-5.632860e-04	1.385578e-05
339	1.440000e+05	4.237330e+02	1.427406e+01	-2.677798e-04	-1.568835e-05	8.384845e-01	1.420368e-02	2.408716e-02	-3.867684e-04	-5.074943e-04	2.348413e-05
341	1.440000e+05	4.262408e+02	1.427456e+01	-1.249061e-04	1.564481e-05	8.390334e-01	1.363971e-02	2.338917e-02	-2.256607e-04	-5.119969e-04	3.437287e-05
343	1.440000e+05	4.287833e+02	1.427499e+01	5.689008e-05	-1.614934e-05	8.394865e-01	1.303156e-02	2.269958e-02	-1.418740e-05	-4.576588e-04	4.522110e-05
345	1.440000e+05	4.312928e+02	1.427516e+01	2.317390e-04	1.606753e-05	8.400002e-01	1.243719e-02	2.206114e-02	2.016365e-04	-4.617256e-04	5.642383e-05
347	1.440000e+05	4.337201e+02	1.427523e+01	4.046193e-04	-1.607241e-05	8.404747e-01	1.187038e-02	2.139072e-02	4.306757e-04	-4.071576e-04	6.622205e-05
349	1.440000e+05	4.362285e+02	1.427549e+01	5.363003e-04	1.653322e-05	8.406764e-01	1.144134e-02	2.073468e-02	6.163101e-04	-4.126075e-04	7.354953e-05
351	1.440000e+05	4.387708e+02	1.427551e+01	6.155844e-04	-1.629290e-05	8.409834e-01	1.118848e-02	2.002903e-02	7.377069e-04	-3.613526e-04	7.817490e-05
353	1.440000e+05	4.412881e+02	1.427564e+01	6.580253e-04	1.661190e-05	8.410569e-01	1.104251e-02	1.933079e-02	8.095239e-04	-3.690613e-04	8.039883e-05
355	1.440000e+05	4.437123e+02	1.427577e+01	6.769238e-04	-1.643722e-05	8.412563e-01	1.095167e-02	1.857775e-02	8.480754e-04	-3.180878e-04	8.055858e-05
357	1.440000e+05	4.462217e+02	1.427598e+01	6.865539e-04	1.647025e-05	8.414559e-01	1.084190e-02	1.783965e-02	8.699101e-04	-3.270951e-04	7.891065e-05
359	1.440000e+05	4.487649e+02	1.427609e+01	6.863446e-04	-1.676123e-05	8.417033e-01	1.068144e-02	1.706056e-02	8.735640e-04	-2.757534e-04	7.591886e-05
361	1.440000e+05	4.512774e+02	1.427654e+01	6.812194e-04	1.677877e-05	8.420190e-01	1.045272e-02	1.631150e-02	8.701871e-04	-2.864293e-04	7.193282e-05
363	1.440000e+05	4.536982e+02	1.427661e+01	6.602516e-04	-1.676466e-05	8.423541e-01	1.015159e-02	1.553596e-02	8.510165e-04	-2.367020e-04	6.723673e-05
365	1.440000e+05	4.562085e+02	1.427683e+01	6.336853e-04	1.696168e-05	8.426508e-01	9.799251e-03	1.479433e-02	8.279897e-04	-2.482455e-04	6.180548e-05
367	1.440000e+05	4.587520e+02	1.427711e+01	5.830510e-04	-1.713031e-05	8.429747e-01	9.442719e-03	1.402963e-02	7.756851e-04	-1.998946e-04	5.542673e-05
369	1.440000e+05	4.612955e+02	1.427745e+01	5.125910e-04	1.695417e-05	8.432441e-01	9.113711e-03	1.331249e-02	6.939247e-04	-2.126574e-04	4.816641e-05
371	1.440000e+05	4.638066e+02	1.427758e+01	4.287365e-04	-1.709166e-05	8.436100e-01	8.835963e-03	1.258462e-02	5.904881e-04	-1.653718e-04	4.069826e-05
373	1.440000e+05	4.662248e+02	1.427788e+01	3.462066e-04	1.704833e-05	8.439501e-01	8.606438e-03	1.191159e-02	4.836978e-04	-1.800339e-04	3.374658e-05
375	1.440000e+05	4.687387e+02	1.427826e+01	2.717482e-04	-1.703752e-05	8.442284e-01	8.427431e-03	1.120819e-02	3.845363e-04	-1.340763e-04	2.766044e-05
377	1.440000e+05	4.712799e+02	1.427836e+01	2.061779e-04	1.708436e-05	8.445973e-01	8.281536e-03	1.051812e-02	2.964925e-04	-1.495364e-04	2.233595e-05
379	1.440000e+05	4.737907e+02	1.427860e+01	1.444031e-04	-1.698629e-05	8.448918e-01	8.197145e-03	9.759281e-03	2.126340e-04	-1.053176e-04	1.760322e-05
381	1.440000e+05	4.762108e+02	1.427879e+01	8.928745e-05	1.706145e-05	8.452725e-01	8.172728e-03	8.993481e-03	1.366456e-04	-1.235638e-04	1.372479e-05
383	1.440000e+05	4.787241e+02	1.427901e+01	5.038446e-05	-1.708049e-05	8.455797e-01	8.188565e-03	8.179574e-03	8.248373e-05	-8.017455e-05	1.083559e-05
385	1.440000e+05	4.812759e+02	1.427922e+01	2.470780e-05	1.713399e-05	8.457918e-01	8.200523e-03	7.411985e-03	4.559385e-05	-1.007348e-04	8.738633e-06
387	1.440000e+05	4.837899e+02	1.427933e+01	1.520160e-05	-1.707763e-05	8.460041e-01	8.235195e-03	6.649375e-03	3.159849e-05	-6.033843e-05	7.402127e-06
389	1.440000e+05	4.862129e+02	1.427934e+01	2.348593e-05	1.707917e-05	8.461422e-01	8.331573e-03	5.944962e-03	4.237261e-05	-8.154020e-05	7.014694e-06
391	1.440000e+05	4.887282e+02	1.427951e+01	5.553613e-05	-1.699554e-05	8.462078e-01	8.584054e-03	5.200015e-03	8.593171e-05	-4.062586e-05	7.204317e-06
393	1.440000e+05	4.912500e+02	1.427930e+01	9.637963e-05	1.711424e-05	8.462569e-01	9.082953e-03	4.385079e-03	1.429504e-04	-6.016760e-05	7.213436e-06
395	1.440000e+05	4.937638e+02	1.427957e+01	9.208110e-05	-1.736294e-05	8.463218e-01	9.722853e-03	3.367753e-03	1.388606e-04	-1.519201e-05	5.236368e-06
397	1.440000e+05	4.961895e+02	1.427967e+01	3.367987e-05	1.729591e-05	8.465014e-01	1.020749e-02	2.166527e-03	5.739698e-05	-3.359229e-05	1.895301e-06
399	1.440000e+05	4.987036e+02	1.428055e+01	-1.751210e-06	-1.776227e-05	8.471038e-01	1.035348e-02	7.664899e-04	4.990114e-06	1.359471e-05	1.123132e-07
