Time (s)	9.600000e+03	dt_sampled - EXTRA_TIME	3.600000e+03
 i	 Vol	 Z	 Uavg	 Vavg	 Wavg	 Urms	 Vrms	 Wrms	 UVmean	 UWmean	 VWmean
0	6.299841e+04	6.250091e-01	6.978109e-01	5.682681e-03	-8.603042e-02	9.090110e-01	9.197974e-01	2.565035e-01	-2.050872e-03	1.211581e-03	4.497327e-05
1	6.299841e+04	1.875173e+00	1.030822e+00	6.594101e-04	3.685916e-02	8.368660e-01	7.934405e-01	4.298998e-01	3.127169e-04	-2.943898e-02	7.758158e-05
2	6.299841e+04	3.125400e+00	1.186771e+00	1.580186e-04	-2.169862e-02	8.176252e-01	7.502102e-01	5.148211e-01	1.888848e-03	-4.464880e-02	1.057168e-04
3	6.299841e+04	4.375069e+00	1.277705e+00	1.339684e-04	1.527420e-02	8.160010e-01	7.264857e-01	5.667239e-01	2.410763e-03	-5.039711e-02	1.642446e-04
4	6.299848e+04	5.625588e+00	1.336194e+00	4.827326e-04	-9.952920e-03	8.136888e-01	7.133078e-01	6.007638e-01	2.589894e-03	-6.361825e-02	9.395643e-05
5	6.299848e+04	6.875798e+00	1.376881e+00	3.794924e-04	7.037523e-03	8.115029e-01	7.059349e-01	6.239675e-01	2.335719e-03	-7.100023e-02	1.915701e-04
6	6.299851e+04	8.125542e+00	1.415044e+00	2.054281e-04	-4.950262e-03	8.105816e-01	7.025427e-01	6.448134e-01	9.948185e-04	-8.490349e-02	2.765224e-04
7	6.299850e+04	9.375190e+00	1.451842e+00	2.367109e-04	3.657848e-03	8.125684e-01	7.024436e-01	6.602641e-01	-8.257114e-04	-9.646369e-02	3.474835e-04
8	6.300080e+04	1.062495e+01	1.494597e+00	1.881522e-04	-2.738287e-03	8.179269e-01	7.043254e-01	6.750135e-01	-1.909066e-03	-1.126240e-01	2.941181e-04
9	6.300080e+04	1.187444e+01	1.541095e+00	2.797773e-04	2.163415e-03	8.265362e-01	7.076405e-01	6.864699e-01	-1.084923e-03	-1.288721e-01	2.207663e-04
10	6.300071e+04	1.312418e+01	1.597246e+00	2.953624e-04	-1.805154e-03	8.385038e-01	7.111741e-01	6.967784e-01	6.478148e-04	-1.495498e-01	1.755370e-05
11	6.300113e+04	1.437415e+01	1.661964e+00	-3.611431e-04	1.601745e-03	8.544672e-01	7.159700e-01	7.046836e-01	1.547964e-03	-1.721729e-01	-4.820603e-06
12	6.300076e+04	1.562402e+01	1.744544e+00	-1.304609e-03	-1.783234e-03	8.756851e-01	7.207968e-01	7.100249e-01	2.823298e-03	-1.993139e-01	-4.036106e-05
13	6.300066e+04	1.687446e+01	1.842583e+00	-3.255131e-03	1.735294e-03	9.028796e-01	7.278605e-01	7.122185e-01	4.060795e-03	-2.287465e-01	-9.881114e-05
14	6.299325e+04	1.812432e+01	1.978867e+00	-5.848627e-03	-2.357890e-03	9.388372e-01	7.368181e-01	7.094491e-01	5.838804e-03	-2.621188e-01	-1.366819e-04
15	6.299300e+04	1.937633e+01	2.151752e+00	-8.216977e-03	1.933162e-03	9.870737e-01	7.494767e-01	7.054612e-01	7.484727e-03	-2.936040e-01	4.357841e-05
16	7.200361e+04	2.062462e+01	2.304799e+00	-1.007336e-02	1.567421e-02	1.072466e+00	7.949281e-01	6.567155e-01	1.062950e-02	-2.676771e-01	1.189255e-04
17	7.200321e+04	2.187835e+01	2.574378e+00	-1.242477e-02	-7.105758e-03	1.094794e+00	7.964630e-01	6.587576e-01	1.232396e-02	-3.040851e-01	-7.280909e-05
18	7.197987e+04	2.312083e+01	2.761564e+00	-1.473192e-02	5.336302e-03	1.092568e+00	7.931144e-01	6.594773e-01	1.288590e-02	-2.944159e-01	5.548343e-05
19	7.197969e+04	2.437657e+01	2.918993e+00	-1.644646e-02	-3.951383e-03	1.087995e+00	7.885545e-01	6.648412e-01	1.303808e-02	-3.013969e-01	4.705336e-05
20	7.197967e+04	2.561959e+01	3.051581e+00	-1.759522e-02	2.991329e-03	1.084751e+00	7.840493e-01	6.639209e-01	1.352481e-02	-2.951653e-01	2.790191e-04
21	7.197979e+04	2.687571e+01	3.173619e+00	-1.880508e-02	-2.350504e-03	1.083416e+00	7.801561e-01	6.654222e-01	1.357161e-02	-2.965998e-01	3.326268e-04
22	7.197970e+04	2.811882e+01	3.285000e+00	-1.973918e-02	1.814190e-03	1.082743e+00	7.760320e-01	6.635053e-01	1.315035e-02	-2.921672e-01	5.028165e-04
23	7.198013e+04	2.937435e+01	3.389800e+00	-2.070848e-02	-1.459073e-03	1.081896e+00	7.719711e-01	6.631125e-01	1.242223e-02	-2.918050e-01	5.263949e-04
24	7.198037e+04	3.061723e+01	3.488670e+00	-2.182786e-02	1.139726e-03	1.080375e+00	7.682427e-01	6.608211e-01	1.188620e-02	-2.880557e-01	6.232123e-04
25	7.198065e+04	3.187208e+01	3.584344e+00	-2.243924e-02	-9.422447e-04	1.079001e+00	7.645739e-01	6.596984e-01	1.185112e-02	-2.867156e-01	7.240633e-04
26	7.198070e+04	3.311946e+01	3.677285e+00	-2.308431e-02	7.265253e-04	1.077509e+00	7.611753e-01	6.575879e-01	1.119918e-02	-2.831986e-01	7.335701e-04
27	7.198106e+04	3.436686e+01	3.767847e+00	-2.425931e-02	-6.168114e-04	1.076280e+00	7.573420e-01	6.562510e-01	1.019846e-02	-2.811413e-01	6.813907e-04
28	7.198121e+04	3.561568e+01	3.855675e+00	-2.562579e-02	4.709839e-04	1.075188e+00	7.528909e-01	6.542171e-01	9.498781e-03	-2.776812e-01	5.751611e-04
29	7.198105e+04	3.686962e+01	3.941254e+00	-2.701945e-02	-4.227145e-04	1.074215e+00	7.482281e-01	6.525987e-01	9.090967e-03	-2.752022e-01	4.561071e-04
30	7.213562e+04	3.812094e+01	4.025775e+00	-2.863624e-02	3.271180e-04	1.073315e+00	7.437887e-01	6.503358e-01	8.750484e-03	-2.717717e-01	3.279007e-04
31	7.213605e+04	3.937129e+01	4.108606e+00	-3.025811e-02	-2.972184e-04	1.072128e+00	7.398713e-01	6.483010e-01	8.552502e-03	-2.690262e-01	2.922424e-04
32	7.200341e+04	4.062430e+01	4.189700e+00	-3.185216e-02	2.184047e-04	1.070758e+00	7.360105e-01	6.460820e-01	8.533880e-03	-2.657452e-01	2.070344e-04
33	7.200330e+04	4.187168e+01	4.268966e+00	-3.329293e-02	-2.073858e-04	1.068927e+00	7.317792e-01	6.442578e-01	8.851564e-03	-2.629018e-01	1.401263e-04
34	7.200296e+04	4.312790e+01	4.345981e+00	-3.470607e-02	1.449494e-04	1.066926e+00	7.270760e-01	6.424260e-01	9.081197e-03	-2.596689e-01	4.545862e-05
35	7.200295e+04	4.438206e+01	4.421308e+00	-3.596175e-02	-1.429352e-04	1.064880e+00	7.220610e-01	6.408308e-01	8.763790e-03	-2.567399e-01	1.542054e-06
36	7.200309e+04	4.562483e+01	4.495314e+00	-3.701857e-02	8.681806e-05	1.062748e+00	7.169525e-01	6.391080e-01	8.780075e-03	-2.534598e-01	-1.233590e-04
37	7.200324e+04	4.687191e+01	4.567677e+00	-3.820924e-02	-8.788276e-05	1.060834e+00	7.115099e-01	6.373326e-01	9.040320e-03	-2.504207e-01	-2.074394e-04
38	7.200378e+04	4.812636e+01	4.638229e+00	-3.981608e-02	5.705200e-05	1.059499e+00	7.059000e-01	6.352085e-01	9.511264e-03	-2.471297e-01	-3.802291e-04
39	7.200376e+04	4.938316e+01	4.707005e+00	-4.166520e-02	-6.417161e-05	1.058501e+00	7.002552e-01	6.329783e-01	1.066536e-02	-2.440336e-01	-4.539949e-04
40	7.200414e+04	5.062899e+01	4.773650e+00	-4.307740e-02	3.206338e-05	1.057664e+00	6.946588e-01	6.305836e-01	1.181936e-02	-2.408068e-01	-5.363164e-04
41	7.200419e+04	5.187096e+01	4.838055e+00	-4.411564e-02	-4.127443e-05	1.057143e+00	6.887021e-01	6.281984e-01	1.296579e-02	-2.376920e-01	-6.132280e-04
42	7.200458e+04	5.312433e+01	4.900119e+00	-4.478715e-02	1.866800e-05	1.057067e+00	6.826788e-01	6.257998e-01	1.418616e-02	-2.345771e-01	-6.653876e-04
43	7.200457e+04	5.438137e+01	4.959883e+00	-4.535437e-02	-2.946090e-05	1.056809e+00	6.762426e-01	6.236129e-01	1.509793e-02	-2.315430e-01	-7.409835e-04
44	7.200427e+04	5.563274e+01	5.017846e+00	-4.613861e-02	8.991056e-06	1.056461e+00	6.696597e-01	6.215110e-01	1.589725e-02	-2.285428e-01	-7.583272e-04
45	7.200415e+04	5.687240e+01	5.074030e+00	-4.724566e-02	-1.120540e-05	1.056032e+00	6.639314e-01	6.195755e-01	1.661133e-02	-2.256293e-01	-8.464853e-04
46	7.200428e+04	5.812349e+01	5.128665e+00	-4.803627e-02	-1.196367e-05	1.055500e+00	6.592249e-01	6.176677e-01	1.678709e-02	-2.226889e-01	-9.352281e-04
47	7.200430e+04	5.938029e+01	5.181666e+00	-4.861800e-02	1.819883e-06	1.054631e+00	6.550225e-01	6.158403e-01	1.645007e-02	-2.198168e-01	-1.055426e-03
48	7.200389e+04	6.063459e+01	5.233389e+00	-4.914682e-02	-2.289920e-05	1.053584e+00	6.510661e-01	6.139073e-01	1.562894e-02	-2.170502e-01	-1.182924e-03
49	7.200379e+04	6.187809e+01	5.283730e+00	-4.940940e-02	2.514649e-05	1.052416e+00	6.471803e-01	6.120790e-01	1.499221e-02	-2.143338e-01	-1.256156e-03
50	7.200360e+04	6.312520e+01	5.332360e+00	-4.987440e-02	-5.575976e-05	1.051132e+00	6.432930e-01	6.102898e-01	1.382771e-02	-2.117371e-01	-1.293260e-03
51	7.200369e+04	6.437863e+01	5.379035e+00	-5.026067e-02	5.685904e-05	1.049520e+00	6.393258e-01	6.085334e-01	1.166093e-02	-2.091698e-01	-1.252004e-03
52	7.200364e+04	6.563102e+01	5.423144e+00	-5.031631e-02	-8.461942e-05	1.047475e+00	6.352757e-01	6.066261e-01	9.259176e-03	-2.067057e-01	-1.164539e-03
53	7.200366e+04	6.687630e+01	5.464733e+00	-4.999996e-02	8.513547e-05	1.045202e+00	6.315486e-01	6.047958e-01	6.902847e-03	-2.043380e-01	-1.071983e-03
54	7.200340e+04	6.812001e+01	5.504590e+00	-4.921107e-02	-1.176143e-04	1.042631e+00	6.276867e-01	6.026871e-01	4.685136e-03	-2.020046e-01	-1.006076e-03
55	7.200313e+04	6.937585e+01	5.542449e+00	-4.826170e-02	1.194252e-04	1.039584e+00	6.238132e-01	6.007515e-01	2.458656e-03	-1.998285e-01	-9.146440e-04
56	7.200341e+04	7.063453e+01	5.578796e+00	-4.741248e-02	-1.574050e-04	1.036281e+00	6.200627e-01	5.984223e-01	7.772338e-04	-1.976144e-01	-8.634715e-04
57	7.200344e+04	7.189005e+01	5.613286e+00	-4.676185e-02	1.519735e-04	1.032848e+00	6.160323e-01	5.964971e-01	-3.714237e-04	-1.956915e-01	-7.324512e-04
58	7.200252e+04	7.313580e+01	5.647264e+00	-4.582520e-02	-1.846981e-04	1.029133e+00	6.119444e-01	5.936083e-01	-1.424707e-03	-1.937347e-01	-6.563096e-04
59	7.200253e+04	7.438148e+01	5.678250e+00	-4.453573e-02	1.507472e-04	1.025540e+00	6.075382e-01	5.916613e-01	-2.352527e-03	-1.923371e-01	-5.419353e-04
60	7.200269e+04	7.562762e+01	5.709138e+00	-4.325167e-02	-1.810342e-04	1.022026e+00	6.031934e-01	5.872129e-01	-3.191928e-03	-1.905272e-01	-4.115829e-04
61	7.200242e+04	7.687481e+01	5.736473e+00	-4.174462e-02	1.683153e-05	1.017941e+00	5.981415e-01	5.852221e-01	-3.724062e-03	-1.898908e-01	-2.296793e-04
62	7.191646e+04	7.813601e+01	5.764599e+00	-4.010700e-02	1.130247e-04	1.013388e+00	5.928735e-01	5.762676e-01	-4.482339e-03	-1.877931e-01	-1.905661e-04
63	7.191644e+04	7.938412e+01	5.787319e+00	-3.839684e-02	-9.566763e-04	1.008841e+00	5.873896e-01	5.763764e-01	-5.130075e-03	-1.882769e-01	5.020396e-05
64	5.938594e+03	8.124998e+01	5.333163e+00	-4.230308e-02	1.080764e-01	8.861846e-01	5.882070e-01	5.764754e-01	3.817453e-02	-1.770744e-01	4.381995e-03
65	1.380607e+05	8.125045e+01	5.838636e+00	-3.492391e-02	-1.367328e-03	9.986975e-01	5.587255e-01	5.522488e-01	-7.977313e-03	-1.854944e-01	3.256436e-06
66	5.938870e+03	8.374987e+01	5.391772e+00	-4.433225e-02	1.007801e-01	8.809063e-01	5.804829e-01	5.707759e-01	3.669281e-02	-1.753227e-01	4.183648e-03
67	1.380616e+05	8.374939e+01	5.892650e+00	-3.178655e-02	-8.415705e-03	9.948045e-01	5.544911e-01	5.467815e-01	-9.625241e-03	-1.826697e-01	3.976132e-04
68	5.938869e+03	8.624988e+01	5.448360e+00	-4.521644e-02	1.095768e-01	8.775826e-01	5.745608e-01	5.642665e-01	3.419958e-02	-1.755940e-01	2.325486e-03
69	1.380613e+05	8.624984e+01	5.943724e+00	-2.888810e-02	-1.533877e-03	9.896327e-01	5.518644e-01	5.424836e-01	-1.167917e-02	-1.829733e-01	7.878843e-04
70	5.938878e+03	8.874988e+01	5.504777e+00	-4.554290e-02	1.045022e-01	8.762789e-01	5.729784e-01	5.627778e-01	3.106141e-02	-1.741366e-01	1.281642e-03
71	1.380615e+05	8.874944e+01	5.992442e+00	-2.576561e-02	-7.103387e-03	9.852226e-01	5.526131e-01	5.414832e-01	-1.216717e-02	-1.810861e-01	1.607602e-03
72	5.938868e+03	9.124990e+01	5.561011e+00	-4.510435e-02	1.100956e-01	8.750860e-01	5.733646e-01	5.615917e-01	2.712513e-02	-1.755430e-01	9.709877e-04
73	1.380613e+05	9.124996e+01	6.039958e+00	-2.274596e-02	-2.581937e-03	9.789425e-01	5.540857e-01	5.409415e-01	-1.263717e-02	-1.810164e-01	2.043715e-03
74	5.938868e+03	9.374991e+01	5.614534e+00	-4.565573e-02	1.068808e-01	8.752561e-01	5.733500e-01	5.626528e-01	2.320488e-02	-1.768733e-01	2.325851e-03
75	1.380611e+05	9.374995e+01	6.086533e+00	-2.109321e-02	-6.375121e-03	9.722023e-01	5.548760e-01	5.412028e-01	-1.406753e-02	-1.804690e-01	2.479745e-03
76	5.938868e+03	9.624992e+01	5.666549e+00	-4.708195e-02	1.095589e-01	8.747174e-01	5.720040e-01	5.627338e-01	2.155978e-02	-1.765403e-01	4.119511e-03
77	1.380611e+05	9.624971e+01	6.132869e+00	-2.067744e-02	-3.238852e-03	9.656436e-01	5.548780e-01	5.415602e-01	-1.571066e-02	-1.803105e-01	2.559432e-03
78	5.938868e+03	9.874995e+01	5.716839e+00	-4.814397e-02	1.075567e-01	8.721914e-01	5.714947e-01	5.625313e-01	2.096165e-02	-1.752242e-01	5.475743e-03
79	1.380611e+05	9.875003e+01	6.179120e+00	-2.149207e-02	-5.865591e-03	9.587587e-01	5.562928e-01	5.420896e-01	-1.788920e-02	-1.799193e-01	2.848885e-03
80	5.938876e+03	1.012499e+02	5.765437e+00	-5.085060e-02	1.113334e-01	8.703120e-01	5.721738e-01	5.607617e-01	2.215694e-02	-1.726714e-01	4.535341e-03
81	1.380612e+05	1.012499e+02	6.225515e+00	-2.398942e-02	-3.770179e-03	9.513845e-01	5.581013e-01	5.424854e-01	-1.938953e-02	-1.793952e-01	2.979986e-03
82	5.938868e+03	1.037499e+02	5.810398e+00	-5.626022e-02	1.125250e-01	8.685151e-01	5.719042e-01	5.588806e-01	2.223764e-02	-1.695990e-01	2.529648e-03
83	1.380612e+05	1.037502e+02	6.271244e+00	-2.742440e-02	-5.687597e-03	9.433940e-01	5.601405e-01	5.426912e-01	-2.041260e-02	-1.790230e-01	3.297963e-03
84	5.938868e+03	1.062499e+02	5.854406e+00	-6.064890e-02	1.173755e-01	8.642736e-01	5.692800e-01	5.565413e-01	1.957998e-02	-1.658687e-01	8.202845e-04
85	1.380611e+05	1.062500e+02	6.316974e+00	-3.031646e-02	-4.362774e-03	9.346893e-01	5.607250e-01	5.428750e-01	-2.165312e-02	-1.786795e-01	3.470494e-03
86	5.938868e+03	1.087499e+02	5.897162e+00	-6.371430e-02	1.201690e-01	8.608536e-01	5.672674e-01	5.536053e-01	1.597183e-02	-1.617200e-01	-3.341111e-06
87	1.380612e+05	1.087498e+02	6.362505e+00	-3.266286e-02	-5.744898e-03	9.257696e-01	5.614144e-01	5.426438e-01	-2.302305e-02	-1.785026e-01	3.601974e-03
88	5.938867e+03	1.112499e+02	5.937942e+00	-6.289633e-02	1.237563e-01	8.556511e-01	5.667564e-01	5.510486e-01	1.415102e-02	-1.574904e-01	-9.943368e-04
89	1.380609e+05	1.112497e+02	6.408327e+00	-3.355746e-02	-4.850562e-03	9.159995e-01	5.621400e-01	5.421709e-01	-2.397448e-02	-1.781694e-01	3.484080e-03
90	5.938868e+03	1.137499e+02	5.980219e+00	-6.082993e-02	1.253191e-01	8.482943e-01	5.675576e-01	5.492489e-01	1.447479e-02	-1.540732e-01	-9.518683e-04
91	1.380609e+05	1.137497e+02	6.454360e+00	-3.275412e-02	-5.795329e-03	9.057464e-01	5.621848e-01	5.414760e-01	-2.460399e-02	-1.779133e-01	3.304933e-03
92	5.938876e+03	1.162499e+02	6.026472e+00	-5.752679e-02	1.273729e-01	8.422220e-01	5.690823e-01	5.477931e-01	1.468128e-02	-1.518387e-01	-5.500445e-04
93	1.380608e+05	1.162498e+02	6.502329e+00	-3.074102e-02	-5.134644e-03	8.957258e-01	5.611117e-01	5.405874e-01	-2.501758e-02	-1.773756e-01	3.080635e-03
94	5.938869e+03	1.187499e+02	6.073250e+00	-5.381998e-02	1.276767e-01	8.358456e-01	5.691824e-01	5.465729e-01	1.313677e-02	-1.505480e-01	-3.535251e-04
95	1.380609e+05	1.187498e+02	6.551148e+00	-2.933782e-02	-5.791422e-03	8.859628e-01	5.592889e-01	5.401703e-01	-2.441827e-02	-1.770959e-01	2.776631e-03
96	5.938871e+03	1.212499e+02	6.120265e+00	-5.166496e-02	1.269540e-01	8.288651e-01	5.688813e-01	5.463346e-01	1.195081e-02	-1.507636e-01	-7.666121e-05
97	1.380610e+05	1.212507e+02	6.599644e+00	-2.916740e-02	-5.211423e-03	8.758759e-01	5.576951e-01	5.404478e-01	-2.252326e-02	-1.767461e-01	2.336901e-03
98	5.938872e+03	1.237498e+02	6.172097e+00	-4.953175e-02	1.244957e-01	8.226905e-01	5.683816e-01	5.467564e-01	1.330185e-02	-1.523537e-01	3.934351e-04
99	1.380610e+05	1.237505e+02	6.648423e+00	-2.999205e-02	-5.576613e-03	8.661236e-01	5.569370e-01	5.410431e-01	-1.979047e-02	-1.765811e-01	1.650557e-03
100	5.938871e+03	1.262499e+02	6.226173e+00	-4.788592e-02	1.223487e-01	8.200127e-01	5.676838e-01	5.484608e-01	1.661566e-02	-1.547061e-01	4.729845e-04
101	1.380609e+05	1.262500e+02	6.696811e+00	-3.129397e-02	-5.085169e-03	8.589165e-01	5.565407e-01	5.417346e-01	-1.693696e-02	-1.766169e-01	9.215853e-04
102	5.938877e+03	1.287499e+02	6.280750e+00	-4.327229e-02	1.198218e-01	8.190069e-01	5.676955e-01	5.499179e-01	1.993759e-02	-1.561354e-01	-5.406686e-04
103	1.380610e+05	1.287502e+02	6.745282e+00	-3.100920e-02	-5.322248e-03	8.534216e-01	5.565913e-01	5.421954e-01	-1.493912e-02	-1.767963e-01	5.880861e-04
104	5.938870e+03	1.312499e+02	6.337183e+00	-3.919658e-02	1.173674e-01	8.160158e-01	5.711889e-01	5.513689e-01	2.018049e-02	-1.574672e-01	-1.153611e-03
105	1.380615e+05	1.312491e+02	6.795192e+00	-3.027163e-02	-4.905376e-03	8.486367e-01	5.575697e-01	5.423533e-01	-1.483296e-02	-1.768678e-01	3.444796e-04
106	5.938870e+03	1.337499e+02	6.393317e+00	-3.745854e-02	1.137924e-01	8.126122e-01	5.750935e-01	5.522665e-01	1.786999e-02	-1.579055e-01	-1.828036e-04
107	1.380616e+05	1.337493e+02	6.845534e+00	-3.008882e-02	-5.038755e-03	8.437136e-01	5.592189e-01	5.425113e-01	-1.714418e-02	-1.770324e-01	3.053722e-04
108	5.938869e+03	1.362499e+02	6.449928e+00	-3.581326e-02	1.103318e-01	8.104886e-01	5.776976e-01	5.524949e-01	1.621988e-02	-1.590295e-01	2.029426e-04
109	1.380612e+05	1.362499e+02	6.895776e+00	-2.874821e-02	-4.616476e-03	8.390350e-01	5.617610e-01	5.426633e-01	-1.990777e-02	-1.771121e-01	4.380247e-04
110	5.938871e+03	1.387499e+02	6.506822e+00	-3.100801e-02	1.072634e-01	8.073625e-01	5.777221e-01	5.516322e-01	1.634448e-02	-1.603493e-01	-4.661263e-04
111	1.380611e+05	1.387500e+02	6.946522e+00	-2.511182e-02	-4.730506e-03	8.348222e-01	5.636941e-01	5.428976e-01	-2.252463e-02	-1.773837e-01	6.474014e-04
112	5.938870e+03	1.412499e+02	6.564469e+00	-2.685108e-02	1.043095e-01	8.061044e-01	5.756833e-01	5.509364e-01	1.460514e-02	-1.619675e-01	-2.459018e-04
113	1.380611e+05	1.412511e+02	6.996585e+00	-2.038530e-02	-4.389767e-03	8.328961e-01	5.640553e-01	5.434621e-01	-2.447884e-02	-1.775471e-01	8.046516e-04
114	5.938871e+03	1.437498e+02	6.620082e+00	-2.482381e-02	1.009181e-01	8.065015e-01	5.720986e-01	5.498254e-01	9.411597e-03	-1.637456e-01	5.779687e-04
115	1.380610e+05	1.437503e+02	7.045876e+00	-1.744713e-02	-4.429864e-03	8.325306e-01	5.639262e-01	5.441589e-01	-2.666146e-02	-1.778175e-01	8.467815e-04
116	5.938871e+03	1.462499e+02	6.676742e+00	-2.071538e-02	9.803127e-02	8.032229e-01	5.704728e-01	5.489761e-01	4.848583e-03	-1.657042e-01	1.397707e-03
117	1.380610e+05	1.462506e+02	7.094526e+00	-1.542872e-02	-4.157784e-03	8.306783e-01	5.646026e-01	5.448611e-01	-2.875250e-02	-1.780807e-01	8.542299e-04
118	5.938872e+03	1.487498e+02	6.734604e+00	-1.684703e-02	9.515531e-02	7.998692e-01	5.701915e-01	5.480843e-01	2.049711e-03	-1.681972e-01	1.030045e-03
119	1.380610e+05	1.487496e+02	7.144281e+00	-1.412294e-02	-4.155262e-03	8.288265e-01	5.657036e-01	5.452563e-01	-3.002135e-02	-1.784533e-01	7.804701e-04
120	5.938889e+03	1.512497e+02	6.794383e+00	-1.226870e-02	9.360766e-02	8.010125e-01	5.707118e-01	5.469735e-01	1.804431e-03	-1.712018e-01	-2.529647e-04
121	1.380611e+05	1.512503e+02	7.196472e+00	-1.286824e-02	-3.962931e-03	8.276920e-01	5.671641e-01	5.452507e-01	-3.051024e-02	-1.787371e-01	6.144590e-04
122	5.938873e+03	1.537498e+02	6.855270e+00	-5.341103e-03	9.067529e-02	8.062300e-01	5.709730e-01	5.467424e-01	1.162512e-03	-1.741589e-01	-1.792307e-03
123	1.380607e+05	1.537506e+02	7.250323e+00	-1.022867e-02	-3.968206e-03	8.263168e-01	5.687022e-01	5.452361e-01	-3.127487e-02	-1.789695e-01	5.257254e-04
124	5.938873e+03	1.562498e+02	6.916048e+00	-8.015399e-04	8.684413e-02	8.154659e-01	5.732444e-01	5.479370e-01	1.581000e-03	-1.774591e-01	-2.980018e-03
125	1.380610e+05	1.562498e+02	7.305029e+00	-6.659086e-03	-3.685788e-03	8.261961e-01	5.702895e-01	5.451752e-01	-3.259571e-02	-1.791531e-01	4.892133e-04
126	5.938874e+03	1.587498e+02	6.979160e+00	1.907114e-03	8.181343e-02	8.276389e-01	5.770773e-01	5.500217e-01	2.460216e-03	-1.820308e-01	-2.928426e-03
127	1.380610e+05	1.587496e+02	7.360975e+00	-2.188733e-03	-3.560883e-03	8.272682e-01	5.718325e-01	5.446581e-01	-3.367015e-02	-1.791611e-01	6.232506e-04
128	5.938874e+03	1.612497e+02	7.047816e+00	4.403332e-03	7.754549e-02	8.414172e-01	5.813406e-01	5.521191e-01	3.278295e-03	-1.877313e-01	-3.266445e-03
129	1.380611e+05	1.612502e+02	7.419079e+00	2.071831e-03	-3.314282e-03	8.295814e-01	5.722188e-01	5.438073e-01	-3.387558e-02	-1.791498e-01	7.583751e-04
130	5.938874e+03	1.637498e+02	7.120678e+00	6.421967e-03	7.449659e-02	8.536314e-01	5.846509e-01	5.534984e-01	2.168133e-03	-1.925416e-01	-3.838458e-03
131	1.380611e+05	1.637503e+02	7.479436e+00	4.813827e-03	-3.239417e-03	8.325969e-01	5.726661e-01	5.423849e-01	-3.332375e-02	-1.791844e-01	9.516166e-04
132	5.938874e+03	1.662498e+02	7.193014e+00	9.206226e-03	7.212529e-02	8.660273e-01	5.857918e-01	5.541047e-01	7.871095e-04	-1.965805e-01	-3.342711e-03
133	1.380611e+05	1.662504e+02	7.540143e+00	7.687971e-03	-3.065358e-03	8.366313e-01	5.730924e-01	5.406876e-01	-3.283792e-02	-1.793789e-01	1.219079e-03
134	5.938874e+03	1.687498e+02	7.266320e+00	1.121255e-02	7.007039e-02	8.772101e-01	5.866221e-01	5.542865e-01	8.895463e-05	-1.990149e-01	-2.833121e-03
135	1.380611e+05	1.687502e+02	7.600273e+00	1.059981e-02	-3.069406e-03	8.403006e-01	5.741693e-01	5.392152e-01	-3.209962e-02	-1.793683e-01	1.573067e-03
136	5.938872e+03	1.712499e+02	7.335948e+00	1.270471e-02	6.761174e-02	8.851190e-01	5.853421e-01	5.540562e-01	-1.556048e-03	-2.000629e-01	-2.690295e-03
137	1.380611e+05	1.712499e+02	7.659679e+00	1.286686e-02	-2.849024e-03	8.416984e-01	5.745112e-01	5.381455e-01	-3.149265e-02	-1.793686e-01	2.069518e-03
138	5.938872e+03	1.737498e+02	7.403341e+00	1.441965e-02	6.632089e-02	8.886173e-01	5.832324e-01	5.548655e-01	-5.091286e-03	-2.001646e-01	-2.797741e-03
139	1.380610e+05	1.737507e+02	7.718296e+00	1.598172e-02	-2.906822e-03	8.418563e-01	5.740630e-01	5.373157e-01	-3.224218e-02	-1.790237e-01	2.578859e-03
140	5.938872e+03	1.762498e+02	7.473703e+00	1.629713e-02	6.540827e-02	8.914770e-01	5.812015e-01	5.560980e-01	-8.090811e-03	-2.009600e-01	-2.601119e-03
141	1.380609e+05	1.762499e+02	7.776886e+00	1.971351e-02	-2.767745e-03	8.417421e-01	5.737529e-01	5.364837e-01	-3.270943e-02	-1.788301e-01	3.034109e-03
142	5.938890e+03	1.787498e+02	7.543957e+00	1.889777e-02	6.444032e-02	8.955260e-01	5.793163e-01	5.566287e-01	-8.914184e-03	-2.019733e-01	-2.963400e-03
143	1.380610e+05	1.787502e+02	7.834528e+00	2.350316e-02	-2.819960e-03	8.410658e-01	5.724816e-01	5.353088e-01	-3.199806e-02	-1.784579e-01	3.432101e-03
144	5.938872e+03	1.812499e+02	7.612232e+00	2.313534e-02	6.337233e-02	8.995158e-01	5.774619e-01	5.551016e-01	-7.397954e-03	-2.015561e-01	-1.825806e-03
145	1.380610e+05	1.812497e+02	7.893083e+00	2.701877e-02	-2.684695e-03	8.410102e-01	5.702880e-01	5.337026e-01	-2.919774e-02	-1.782290e-01	3.607002e-03
146	5.938873e+03	1.837498e+02	7.680790e+00	2.838322e-02	6.236595e-02	9.019186e-01	5.765438e-01	5.521689e-01	-5.522166e-03	-1.998960e-01	-6.039253e-04
147	1.380613e+05	1.837497e+02	7.951686e+00	2.979688e-02	-2.715605e-03	8.409773e-01	5.679756e-01	5.318512e-01	-2.683496e-02	-1.778525e-01	3.599330e-03
148	5.938872e+03	1.862498e+02	7.751861e+00	3.233756e-02	6.009810e-02	9.055896e-01	5.780063e-01	5.486246e-01	-1.598552e-03	-1.998902e-01	-1.881646e-04
149	1.380613e+05	1.862501e+02	8.010426e+00	3.194732e-02	-2.544861e-03	8.411292e-01	5.652646e-01	5.296631e-01	-2.555177e-02	-1.774803e-01	3.731317e-03
150	5.938872e+03	1.887498e+02	7.823447e+00	3.396171e-02	5.893037e-02	9.103903e-01	5.798441e-01	5.451249e-01	3.222057e-03	-2.017514e-01	-1.296832e-03
151	1.380613e+05	1.887497e+02	8.067616e+00	3.288146e-02	-2.566872e-03	8.413277e-01	5.641037e-01	5.275471e-01	-2.423802e-02	-1.770639e-01	3.775464e-03
152	5.938872e+03	1.912498e+02	7.894101e+00	3.170845e-02	5.790300e-02	9.159690e-01	5.796781e-01	5.417832e-01	5.299361e-03	-2.028587e-01	-1.310290e-03
153	1.380613e+05	1.912501e+02	8.123621e+00	3.292952e-02	-2.463185e-03	8.416603e-01	5.630568e-01	5.257700e-01	-2.263561e-02	-1.765968e-01	3.938208e-03
154	5.938872e+03	1.937498e+02	7.963285e+00	2.812469e-02	5.682644e-02	9.223801e-01	5.792977e-01	5.388271e-01	4.409374e-03	-2.022478e-01	7.651101e-04
155	1.380611e+05	1.937496e+02	8.178969e+00	3.268362e-02	-2.476780e-03	8.420854e-01	5.612009e-01	5.245224e-01	-2.218303e-02	-1.761801e-01	3.929736e-03
156	5.938870e+03	1.962498e+02	8.031452e+00	2.471092e-02	5.400429e-02	9.238713e-01	5.780827e-01	5.367661e-01	4.326204e-03	-2.014319e-01	2.603431e-03
157	1.380616e+05	1.962487e+02	8.233681e+00	3.140833e-02	-2.303019e-03	8.413826e-01	5.580823e-01	5.234566e-01	-2.220276e-02	-1.757246e-01	4.051844e-03
158	5.938870e+03	1.987499e+02	8.099409e+00	2.012880e-02	5.082544e-02	9.276883e-01	5.741994e-01	5.355610e-01	4.836039e-03	-1.993177e-01	3.530974e-03
159	1.380616e+05	1.987486e+02	8.287796e+00	2.822196e-02	-2.201263e-03	8.399432e-01	5.538574e-01	5.222279e-01	-2.118521e-02	-1.753131e-01	4.075760e-03
160	5.938868e+03	2.012499e+02	8.162967e+00	1.460443e-02	4.727429e-02	9.327496e-01	5.689450e-01	5.351458e-01	3.496221e-03	-1.970380e-01	3.884910e-03
161	1.380615e+05	2.012505e+02	8.341568e+00	2.300959e-02	-2.034186e-03	8.384455e-01	5.508276e-01	5.208918e-01	-1.898907e-02	-1.749761e-01	4.012272e-03
162	5.938868e+03	2.037499e+02	8.225876e+00	9.588961e-03	4.316184e-02	9.340280e-01	5.645823e-01	5.349602e-01	-1.235985e-03	-1.941871e-01	4.339398e-03
163	1.380613e+05	2.037500e+02	8.396300e+00	1.723481e-02	-1.869933e-03	8.360714e-01	5.489227e-01	5.194094e-01	-1.716932e-02	-1.746039e-01	3.936855e-03
164	5.938882e+03	2.062500e+02	8.290820e+00	5.699587e-03	3.894007e-02	9.301252e-01	5.603735e-01	5.344749e-01	-8.876267e-03	-1.912495e-01	4.830432e-03
165	1.380615e+05	2.062513e+02	8.450745e+00	1.357567e-02	-1.670600e-03	8.332598e-01	5.461795e-01	5.175074e-01	-1.727172e-02	-1.743351e-01	3.819125e-03
166	5.938867e+03	2.087500e+02	8.356513e+00	3.112788e-03	3.532957e-02	9.228577e-01	5.558426e-01	5.333592e-01	-1.551715e-02	-1.882737e-01	5.081319e-03
167	1.380611e+05	2.087498e+02	8.503615e+00	1.134995e-02	-1.517201e-03	8.304369e-01	5.432349e-01	5.154851e-01	-1.872348e-02	-1.738936e-01	3.670543e-03
168	5.938865e+03	2.112500e+02	8.419150e+00	3.326071e-03	3.176913e-02	9.151525e-01	5.512380e-01	5.322552e-01	-2.009824e-02	-1.874113e-01	3.872212e-03
169	1.380612e+05	2.112510e+02	8.555310e+00	9.903125e-03	-1.366713e-03	8.272486e-01	5.392266e-01	5.135859e-01	-2.021738e-02	-1.732012e-01	3.540644e-03
170	5.938865e+03	2.137500e+02	8.482809e+00	8.098277e-04	2.669638e-02	9.085838e-01	5.475484e-01	5.315899e-01	-2.070499e-02	-1.862393e-01	2.564068e-03
171	1.380610e+05	2.137504e+02	8.607078e+00	8.204620e-03	-1.160098e-03	8.246560e-01	5.340472e-01	5.118845e-01	-2.094767e-02	-1.724113e-01	3.463698e-03
172	5.938865e+03	2.162500e+02	8.548103e+00	-9.304360e-04	2.114228e-02	9.033948e-01	5.462977e-01	5.311430e-01	-1.794784e-02	-1.868853e-01	1.827720e-03
173	1.380609e+05	2.162505e+02	8.659167e+00	6.340853e-03	-8.959922e-04	8.209021e-01	5.308350e-01	5.099970e-01	-2.092200e-02	-1.714703e-01	3.411074e-03
174	5.938865e+03	2.187501e+02	8.609248e+00	-9.785115e-04	1.576121e-02	9.006348e-01	5.471443e-01	5.304701e-01	-1.710745e-02	-1.874672e-01	1.641045e-03
175	1.380609e+05	2.187507e+02	8.710466e+00	4.745637e-03	-6.956307e-04	8.171604e-01	5.286738e-01	5.077615e-01	-2.125037e-02	-1.705379e-01	3.340150e-03
176	5.938867e+03	2.212501e+02	8.670764e+00	-1.248285e-04	1.189964e-02	8.985083e-01	5.491068e-01	5.283984e-01	-1.655673e-02	-1.880366e-01	1.161181e-03
177	1.380607e+05	2.212506e+02	8.760699e+00	4.776911e-03	-4.893643e-04	8.134181e-01	5.266004e-01	5.054402e-01	-2.135352e-02	-1.693752e-01	3.420389e-03
178	5.938867e+03	2.237500e+02	8.731018e+00	-5.605416e-04	8.178203e-03	8.968294e-01	5.512035e-01	5.252611e-01	-1.282170e-02	-1.884263e-01	1.024995e-03
179	1.380607e+05	2.237507e+02	8.810076e+00	5.572078e-03	-3.813577e-04	8.109451e-01	5.246661e-01	5.031824e-01	-2.001650e-02	-1.682885e-01	3.362232e-03
180	5.938867e+03	2.262501e+02	8.793056e+00	-2.806571e-03	4.750689e-03	8.952622e-01	5.503911e-01	5.218621e-01	-6.708926e-03	-1.885606e-01	1.439478e-03
181	1.380606e+05	2.262513e+02	8.858683e+00	6.190445e-03	-1.875928e-04	8.089162e-01	5.217257e-01	5.012633e-01	-1.755016e-02	-1.671368e-01	3.303966e-03
182	5.938868e+03	2.287500e+02	8.859604e+00	-1.742154e-03	1.560045e-03	8.923048e-01	5.490660e-01	5.187664e-01	-3.087552e-04	-1.885649e-01	2.465887e-03
183	1.380609e+05	2.287506e+02	8.906933e+00	9.034283e-03	-9.342480e-05	8.070961e-01	5.191439e-01	4.994293e-01	-1.507676e-02	-1.659140e-01	3.235265e-03
184	5.938867e+03	2.312499e+02	8.927865e+00	1.300290e-03	-1.650161e-03	8.898557e-01	5.474877e-01	5.165197e-01	5.617345e-03	-1.888253e-01	3.908571e-03
185	1.380609e+05	2.312505e+02	8.956012e+00	1.285768e-02	9.104199e-05	8.070902e-01	5.167720e-01	4.975371e-01	-1.203730e-02	-1.645091e-01	2.981115e-03
186	5.938889e+03	2.337499e+02	8.995570e+00	5.163772e-03	-5.136047e-03	8.866918e-01	5.438690e-01	5.138508e-01	6.404157e-03	-1.882213e-01	4.695596e-03
187	1.380610e+05	2.337502e+02	9.005455e+00	1.548384e-02	2.023555e-04	8.072042e-01	5.151280e-01	4.954239e-01	-1.028079e-02	-1.629847e-01	2.832755e-03
188	5.938866e+03	2.362500e+02	9.060135e+00	9.708557e-03	-8.816655e-03	8.818728e-01	5.378630e-01	5.118830e-01	4.209305e-03	-1.872574e-01	5.907827e-03
189	1.380611e+05	2.362496e+02	9.055125e+00	1.743117e-02	4.043211e-04	8.062091e-01	5.124158e-01	4.931748e-01	-1.007033e-02	-1.613323e-01	2.693817e-03
190	5.938864e+03	2.387502e+02	9.122645e+00	1.535812e-02	-1.271926e-02	8.754952e-01	5.345209e-01	5.101208e-01	2.650637e-03	-1.850530e-01	7.137917e-03
191	1.380610e+05	2.387494e+02	9.104403e+00	1.950302e-02	5.144519e-04	8.042140e-01	5.098647e-01	4.907612e-01	-1.102228e-02	-1.596640e-01	2.537786e-03
192	5.938865e+03	2.412500e+02	9.185097e+00	1.995937e-02	-1.746367e-02	8.662966e-01	5.310472e-01	5.075668e-01	1.155299e-03	-1.821326e-01	8.416585e-03
193	1.380609e+05	2.412504e+02	9.153696e+00	2.136940e-02	7.776022e-04	8.006441e-01	5.076088e-01	4.879019e-01	-1.171864e-02	-1.579460e-01	2.378557e-03
194	5.938868e+03	2.437499e+02	9.248415e+00	2.356498e-02	-2.106436e-02	8.585278e-01	5.244884e-01	5.038035e-01	5.819883e-04	-1.796047e-01	8.920611e-03
195	1.380609e+05	2.437517e+02	9.203634e+00	2.355703e-02	8.754976e-04	7.958746e-01	5.041060e-01	4.848048e-01	-1.162654e-02	-1.560415e-01	2.372451e-03
196	5.938867e+03	2.462501e+02	9.313078e+00	2.498604e-02	-2.429472e-02	8.498281e-01	5.180855e-01	4.999344e-01	-8.005933e-04	-1.771981e-01	8.172441e-03
197	1.380610e+05	2.462503e+02	9.254724e+00	2.685084e-02	1.079069e-03	7.908314e-01	5.005832e-01	4.819334e-01	-1.064349e-02	-1.539659e-01	2.426323e-03
198	5.938866e+03	2.487502e+02	9.377959e+00	2.846706e-02	-2.735561e-02	8.385341e-01	5.139497e-01	4.961549e-01	-2.751677e-03	-1.746227e-01	7.592292e-03
199	1.380609e+05	2.487506e+02	9.306936e+00	3.156828e-02	1.131035e-03	7.855995e-01	4.978124e-01	4.792486e-01	-8.769331e-03	-1.517733e-01	2.528782e-03
200	5.938864e+03	2.512502e+02	9.442319e+00	3.362199e-02	-2.999012e-02	8.262573e-01	5.126231e-01	4.926447e-01	-2.516677e-03	-1.709997e-01	7.345804e-03
201	1.380607e+05	2.512512e+02	9.359953e+00	3.541518e-02	1.344639e-03	7.802507e-01	4.952189e-01	4.762720e-01	-6.030019e-03	-1.495428e-01	2.550234e-03
202	5.938866e+03	2.537500e+02	9.509433e+00	3.740393e-02	-3.244739e-02	8.121123e-01	5.112248e-01	4.882624e-01	-3.236129e-03	-1.664031e-01	7.425842e-03
203	1.380609e+05	2.537501e+02	9.412406e+00	3.662577e-02	1.353658e-03	7.757369e-01	4.924002e-01	4.731100e-01	-3.576293e-03	-1.473347e-01	2.621985e-03
204	5.938883e+03	2.562502e+02	9.575894e+00	4.107438e-02	-3.414758e-02	7.988665e-01	5.100030e-01	4.833930e-01	-4.882731e-03	-1.612872e-01	8.194949e-03
205	1.380610e+05	2.562504e+02	9.465073e+00	3.767982e-02	1.512145e-03	7.707103e-01	4.896843e-01	4.704520e-01	-1.620391e-03	-1.450017e-01	2.688354e-03
206	5.938867e+03	2.587499e+02	9.642586e+00	4.504372e-02	-3.544168e-02	7.881451e-01	5.112341e-01	4.785265e-01	-6.049494e-03	-1.562992e-01	8.294541e-03
207	1.380607e+05	2.587505e+02	9.517973e+00	3.917588e-02	1.478285e-03	7.646704e-01	4.882337e-01	4.681397e-01	1.835508e-04	-1.427030e-01	2.813216e-03
208	5.938867e+03	2.612501e+02	9.710205e+00	4.889457e-02	-3.570205e-02	7.751321e-01	5.089064e-01	4.735189e-01	-5.352917e-03	-1.507184e-01	7.800411e-03
209	1.380609e+05	2.612506e+02	9.571229e+00	4.059927e-02	1.584569e-03	7.585382e-01	4.863225e-01	4.661648e-01	1.326190e-03	-1.402895e-01	2.988855e-03
210	5.938868e+03	2.637500e+02	9.772287e+00	5.135572e-02	-3.548747e-02	7.606111e-01	5.017198e-01	4.687928e-01	-3.556979e-03	-1.452816e-01	7.145094e-03
211	1.380609e+05	2.637528e+02	9.624578e+00	4.160924e-02	1.458123e-03	7.523136e-01	4.838862e-01	4.641443e-01	1.344290e-03	-1.380125e-01	3.114590e-03
212	5.938865e+03	2.662501e+02	9.831174e+00	5.364636e-02	-3.525841e-02	7.423581e-01	4.949234e-01	4.650598e-01	-2.775332e-03	-1.397619e-01	6.434061e-03
213	1.380610e+05	2.662494e+02	9.676517e+00	4.148494e-02	1.573759e-03	7.457026e-01	4.814519e-01	4.618389e-01	-1.210107e-04	-1.357791e-01	3.316442e-03
214	5.938865e+03	2.687502e+02	9.891258e+00	5.423804e-02	-3.498378e-02	7.195733e-01	4.901333e-01	4.619960e-01	-2.856658e-03	-1.342711e-01	6.523120e-03
215	1.380610e+05	2.687511e+02	9.727547e+00	4.003333e-02	1.455301e-03	7.389126e-01	4.782914e-01	4.590976e-01	-2.192955e-03	-1.336310e-01	3.443583e-03
216	5.938865e+03	2.712501e+02	9.948931e+00	5.464894e-02	-3.560131e-02	6.961407e-01	4.855109e-01	4.596018e-01	-3.601692e-03	-1.290920e-01	6.949335e-03
217	1.380610e+05	2.712502e+02	9.777372e+00	3.777046e-02	1.581736e-03	7.322481e-01	4.753438e-01	4.559227e-01	-3.889550e-03	-1.315101e-01	3.595839e-03
218	5.938865e+03	2.737501e+02	1.000456e+01	5.330902e-02	-3.637703e-02	6.788322e-01	4.806848e-01	4.567453e-01	-2.646263e-03	-1.232356e-01	7.422462e-03
219	1.380610e+05	2.737513e+02	9.826939e+00	3.520960e-02	1.514637e-03	7.264328e-01	4.728045e-01	4.524739e-01	-5.337643e-03	-1.293758e-01	3.633219e-03
220	5.938865e+03	2.762501e+02	1.005756e+01	5.115070e-02	-3.706099e-02	6.649183e-01	4.764847e-01	4.533416e-01	-3.008969e-03	-1.179413e-01	7.601265e-03
221	1.380611e+05	2.762489e+02	9.876599e+00	3.150658e-02	1.648606e-03	7.198832e-01	4.699118e-01	4.488924e-01	-7.326553e-03	-1.272502e-01	3.702906e-03
222	5.938867e+03	2.787501e+02	1.010924e+01	4.706952e-02	-3.787015e-02	6.528221e-01	4.738509e-01	4.490253e-01	-4.142148e-03	-1.127880e-01	6.863431e-03
223	1.380612e+05	2.787502e+02	9.924192e+00	2.618895e-02	1.582541e-03	7.124096e-01	4.665572e-01	4.455588e-01	-9.435439e-03	-1.251888e-01	3.678644e-03
224	5.938867e+03	2.812501e+02	1.015686e+01	4.153094e-02	-3.969156e-02	6.443858e-01	4.697458e-01	4.434504e-01	-4.302316e-03	-1.080020e-01	6.095824e-03
225	1.380614e+05	2.812491e+02	9.970118e+00	2.052047e-02	1.757488e-03	7.054709e-01	4.629108e-01	4.424115e-01	-1.019537e-02	-1.231626e-01	3.779242e-03
226	5.938866e+03	2.837501e+02	1.020095e+01	3.643213e-02	-4.140777e-02	6.384296e-01	4.654438e-01	4.375872e-01	-2.481464e-03	-1.035496e-01	5.461989e-03
227	1.380614e+05	2.837507e+02	1.001539e+01	1.510954e-02	1.732616e-03	7.000877e-01	4.593412e-01	4.392643e-01	-9.624073e-03	-1.211349e-01	3.798257e-03
228	5.938866e+03	2.862502e+02	1.024385e+01	3.056572e-02	-4.414459e-02	6.324181e-01	4.627021e-01	4.317313e-01	2.377759e-04	-9.893215e-02	5.240983e-03
229	1.380614e+05	2.862473e+02	1.005991e+01	9.028613e-03	1.949121e-03	6.954401e-01	4.556757e-01	4.360855e-01	-8.041962e-03	-1.192030e-01	3.861997e-03
230	5.938866e+03	2.887501e+02	1.028932e+01	2.323520e-02	-4.685567e-02	6.252084e-01	4.594684e-01	4.260164e-01	3.419546e-03	-9.418581e-02	3.986611e-03
231	1.380613e+05	2.887500e+02	1.010406e+01	4.354329e-03	1.969029e-03	6.914262e-01	4.513012e-01	4.329943e-01	-6.155334e-03	-1.172742e-01	3.941719e-03
232	5.938866e+03	2.912500e+02	1.033603e+01	1.466048e-02	-4.898716e-02	6.185101e-01	4.543474e-01	4.213144e-01	7.658707e-03	-9.039728e-02	3.096566e-03
233	1.380611e+05	2.912495e+02	1.014791e+01	3.037072e-04	2.147780e-03	6.874815e-01	4.473152e-01	4.298519e-01	-3.886297e-03	-1.153495e-01	3.856927e-03
234	5.938866e+03	2.937502e+02	1.038142e+01	8.587710e-03	-4.941218e-02	6.154821e-01	4.488438e-01	4.164009e-01	1.362671e-02	-8.753292e-02	3.276000e-03
235	1.380611e+05	2.937518e+02	1.019186e+01	-2.694066e-03	2.086558e-03	6.838410e-01	4.446073e-01	4.268503e-01	-1.437953e-03	-1.134888e-01	3.760601e-03
236	5.938866e+03	2.962500e+02	1.042571e+01	5.040770e-03	-4.894345e-02	6.171163e-01	4.463129e-01	4.118017e-01	1.866650e-02	-8.544745e-02	4.193751e-03
237	1.380610e+05	2.962476e+02	1.023665e+01	-4.871484e-03	2.143175e-03	6.813272e-01	4.423686e-01	4.235286e-01	6.082883e-04	-1.116787e-01	3.597772e-03
238	5.938867e+03	2.987502e+02	1.046796e+01	2.196254e-03	-4.848458e-02	6.190158e-01	4.420556e-01	4.076761e-01	2.088582e-02	-8.344936e-02	5.401665e-03
239	1.380610e+05	2.987504e+02	1.028182e+01	-8.139643e-03	2.046249e-03	6.794005e-01	4.395155e-01	4.201142e-01	2.341987e-03	-1.099225e-01	3.367998e-03
240	5.938868e+03	3.012499e+02	1.050830e+01	-1.050892e-03	-4.800200e-02	6.185462e-01	4.348572e-01	4.040034e-01	2.089603e-02	-8.192138e-02	6.322498e-03
241	1.380608e+05	3.012518e+02	1.032735e+01	-1.281852e-02	2.102355e-03	6.784924e-01	4.350427e-01	4.164325e-01	4.420134e-03	-1.082712e-01	3.127033e-03
242	5.938910e+03	3.037499e+02	1.054758e+01	-5.733681e-03	-4.815784e-02	6.181636e-01	4.294295e-01	4.002856e-01	2.335432e-02	-8.046559e-02	7.247039e-03
243	1.380605e+05	3.037530e+02	1.037164e+01	-1.770093e-02	2.037161e-03	6.781499e-01	4.307790e-01	4.124718e-01	6.690548e-03	-1.066906e-01	2.876897e-03
244	5.938868e+03	3.062502e+02	1.058617e+01	-9.283813e-03	-4.857956e-02	6.162967e-01	4.246663e-01	3.956664e-01	2.658663e-02	-7.790974e-02	8.010708e-03
245	1.380605e+05	3.062513e+02	1.041409e+01	-2.065000e-02	2.127481e-03	6.778560e-01	4.270081e-01	4.083056e-01	8.163339e-03	-1.051155e-01	2.614055e-03
246	5.938867e+03	3.087499e+02	1.062282e+01	-1.114176e-02	-4.866462e-02	6.151710e-01	4.199264e-01	3.904900e-01	2.767814e-02	-7.560585e-02	8.100035e-03
247	1.380605e+05	3.087505e+02	1.045576e+01	-2.202279e-02	2.064490e-03	6.775584e-01	4.232382e-01	4.040869e-01	9.672249e-03	-1.036407e-01	2.397039e-03
248	5.938868e+03	3.112500e+02	1.066055e+01	-1.331303e-02	-4.733409e-02	6.155261e-01	4.151190e-01	3.858964e-01	2.935892e-02	-7.386912e-02	7.643952e-03
249	1.380606e+05	3.112520e+02	1.049767e+01	-2.375685e-02	2.047916e-03	6.774740e-01	4.187089e-01	4.002848e-01	1.157671e-02	-1.020515e-01	2.183989e-03
250	5.938868e+03	3.137499e+02	1.070000e+01	-1.519403e-02	-4.516886e-02	6.128981e-01	4.112622e-01	3.817511e-01	3.116062e-02	-7.277375e-02	7.260470e-03
251	1.380605e+05	3.137529e+02	1.053970e+01	-2.447558e-02	1.926233e-03	6.783614e-01	4.142213e-01	3.969592e-01	1.304746e-02	-1.005075e-01	2.008366e-03
252	5.938869e+03	3.162500e+02	1.073751e+01	-1.734472e-02	-4.309297e-02	6.098391e-01	4.084601e-01	3.775644e-01	3.305400e-02	-7.220829e-02	6.465084e-03
253	1.380604e+05	3.162505e+02	1.058036e+01	-2.323470e-02	1.874222e-03	6.799602e-01	4.109215e-01	3.938559e-01	1.354933e-02	-9.888425e-02	1.827367e-03
254	5.938870e+03	3.187498e+02	1.077272e+01	-1.919210e-02	-4.205459e-02	6.094499e-01	4.065100e-01	3.744558e-01	3.425519e-02	-7.165391e-02	5.241400e-03
255	1.380605e+05	3.187509e+02	1.062144e+01	-2.079698e-02	1.786445e-03	6.819701e-01	4.089860e-01	3.909081e-01	1.315246e-02	-9.746732e-02	1.671868e-03
256	5.938869e+03	3.212500e+02	1.080628e+01	-2.314357e-02	-4.077124e-02	6.090826e-01	4.055932e-01	3.733376e-01	3.519693e-02	-7.155143e-02	3.885617e-03
257	1.380607e+05	3.212513e+02	1.066429e+01	-1.926916e-02	1.779013e-03	6.831004e-01	4.083860e-01	3.880695e-01	1.250533e-02	-9.606561e-02	1.389452e-03
258	5.938868e+03	3.237501e+02	1.083998e+01	-2.761828e-02	-3.935511e-02	6.077970e-01	4.047658e-01	3.732309e-01	3.499078e-02	-7.219382e-02	2.751189e-03
259	1.380607e+05	3.237502e+02	1.070973e+01	-1.937731e-02	1.664802e-03	6.835151e-01	4.080528e-01	3.855263e-01	1.129885e-02	-9.466826e-02	1.133997e-03
260	5.938870e+03	3.262499e+02	1.087610e+01	-3.028793e-02	-3.732794e-02	6.066658e-01	4.059660e-01	3.725705e-01	3.469716e-02	-7.361199e-02	1.831506e-03
261	1.380610e+05	3.262502e+02	1.075764e+01	-2.070931e-02	1.636735e-03	6.833805e-01	4.081018e-01	3.831784e-01	9.922891e-03	-9.336445e-02	9.434427e-04
262	5.938870e+03	3.287499e+02	1.091493e+01	-3.199846e-02	-3.553565e-02	6.059670e-01	4.072016e-01	3.706383e-01	3.389558e-02	-7.414485e-02	1.008945e-03
263	1.380610e+05	3.287496e+02	1.080602e+01	-2.285046e-02	1.507744e-03	6.828442e-01	4.085758e-01	3.812189e-01	8.275664e-03	-9.213977e-02	7.967488e-04
264	5.938871e+03	3.312497e+02	1.095713e+01	-3.399637e-02	-3.354295e-02	6.081471e-01	4.075790e-01	3.668298e-01	3.286409e-02	-7.396372e-02	-1.045556e-04
265	1.380612e+05	3.312502e+02	1.085558e+01	-2.508320e-02	1.470030e-03	6.823353e-01	4.092910e-01	3.793211e-01	5.993975e-03	-9.080327e-02	6.588086e-04
266	5.938872e+03	3.337498e+02	1.100080e+01	-3.352740e-02	-3.196353e-02	6.097783e-01	4.073063e-01	3.625851e-01	3.148936e-02	-7.301804e-02	-2.558542e-04
267	1.380609e+05	3.337495e+02	1.090639e+01	-2.544403e-02	1.347718e-03	6.817993e-01	4.104931e-01	3.775530e-01	4.174914e-03	-8.949371e-02	5.322635e-04
268	5.938869e+03	3.362500e+02	1.104372e+01	-3.252829e-02	-3.038600e-02	6.082619e-01	4.049801e-01	3.593485e-01	2.871293e-02	-7.162426e-02	6.120926e-04
269	1.380609e+05	3.362498e+02	1.095662e+01	-2.475856e-02	1.328370e-03	6.809521e-01	4.108376e-01	3.758619e-01	2.845461e-03	-8.813595e-02	4.245207e-04
270	5.938870e+03	3.387498e+02	1.108903e+01	-3.168994e-02	-2.902722e-02	6.059180e-01	4.018934e-01	3.569644e-01	2.590536e-02	-7.002103e-02	1.021398e-03
271	1.380612e+05	3.387489e+02	1.100684e+01	-2.225759e-02	1.228087e-03	6.799837e-01	4.094684e-01	3.740224e-01	1.186134e-03	-8.676565e-02	4.288173e-04
272	5.938869e+03	3.412499e+02	1.113712e+01	-3.100304e-02	-2.749055e-02	6.025823e-01	3.988368e-01	3.553284e-01	2.248801e-02	-6.833451e-02	1.002997e-03
273	1.380612e+05	3.412489e+02	1.105772e+01	-1.821347e-02	1.190576e-03	6.786697e-01	4.070563e-01	3.723065e-01	-9.642008e-04	-8.539708e-02	4.192357e-04
274	5.938869e+03	3.437500e+02	1.118337e+01	-3.020006e-02	-2.601419e-02	6.011935e-01	3.948900e-01	3.532085e-01	2.071057e-02	-6.675055e-02	4.796444e-04
275	1.380612e+05	3.437506e+02	1.110920e+01	-1.418112e-02	1.116022e-03	6.765150e-01	4.041048e-01	3.705367e-01	-1.831753e-03	-8.396942e-02	3.908161e-04
276	5.938869e+03	3.462500e+02	1.122905e+01	-2.791646e-02	-2.386120e-02	6.011670e-01	3.904146e-01	3.515600e-01	1.981990e-02	-6.568629e-02	-4.710150e-06
277	1.380614e+05	3.462499e+02	1.115946e+01	-1.009905e-02	1.026555e-03	6.737334e-01	4.005467e-01	3.686808e-01	-1.936932e-03	-8.253743e-02	5.016244e-04
278	5.938868e+03	3.487499e+02	1.127462e+01	-2.510116e-02	-2.146242e-02	5.998808e-01	3.861761e-01	3.500406e-01	1.893838e-02	-6.392008e-02	2.448940e-04
279	1.380617e+05	3.487484e+02	1.120808e+01	-6.811108e-03	9.365171e-04	6.695405e-01	3.972122e-01	3.667016e-01	-2.115736e-03	-8.107571e-02	4.627308e-04
280	5.938869e+03	3.512500e+02	1.131841e+01	-2.258421e-02	-1.861136e-02	5.917535e-01	3.821386e-01	3.483070e-01	1.890370e-02	-6.264868e-02	6.687316e-04
281	1.380617e+05	3.512483e+02	1.125459e+01	-5.547920e-03	7.788311e-04	6.642669e-01	3.937544e-01	3.644686e-01	-1.406681e-03	-7.955454e-02	4.265470e-04
282	5.938869e+03	3.537499e+02	1.135997e+01	-2.239681e-02	-1.580869e-02	5.851123e-01	3.785940e-01	3.462704e-01	1.953445e-02	-6.098708e-02	6.212456e-04
283	1.380616e+05	3.537484e+02	1.129835e+01	-7.399950e-03	7.114679e-04	6.592000e-01	3.909127e-01	3.618833e-01	-2.838825e-04	-7.805496e-02	3.388022e-04
284	5.938868e+03	3.562501e+02	1.140262e+01	-2.488957e-02	-1.301034e-02	5.786036e-01	3.759795e-01	3.443526e-01	2.090879e-02	-5.953229e-02	4.779492e-04
285	1.380617e+05	3.562490e+02	1.134150e+01	-1.174352e-02	5.338271e-04	6.547509e-01	3.875075e-01	3.589592e-01	9.415340e-04	-7.640515e-02	3.020761e-04
286	5.938905e+03	3.587497e+02	1.144463e+01	-2.781861e-02	-1.185050e-02	5.718569e-01	3.734277e-01	3.425968e-01	2.156661e-02	-5.781599e-02	4.020719e-04
287	1.380618e+05	3.587492e+02	1.138479e+01	-1.758966e-02	5.362611e-04	6.499181e-01	3.830454e-01	3.561324e-01	2.657604e-03	-7.487983e-02	2.678919e-04
288	5.938869e+03	3.612499e+02	1.148394e+01	-3.107934e-02	-1.107974e-02	5.656152e-01	3.725830e-01	3.404879e-01	2.201255e-02	-5.661000e-02	-8.734984e-05
289	1.380618e+05	3.612489e+02	1.142670e+01	-2.377051e-02	4.403183e-04	6.459552e-01	3.782575e-01	3.531057e-01	4.686269e-03	-7.323901e-02	2.779200e-04
290	5.938869e+03	3.637500e+02	1.152131e+01	-3.475473e-02	-1.144080e-02	5.597647e-01	3.709694e-01	3.370946e-01	2.176160e-02	-5.490666e-02	-5.681726e-04
291	1.380618e+05	3.637484e+02	1.146833e+01	-2.920966e-02	5.377303e-04	6.426169e-01	3.727009e-01	3.494667e-01	6.752832e-03	-7.159890e-02	3.499058e-04
292	5.938868e+03	3.662502e+02	1.155788e+01	-3.779001e-02	-1.221448e-02	5.530865e-01	3.673206e-01	3.338091e-01	2.224454e-02	-5.349359e-02	-1.050628e-03
293	1.380617e+05	3.662469e+02	1.150966e+01	-3.410915e-02	4.828221e-04	6.382508e-01	3.668615e-01	3.455414e-01	8.897601e-03	-6.991206e-02	4.668087e-04
294	5.938868e+03	3.687499e+02	1.159505e+01	-4.165729e-02	-1.309694e-02	5.462843e-01	3.621036e-01	3.312980e-01	2.173193e-02	-5.175480e-02	-1.343472e-03
295	1.380617e+05	3.687483e+02	1.155156e+01	-3.759152e-02	6.037787e-04	6.332963e-01	3.619319e-01	3.412393e-01	1.024516e-02	-6.822886e-02	5.789205e-04
296	5.938868e+03	3.712499e+02	1.163362e+01	-4.366858e-02	-1.367069e-02	5.394031e-01	3.581176e-01	3.282654e-01	2.072830e-02	-4.955401e-02	-8.662862e-04
297	1.380620e+05	3.712480e+02	1.159445e+01	-3.978762e-02	5.397426e-04	6.278328e-01	3.585593e-01	3.369108e-01	1.060088e-02	-6.658921e-02	6.497981e-04
298	5.938868e+03	3.737502e+02	1.167303e+01	-4.439940e-02	-1.425584e-02	5.339358e-01	3.540191e-01	3.238574e-01	1.967549e-02	-4.736848e-02	-7.937833e-05
299	1.380620e+05	3.737477e+02	1.163852e+01	-4.133558e-02	6.597100e-04	6.209404e-01	3.554562e-01	3.323627e-01	1.046562e-02	-6.502169e-02	6.924417e-04
300	5.938868e+03	3.762500e+02	1.171404e+01	-4.437733e-02	-1.402019e-02	5.290066e-01	3.472791e-01	3.179342e-01	1.647121e-02	-4.561980e-02	5.235795e-04
301	1.380623e+05	3.762460e+02	1.168340e+01	-4.288806e-02	5.693561e-04	6.138684e-01	3.512484e-01	3.275349e-01	9.849840e-03	-6.344978e-02	7.396670e-04
302	5.938869e+03	3.787502e+02	1.175776e+01	-4.434549e-02	-1.363968e-02	5.248797e-01	3.396911e-01	3.123448e-01	1.332625e-02	-4.402677e-02	8.409320e-04
303	1.380618e+05	3.787482e+02	1.172864e+01	-4.356628e-02	6.165259e-04	6.068641e-01	3.458972e-01	3.228778e-01	8.721313e-03	-6.185587e-02	8.135245e-04
304	5.938868e+03	3.812500e+02	1.180005e+01	-4.566422e-02	-1.222891e-02	5.239413e-01	3.324782e-01	3.073763e-01	1.167763e-02	-4.346373e-02	1.366739e-03
305	1.380617e+05	3.812485e+02	1.177295e+01	-4.405122e-02	5.047186e-04	5.996734e-01	3.402826e-01	3.184249e-01	7.951371e-03	-6.022077e-02	7.849674e-04
306	5.938868e+03	3.837502e+02	1.183704e+01	-4.848774e-02	-1.074299e-02	5.238542e-01	3.261846e-01	3.034738e-01	1.119798e-02	-4.361125e-02	1.606521e-03
307	1.380612e+05	3.837506e+02	1.181475e+01	-4.448859e-02	4.957473e-04	5.925746e-01	3.337885e-01	3.142718e-01	7.022801e-03	-5.859373e-02	7.744976e-04
308	5.938868e+03	3.862501e+02	1.186911e+01	-5.038219e-02	-9.003865e-03	5.224004e-01	3.212909e-01	2.998449e-01	1.026867e-02	-4.351375e-02	1.178947e-03
309	1.380613e+05	3.862486e+02	1.185345e+01	-4.492647e-02	3.490184e-04	5.856407e-01	3.275512e-01	3.103053e-01	6.004157e-03	-5.698565e-02	6.992197e-04
310	5.938868e+03	3.887501e+02	1.190201e+01	-5.166662e-02	-7.298604e-03	5.204623e-01	3.200411e-01	2.964542e-01	9.279045e-03	-4.352052e-02	5.237758e-04
311	1.380612e+05	3.887494e+02	1.189051e+01	-4.543940e-02	3.582257e-04	5.788364e-01	3.229743e-01	3.062893e-01	4.620851e-03	-5.534380e-02	6.729155e-04
312	5.938868e+03	3.912501e+02	1.193331e+01	-5.167769e-02	-5.680063e-03	5.162441e-01	3.182548e-01	2.930910e-01	9.026240e-03	-4.329979e-02	-4.522628e-04
313	1.380611e+05	3.912491e+02	1.192618e+01	-4.622573e-02	1.953251e-04	5.714388e-01	3.185431e-01	3.020822e-01	3.207337e-03	-5.377797e-02	5.637187e-04
314	5.938867e+03	3.937499e+02	1.196155e+01	-5.236510e-02	-4.224136e-03	5.137398e-01	3.152096e-01	2.888759e-01	8.327180e-03	-4.294756e-02	-1.055070e-03
315	1.380611e+05	3.937502e+02	1.195939e+01	-4.807575e-02	2.254610e-04	5.634463e-01	3.134699e-01	2.976131e-01	2.113159e-03	-5.215433e-02	4.765971e-04
316	5.938867e+03	3.962503e+02	1.199300e+01	-5.428038e-02	-2.423286e-03	5.126264e-01	3.111811e-01	2.843316e-01	6.723885e-03	-4.246807e-02	-1.602284e-03
317	1.380611e+05	3.962503e+02	1.199292e+01	-5.040928e-02	5.896079e-05	5.537539e-01	3.083516e-01	2.930287e-01	1.313505e-03	-5.056364e-02	3.292950e-04
318	5.938866e+03	3.987501e+02	1.202615e+01	-5.432865e-02	-8.789997e-04	5.102668e-01	3.074360e-01	2.798818e-01	5.986775e-03	-4.183125e-02	-2.018925e-03
319	1.380612e+05	3.987510e+02	1.202731e+01	-5.198353e-02	8.790893e-05	5.440017e-01	3.030232e-01	2.879819e-01	5.728799e-04	-4.895870e-02	2.325306e-04
320	5.938866e+03	4.012501e+02	1.205823e+01	-5.226052e-02	4.678567e-04	5.063579e-01	3.028042e-01	2.751505e-01	6.435466e-03	-4.127550e-02	-2.184471e-03
321	1.380612e+05	4.012471e+02	1.206145e+01	-5.269593e-02	-6.683488e-05	5.348327e-01	2.976634e-01	2.827802e-01	-2.164315e-04	-4.740792e-02	1.446398e-04
322	5.938866e+03	4.037505e+02	1.209042e+01	-4.982008e-02	1.969316e-03	5.027894e-01	2.973317e-01	2.703131e-01	7.435148e-03	-4.056289e-02	-2.196834e-03
323	1.380610e+05	4.037501e+02	1.209623e+01	-5.333906e-02	-2.603121e-05	5.261787e-01	2.924206e-01	2.776563e-01	-4.813677e-04	-4.582744e-02	5.661276e-05
324	5.938868e+03	4.062500e+02	1.212297e+01	-4.963269e-02	2.784021e-03	4.975786e-01	2.899349e-01	2.654182e-01	8.747865e-03	-3.989716e-02	-2.067984e-03
325	1.380610e+05	4.062506e+02	1.213038e+01	-5.399105e-02	-1.755994e-04	5.176858e-01	2.860087e-01	2.727270e-01	-2.043678e-04	-4.429974e-02	-1.318533e-04
326	5.938869e+03	4.087501e+02	1.215542e+01	-5.106917e-02	3.641769e-03	4.941230e-01	2.825842e-01	2.601471e-01	1.014314e-02	-3.923148e-02	-2.045393e-03
327	1.380613e+05	4.087514e+02	1.216452e+01	-5.462683e-02	-1.021152e-04	5.099148e-01	2.792349e-01	2.677911e-01	3.610052e-04	-4.277761e-02	-2.178969e-04
328	5.938867e+03	4.112500e+02	1.218680e+01	-5.041844e-02	3.708107e-03	4.924204e-01	2.771885e-01	2.539483e-01	1.124744e-02	-3.807164e-02	-2.026340e-03
329	1.380612e+05	4.112475e+02	1.219851e+01	-5.431036e-02	-2.190567e-04	5.040791e-01	2.737206e-01	2.628048e-01	1.074016e-03	-4.135768e-02	-3.217410e-04
330	5.938911e+03	4.137496e+02	1.221833e+01	-4.933559e-02	5.026929e-03	4.896111e-01	2.714386e-01	2.480570e-01	1.151758e-02	-3.616821e-02	-2.088045e-03
331	1.380611e+05	4.137491e+02	1.223269e+01	-5.378442e-02	-1.537003e-04	4.993530e-01	2.685094e-01	2.582347e-01	1.226193e-03	-3.989019e-02	-3.393389e-04
332	2.421907e+03	4.162498e+02	1.225105e+01	-5.008324e-02	4.805154e-03	4.892443e-01	2.663993e-01	2.458279e-01	9.152140e-03	-3.534018e-02	-2.158158e-03
333	1.415780e+05	4.162502e+02	1.226564e+01	-5.264442e-02	-1.440938e-04	4.935075e-01	2.642385e-01	2.539441e-01	1.881196e-03	-3.845790e-02	-4.477044e-04
334	2.406289e+03	4.187498e+02	1.228110e+01	-5.294722e-02	5.953346e-03	4.866857e-01	2.626161e-01	2.419932e-01	9.954694e-03	-3.388574e-02	-2.863660e-03
335	1.415936e+05	4.187507e+02	1.229686e+01	-5.162811e-02	-4.121587e-05	4.885944e-01	2.605223e-01	2.501896e-01	2.532183e-03	-3.702679e-02	-5.029188e-04
336	2.421907e+03	4.212501e+02	1.230935e+01	-5.628750e-02	6.977156e-03	4.825042e-01	2.561878e-01	2.388021e-01	9.510961e-03	-3.244172e-02	-3.098304e-03
337	1.415781e+05	4.212511e+02	1.232658e+01	-5.103408e-02	-1.890261e-04	4.841961e-01	2.558647e-01	2.463583e-01	3.183272e-03	-3.571400e-02	-5.549898e-04
338	2.421906e+03	4.237501e+02	1.233764e+01	-5.914093e-02	8.320511e-03	4.772672e-01	2.503461e-01	2.359286e-01	9.221513e-03	-3.148725e-02	-3.100620e-03
339	1.415781e+05	4.237487e+02	1.235509e+01	-5.026949e-02	-6.925542e-05	4.780990e-01	2.507443e-01	2.422678e-01	3.725722e-03	-3.438170e-02	-6.049062e-04
340	2.421906e+03	4.262502e+02	1.236705e+01	-6.121314e-02	8.527599e-03	4.708425e-01	2.457846e-01	2.332639e-01	8.775569e-03	-3.082995e-02	-3.138026e-03
341	1.415779e+05	4.262518e+02	1.238341e+01	-5.026440e-02	-2.162340e-04	4.716172e-01	2.461443e-01	2.380030e-01	4.312288e-03	-3.312784e-02	-6.697897e-04
342	2.437528e+03	4.287501e+02	1.239578e+01	-6.091248e-02	8.122765e-03	4.639347e-01	2.424723e-01	2.299214e-01	8.673273e-03	-2.981615e-02	-3.003409e-03
343	1.415620e+05	4.287528e+02	1.241098e+01	-4.980932e-02	-5.552498e-05	4.665470e-01	2.416293e-01	2.335478e-01	4.835487e-03	-3.183338e-02	-7.103559e-04
344	2.468771e+03	4.312501e+02	1.242163e+01	-5.906634e-02	6.836686e-03	4.584270e-01	2.386980e-01	2.260039e-01	9.027274e-03	-2.879315e-02	-3.043852e-03
345	1.415309e+05	4.312499e+02	1.243752e+01	-4.852103e-02	-2.133186e-04	4.627540e-01	2.370964e-01	2.289976e-01	5.452934e-03	-3.061195e-02	-7.413391e-04
346	2.421906e+03	4.337501e+02	1.244738e+01	-5.559246e-02	5.522166e-03	4.558702e-01	2.329458e-01	2.211318e-01	8.675971e-03	-2.777716e-02	-2.764775e-03
347	1.415779e+05	4.337509e+02	1.246379e+01	-4.643188e-02	1.120242e-05	4.597056e-01	2.323573e-01	2.244203e-01	5.766619e-03	-2.942214e-02	-7.162216e-04
348	2.421906e+03	4.362501e+02	1.247366e+01	-5.251533e-02	3.399568e-03	4.544281e-01	2.259402e-01	2.155276e-01	7.880029e-03	-2.662216e-02	-2.332558e-03
349	1.415780e+05	4.362517e+02	1.248936e+01	-4.357970e-02	-1.684836e-04	4.566889e-01	2.277635e-01	2.199057e-01	5.430441e-03	-2.824323e-02	-7.027303e-04
350	2.421906e+03	4.387501e+02	1.250089e+01	-5.061676e-02	1.379775e-03	4.551458e-01	2.191329e-01	2.097083e-01	6.622594e-03	-2.546682e-02	-1.947936e-03
351	1.415776e+05	4.387532e+02	1.251471e+01	-4.114968e-02	9.751198e-05	4.541496e-01	2.226228e-01	2.154835e-01	4.616673e-03	-2.705398e-02	-6.967394e-04
352	2.421906e+03	4.412500e+02	1.252866e+01	-4.975654e-02	-9.608967e-04	4.535772e-01	2.119956e-01	2.039791e-01	5.451840e-03	-2.424265e-02	-1.390963e-03
353	1.415778e+05	4.412483e+02	1.253904e+01	-3.919788e-02	-1.104284e-04	4.514732e-01	2.172736e-01	2.110523e-01	3.619264e-03	-2.590930e-02	-6.809733e-04
354	2.437527e+03	4.437501e+02	1.255521e+01	-4.758747e-02	-2.699829e-03	4.479886e-01	2.060953e-01	1.982229e-01	4.673136e-03	-2.313573e-02	-8.664035e-04
355	1.415622e+05	4.437503e+02	1.256187e+01	-3.738390e-02	1.811864e-04	4.477732e-01	2.123483e-01	2.067421e-01	2.534898e-03	-2.478009e-02	-6.818508e-04
356	2.437527e+03	4.462502e+02	1.257777e+01	-4.477280e-02	-4.560406e-03	4.436230e-01	2.023989e-01	1.932418e-01	3.971051e-03	-2.201834e-02	-3.320960e-04
357	1.415622e+05	4.462509e+02	1.258244e+01	-3.547215e-02	-6.494406e-05	4.439199e-01	2.078661e-01	2.026039e-01	1.503712e-03	-2.367587e-02	-6.450261e-04
358	2.406288e+03	4.487499e+02	1.259842e+01	-4.253158e-02	-4.610089e-03	4.427446e-01	1.986406e-01	1.887520e-01	3.227627e-03	-2.106690e-02	-3.251759e-05
359	1.415936e+05	4.487526e+02	1.260130e+01	-3.414191e-02	2.424185e-04	4.403107e-01	2.033852e-01	1.984968e-01	5.901325e-04	-2.253137e-02	-6.342025e-04
360	2.406288e+03	4.512500e+02	1.262018e+01	-3.995465e-02	-5.430734e-03	4.412135e-01	1.943183e-01	1.846211e-01	2.255320e-03	-2.009659e-02	-1.214894e-04
361	1.415935e+05	4.512496e+02	1.261933e+01	-3.276435e-02	-8.715425e-05	4.370196e-01	1.992579e-01	1.945909e-01	-4.002208e-04	-2.137391e-02	-6.180158e-04
362	2.421906e+03	4.537502e+02	1.264118e+01	-3.693116e-02	-5.606793e-03	4.387363e-01	1.912585e-01	1.808606e-01	1.161616e-03	-1.914503e-02	-4.516774e-04
363	1.415779e+05	4.537487e+02	1.263668e+01	-3.179321e-02	2.841958e-04	4.347556e-01	1.955317e-01	1.908587e-01	-1.681443e-03	-2.021276e-02	-6.364909e-04
364	2.453151e+03	4.562502e+02	1.265862e+01	-3.474962e-02	-6.274387e-03	4.355151e-01	1.875996e-01	1.775512e-01	7.393946e-04	-1.777053e-02	-7.574995e-04
365	1.415466e+05	4.562509e+02	1.265194e+01	-3.069143e-02	-9.565427e-05	4.331762e-01	1.908710e-01	1.871105e-01	-3.026898e-03	-1.909359e-02	-6.139391e-04
366	2.437527e+03	4.587502e+02	1.267436e+01	-3.375649e-02	-6.053545e-03	4.326306e-01	1.835927e-01	1.744414e-01	-6.678329e-05	-1.638093e-02	-9.273248e-04
367	1.415623e+05	4.587507e+02	1.266636e+01	-2.959923e-02	3.290745e-04	4.314745e-01	1.862982e-01	1.834050e-01	-4.202140e-03	-1.797782e-02	-5.980255e-04
368	2.437527e+03	4.612500e+02	1.268898e+01	-3.366655e-02	-6.773807e-03	4.293778e-01	1.801898e-01	1.715688e-01	-1.149131e-03	-1.510362e-02	-1.162972e-03
369	1.415623e+05	4.612520e+02	1.267978e+01	-2.935746e-02	-1.248488e-04	4.287812e-01	1.829619e-01	1.798671e-01	-4.928380e-03	-1.688976e-02	-5.683485e-04
370	2.437527e+03	4.637500e+02	1.270097e+01	-3.327103e-02	-6.037854e-03	4.266983e-01	1.778045e-01	1.686123e-01	-2.583780e-03	-1.400820e-02	-1.410491e-03
371	1.415623e+05	4.637509e+02	1.269246e+01	-2.906415e-02	3.560893e-04	4.252098e-01	1.805376e-01	1.763973e-01	-5.461191e-03	-1.581921e-02	-5.496959e-04
372	2.437528e+03	4.662500e+02	1.271165e+01	-3.177891e-02	-6.187716e-03	4.243182e-01	1.765333e-01	1.654743e-01	-3.860668e-03	-1.342092e-02	-1.735052e-03
373	1.415623e+05	4.662505e+02	1.270459e+01	-2.863372e-02	-1.692011e-04	4.222609e-01	1.789556e-01	1.725911e-01	-5.791367e-03	-1.477274e-02	-5.076627e-04
375	1.439997e+05	4.687498e+02	1.271636e+01	-2.748948e-02	2.955459e-04	4.192213e-01	1.779021e-01	1.686181e-01	-5.906284e-03	-1.367587e-02	-4.668465e-04
377	1.439997e+05	4.712521e+02	1.272682e+01	-2.531088e-02	-3.134268e-04	4.153980e-01	1.761314e-01	1.646733e-01	-6.023912e-03	-1.259343e-02	-4.025554e-04
379	1.439997e+05	4.737513e+02	1.273635e+01	-2.288593e-02	3.378275e-04	4.117669e-01	1.733137e-01	1.603308e-01	-6.676494e-03	-1.153496e-02	-3.399751e-04
381	1.439997e+05	4.762521e+02	1.274587e+01	-2.106455e-02	-3.693874e-04	4.074721e-01	1.706047e-01	1.555918e-01	-7.387361e-03	-1.045159e-02	-2.772835e-04
383	1.439997e+05	4.787506e+02	1.275474e+01	-1.907462e-02	3.994544e-04	4.035472e-01	1.680306e-01	1.502200e-01	-7.740813e-03	-9.426024e-03	-2.281484e-04
385	1.439997e+05	4.812523e+02	1.276235e+01	-1.748011e-02	-4.295705e-04	4.012916e-01	1.659718e-01	1.442962e-01	-7.990215e-03	-8.331740e-03	-1.980198e-04
387	1.439997e+05	4.837506e+02	1.276869e+01	-1.532132e-02	4.551499e-04	3.992626e-01	1.634613e-01	1.377190e-01	-8.138708e-03	-7.324008e-03	-1.668888e-04
389	1.439997e+05	4.862498e+02	1.277372e+01	-1.067382e-02	-4.960416e-04	3.970097e-01	1.610791e-01	1.301979e-01	-8.501217e-03	-6.202876e-03	-1.265478e-04
391	1.439997e+05	4.887502e+02	1.277800e+01	-4.487783e-03	5.182727e-04	3.950109e-01	1.588021e-01	1.210421e-01	-9.194746e-03	-5.138328e-03	-1.035259e-04
393	1.439997e+05	4.912517e+02	1.278089e+01	1.808200e-03	-5.919355e-04	3.936874e-01	1.583509e-01	1.092522e-01	-9.885486e-03	-3.994411e-03	-9.225675e-05
395	1.439997e+05	4.937511e+02	1.278454e+01	7.995320e-03	5.976008e-04	3.921280e-01	1.617976e-01	9.268241e-02	-1.074723e-02	-2.872746e-03	-4.658192e-05
397	1.439997e+05	4.962509e+02	1.278774e+01	1.479732e-02	-7.839492e-04	3.914920e-01	1.735054e-01	6.883901e-02	-1.127276e-02	-1.692507e-03	-2.674522e-05
399	1.439997e+05	4.987523e+02	1.279546e+01	2.377009e-02	8.624878e-04	3.915821e-01	2.020885e-01	3.024766e-02	-1.213799e-02	-5.355320e-04	6.130785e-06
