Time (s)	1.000000e+04	dt_sampled - EXTRA_TIME	3.750000e+03
 i	 Vol	 Z	 Uavg	 Vavg	 Wavg	 Urms	 Vrms	 Wrms	 UVmean	 UWmean	 VWmean
0	7.200000e+04	6.247349e-01	3.830715e+00	8.598059e-01	-5.265092e-03	3.653711e-01	2.549326e-01	8.909009e-02	1.802645e-02	-1.064390e-02	-2.318855e-03
1	7.200000e+04	1.875637e+00	4.524794e+00	1.021651e+00	3.508330e-03	4.026052e-01	2.677744e-01	1.081573e-01	2.260240e-02	-1.947603e-02	-4.034470e-03
2	7.200000e+04	3.125806e+00	4.735625e+00	1.065045e+00	-3.314974e-03	3.691296e-01	2.644463e-01	1.312522e-01	1.760380e-02	-1.948475e-02	-3.592085e-03
3	7.200000e+04	4.374590e+00	4.878747e+00	1.089856e+00	2.880438e-03	3.417260e-01	2.587644e-01	1.467140e-01	1.304653e-02	-2.037710e-02	-3.673325e-03
4	7.200000e+04	5.626863e+00	4.972488e+00	1.103290e+00	-2.486181e-03	3.203407e-01	2.527441e-01	1.565797e-01	9.939361e-03	-2.036929e-02	-3.309102e-03
5	7.200000e+04	6.876738e+00	5.047307e+00	1.113269e+00	2.227612e-03	3.050237e-01	2.485136e-01	1.627346e-01	7.958473e-03	-2.047996e-02	-3.216214e-03
6	7.200000e+04	8.127151e+00	5.107206e+00	1.120409e+00	-1.934643e-03	2.930321e-01	2.448249e-01	1.662394e-01	6.801384e-03	-2.041883e-02	-2.916270e-03
7	7.200000e+04	9.375942e+00	5.159340e+00	1.126133e+00	1.741981e-03	2.839852e-01	2.421130e-01	1.684613e-01	6.006437e-03	-2.032298e-02	-2.758481e-03
8	7.200000e+04	1.062404e+01	5.205580e+00	1.130561e+00	-1.530135e-03	2.770312e-01	2.401070e-01	1.695697e-01	5.009328e-03	-2.023144e-02	-2.486255e-03
9	7.200000e+04	1.187262e+01	5.248630e+00	1.134124e+00	1.382846e-03	2.716154e-01	2.383586e-01	1.703259e-01	4.115506e-03	-2.008070e-02	-2.320847e-03
10	7.200000e+04	1.312173e+01	5.288620e+00	1.136552e+00	-1.230735e-03	2.666760e-01	2.367901e-01	1.707527e-01	3.126855e-03	-1.997338e-02	-2.077769e-03
11	7.200000e+04	1.437005e+01	5.326404e+00	1.138468e+00	1.111549e-03	2.625777e-01	2.354557e-01	1.709758e-01	2.278635e-03	-1.979822e-02	-1.892911e-03
12	7.200000e+04	1.562164e+01	5.361553e+00	1.140054e+00	-9.909114e-04	2.593070e-01	2.344606e-01	1.710365e-01	1.427636e-03	-1.967811e-02	-1.660755e-03
13	7.200000e+04	1.687398e+01	5.395355e+00	1.141890e+00	8.983684e-04	2.567962e-01	2.340661e-01	1.708786e-01	6.341203e-04	-1.949502e-02	-1.475612e-03
14	7.200000e+04	1.811819e+01	5.427841e+00	1.143908e+00	-8.062416e-04	2.547157e-01	2.338853e-01	1.706477e-01	-1.352969e-06	-1.935937e-02	-1.259436e-03
15	7.200000e+04	1.937408e+01	5.459132e+00	1.145493e+00	7.307428e-04	2.527346e-01	2.335969e-01	1.702250e-01	-5.235820e-04	-1.918789e-02	-1.094476e-03
16	7.200000e+04	2.062489e+01	5.489859e+00	1.146406e+00	-6.572427e-04	2.505859e-01	2.331609e-01	1.697649e-01	-9.969476e-04	-1.904071e-02	-8.915549e-04
17	7.200000e+04	2.188293e+01	5.519210e+00	1.147150e+00	5.954709e-04	2.487231e-01	2.327099e-01	1.691686e-01	-1.372897e-03	-1.886758e-02	-7.273441e-04
18	7.200000e+04	2.312019e+01	5.547987e+00	1.147643e+00	-5.363965e-04	2.470299e-01	2.324689e-01	1.686561e-01	-1.748070e-03	-1.871364e-02	-5.387433e-04
19	7.200000e+04	2.438035e+01	5.576605e+00	1.147552e+00	4.905618e-04	2.455864e-01	2.321616e-01	1.681348e-01	-2.065830e-03	-1.853736e-02	-3.857726e-04
20	7.200000e+04	2.561718e+01	5.604897e+00	1.146773e+00	-4.444709e-04	2.440210e-01	2.320073e-01	1.676756e-01	-2.440324e-03	-1.837037e-02	-2.083017e-04
21	7.200000e+04	2.687912e+01	5.633274e+00	1.146099e+00	4.036502e-04	2.424056e-01	2.320036e-01	1.671740e-01	-2.803336e-03	-1.819146e-02	-5.715488e-05
22	7.200000e+04	2.811253e+01	5.660914e+00	1.145376e+00	-3.694330e-04	2.410378e-01	2.321204e-01	1.667877e-01	-3.071011e-03	-1.802735e-02	1.019383e-04
23	7.200000e+04	2.937544e+01	5.689230e+00	1.144218e+00	3.393245e-04	2.397411e-01	2.321709e-01	1.663118e-01	-3.218214e-03	-1.784596e-02	2.442070e-04
24	7.200000e+04	3.063739e+01	5.716951e+00	1.142670e+00	-3.070693e-04	2.382498e-01	2.321230e-01	1.658083e-01	-3.375619e-03	-1.768142e-02	3.939176e-04
25	7.200000e+04	3.187226e+01	5.744633e+00	1.140381e+00	2.825030e-04	2.366399e-01	2.318626e-01	1.652961e-01	-3.663703e-03	-1.750355e-02	5.247813e-04
26	7.200000e+04	3.313847e+01	5.771652e+00	1.137529e+00	-2.579311e-04	2.349049e-01	2.315327e-01	1.648332e-01	-3.970962e-03	-1.733095e-02	6.679962e-04
27	7.200000e+04	3.437844e+01	5.797505e+00	1.134683e+00	2.368264e-04	2.332850e-01	2.313994e-01	1.642949e-01	-4.286352e-03	-1.715709e-02	8.014095e-04
28	7.200000e+04	3.562554e+01	5.823143e+00	1.132011e+00	-2.149917e-04	2.315761e-01	2.316148e-01	1.637339e-01	-4.690252e-03	-1.698301e-02	9.351859e-04
29	7.200000e+04	3.686655e+01	5.847941e+00	1.129677e+00	2.002976e-04	2.299036e-01	2.319729e-01	1.631323e-01	-5.033716e-03	-1.680443e-02	1.054198e-03
30	7.200000e+04	3.813452e+01	5.872629e+00	1.127332e+00	-1.822119e-04	2.283529e-01	2.323356e-01	1.625838e-01	-5.315258e-03	-1.662985e-02	1.176951e-03
31	7.200000e+04	3.937933e+01	5.897265e+00	1.125049e+00	1.678387e-04	2.266198e-01	2.328414e-01	1.620274e-01	-5.514522e-03	-1.644556e-02	1.285878e-03
32	7.200049e+04	4.061963e+01	5.922103e+00	1.122824e+00	-1.538256e-04	2.247656e-01	2.334143e-01	1.615064e-01	-5.805629e-03	-1.626723e-02	1.400098e-03
33	7.200049e+04	4.186478e+01	5.946958e+00	1.120429e+00	1.436329e-04	2.229831e-01	2.336818e-01	1.609187e-01	-6.067900e-03	-1.607668e-02	1.506732e-03
34	7.200050e+04	4.313503e+01	5.971418e+00	1.117985e+00	-1.313227e-04	2.214341e-01	2.334379e-01	1.603434e-01	-6.291057e-03	-1.589149e-02	1.622035e-03
35	7.200049e+04	4.438379e+01	5.996533e+00	1.115272e+00	1.246267e-04	2.201010e-01	2.332186e-01	1.597710e-01	-6.483935e-03	-1.569561e-02	1.724406e-03
36	7.200049e+04	4.560881e+01	6.021396e+00	1.111872e+00	-1.174086e-04	2.190958e-01	2.331965e-01	1.591742e-01	-6.635596e-03	-1.551165e-02	1.826503e-03
37	7.200051e+04	4.685774e+01	6.046407e+00	1.107913e+00	1.123461e-04	2.182133e-01	2.329568e-01	1.585092e-01	-6.796143e-03	-1.532023e-02	1.920002e-03
38	7.200051e+04	4.812769e+01	6.071786e+00	1.103702e+00	-1.043355e-04	2.174990e-01	2.323029e-01	1.578152e-01	-7.023036e-03	-1.513696e-02	2.016566e-03
39	7.200049e+04	4.939823e+01	6.096075e+00	1.099272e+00	1.014716e-04	2.171596e-01	2.315597e-01	1.571214e-01	-7.353731e-03	-1.494694e-02	2.103560e-03
40	7.200049e+04	5.065087e+01	6.120677e+00	1.094812e+00	-9.715933e-05	2.167223e-01	2.308081e-01	1.564662e-01	-7.667388e-03	-1.475594e-02	2.192990e-03
41	7.200051e+04	5.186778e+01	6.143894e+00	1.090278e+00	9.450955e-05	2.163170e-01	2.298545e-01	1.557523e-01	-7.975477e-03	-1.456760e-02	2.273913e-03
42	7.200049e+04	5.312151e+01	6.167302e+00	1.085658e+00	-9.122855e-05	2.158612e-01	2.288663e-01	1.549587e-01	-8.363966e-03	-1.437624e-02	2.354204e-03
43	7.200049e+04	5.439294e+01	6.190797e+00	1.080627e+00	8.872499e-05	2.150685e-01	2.279340e-01	1.541088e-01	-8.704523e-03	-1.418925e-02	2.422853e-03
44	7.200051e+04	5.564795e+01	6.213292e+00	1.075108e+00	-8.666551e-05	2.141483e-01	2.271715e-01	1.532472e-01	-9.013025e-03	-1.400177e-02	2.495194e-03
45	7.200049e+04	5.686254e+01	6.236326e+00	1.069454e+00	8.667577e-05	2.130161e-01	2.264582e-01	1.523971e-01	-9.206629e-03	-1.381681e-02	2.559849e-03
46	7.200050e+04	5.811786e+01	6.258565e+00	1.063515e+00	-8.323079e-05	2.119462e-01	2.256362e-01	1.516035e-01	-9.334196e-03	-1.363113e-02	2.626128e-03
47	7.200052e+04	5.938993e+01	6.280504e+00	1.057518e+00	8.464949e-05	2.113706e-01	2.251336e-01	1.509476e-01	-9.473515e-03	-1.344557e-02	2.689380e-03
48	7.200050e+04	6.064682e+01	6.302132e+00	1.051378e+00	-8.446017e-05	2.112233e-01	2.250217e-01	1.503746e-01	-9.653629e-03	-1.325887e-02	2.752179e-03
49	7.200049e+04	6.186095e+01	6.322670e+00	1.045617e+00	8.594646e-05	2.110054e-01	2.248395e-01	1.498606e-01	-9.797977e-03	-1.307479e-02	2.806799e-03
50	7.200048e+04	6.312056e+01	6.343746e+00	1.040058e+00	-8.724535e-05	2.105357e-01	2.247415e-01	1.492919e-01	-9.797089e-03	-1.289035e-02	2.861727e-03
51	7.200050e+04	6.437122e+01	6.366029e+00	1.034405e+00	9.176078e-05	2.099669e-01	2.247078e-01	1.487522e-01	-9.701159e-03	-1.270620e-02	2.908433e-03
52	7.200050e+04	6.563755e+01	6.386332e+00	1.028557e+00	-9.383661e-05	2.090884e-01	2.247330e-01	1.480948e-01	-9.634774e-03	-1.252356e-02	2.967986e-03
53	7.200050e+04	6.689892e+01	6.407848e+00	1.022699e+00	9.730958e-05	2.082032e-01	2.246149e-01	1.473580e-01	-9.586807e-03	-1.234591e-02	3.014237e-03
54	7.200051e+04	6.811652e+01	6.429430e+00	1.016791e+00	-9.959307e-05	2.076139e-01	2.242993e-01	1.463352e-01	-9.624943e-03	-1.215940e-02	3.071535e-03
55	7.200049e+04	6.937602e+01	6.449968e+00	1.010701e+00	1.014612e-04	2.070043e-01	2.237034e-01	1.453397e-01	-9.687125e-03	-1.199234e-02	3.109664e-03
56	7.200046e+04	7.065012e+01	6.471608e+00	1.004704e+00	-1.074992e-04	2.062531e-01	2.230453e-01	1.440139e-01	-9.758952e-03	-1.179392e-02	3.165910e-03
57	7.200048e+04	7.191071e+01	6.491878e+00	9.986854e-01	1.118319e-04	2.053557e-01	2.226651e-01	1.429069e-01	-9.922805e-03	-1.164315e-02	3.201658e-03
58	7.200048e+04	7.313443e+01	6.513869e+00	9.922203e-01	-1.215435e-04	2.044834e-01	2.225592e-01	1.410891e-01	-1.018041e-02	-1.141090e-02	3.242004e-03
59	7.200048e+04	7.439701e+01	6.534755e+00	9.854303e-01	1.197168e-04	2.035176e-01	2.221541e-01	1.397645e-01	-1.051207e-02	-1.130334e-02	3.272056e-03
60	7.200057e+04	7.561620e+01	6.555689e+00	9.782602e-01	-1.311402e-04	2.026824e-01	2.217489e-01	1.369880e-01	-1.096000e-02	-1.099879e-02	3.301629e-03
61	7.200055e+04	7.687666e+01	6.574936e+00	9.708555e-01	1.193133e-04	2.021937e-01	2.211607e-01	1.354540e-01	-1.158099e-02	-1.098298e-02	3.322493e-03
62	7.189972e+04	7.816975e+01	6.596853e+00	9.631252e-01	-1.222287e-04	2.017434e-01	2.204461e-01	1.311576e-01	-1.221152e-02	-1.055692e-02	3.348700e-03
63	7.189972e+04	7.939858e+01	6.614974e+00	9.540403e-01	9.208395e-05	2.011787e-01	2.193130e-01	1.299717e-01	-1.271258e-02	-1.072946e-02	3.335121e-03
65	1.440000e+05	8.125715e+01	6.643534e+00	9.366693e-01	-7.086565e-09	1.936886e-01	2.119603e-01	1.218013e-01	-1.318356e-02	-1.003340e-02	3.302830e-03
67	1.440000e+05	8.375500e+01	6.690749e+00	9.185286e-01	-2.954770e-05	1.964725e-01	2.135193e-01	1.182805e-01	-1.382799e-02	-9.566995e-03	3.318198e-03
69	1.440000e+05	8.625465e+01	6.737805e+00	8.990747e-01	1.441515e-05	1.970591e-01	2.129757e-01	1.151013e-01	-1.431420e-02	-9.419290e-03	3.313092e-03
71	1.440000e+05	8.875224e+01	6.785700e+00	8.805128e-01	-1.224367e-05	1.961654e-01	2.117168e-01	1.127627e-01	-1.458979e-02	-8.917183e-03	3.304356e-03
73	1.440000e+05	9.125868e+01	6.833439e+00	8.631575e-01	1.382851e-05	1.946964e-01	2.110135e-01	1.109037e-01	-1.496783e-02	-8.636110e-03	3.294663e-03
75	1.440000e+05	9.375607e+01	6.881567e+00	8.447148e-01	-6.861876e-06	1.946816e-01	2.105763e-01	1.093237e-01	-1.572195e-02	-8.194588e-03	3.251657e-03
77	1.440000e+05	9.625478e+01	6.932144e+00	8.250517e-01	2.501938e-06	1.944235e-01	2.096220e-01	1.078863e-01	-1.651553e-02	-7.847474e-03	3.239499e-03
79	1.440000e+05	9.875185e+01	6.982537e+00	8.047990e-01	-4.001748e-06	1.944100e-01	2.094087e-01	1.060024e-01	-1.729452e-02	-7.444592e-03	3.196754e-03
81	1.440000e+05	1.012481e+02	7.032966e+00	7.849028e-01	-7.950701e-06	1.942100e-01	2.084812e-01	1.038389e-01	-1.783155e-02	-7.070727e-03	3.168239e-03
83	1.440000e+05	1.037451e+02	7.084084e+00	7.632692e-01	1.113181e-05	1.927707e-01	2.076618e-01	1.014083e-01	-1.819023e-02	-6.687046e-03	3.080299e-03
85	1.440000e+05	1.062434e+02	7.133947e+00	7.403053e-01	-1.396704e-05	1.924442e-01	2.064895e-01	9.872255e-02	-1.876137e-02	-6.307403e-03	3.007581e-03
87	1.440000e+05	1.087403e+02	7.183542e+00	7.153717e-01	9.578557e-06	1.925984e-01	2.052539e-01	9.563825e-02	-1.928704e-02	-5.897576e-03	2.881908e-03
89	1.440000e+05	1.112446e+02	7.236050e+00	6.878514e-01	-1.684621e-05	1.944790e-01	2.032174e-01	9.257179e-02	-2.026526e-02	-5.495786e-03	2.789291e-03
91	1.440000e+05	1.137413e+02	7.290956e+00	6.595763e-01	1.471661e-05	1.967999e-01	2.002228e-01	8.961546e-02	-2.149364e-02	-5.057714e-03	2.630418e-03
93	1.440000e+05	1.162395e+02	7.347532e+00	6.319357e-01	-1.762625e-05	2.002510e-01	1.965404e-01	8.673441e-02	-2.256958e-02	-4.646793e-03	2.500752e-03
95	1.440000e+05	1.187372e+02	7.405241e+00	6.046371e-01	1.190156e-05	2.043332e-01	1.941169e-01	8.389966e-02	-2.390392e-02	-4.215781e-03	2.320052e-03
97	1.440000e+05	1.212618e+02	7.465219e+00	5.770008e-01	-9.810013e-06	2.078995e-01	1.923043e-01	8.118725e-02	-2.533495e-02	-3.801220e-03	2.143992e-03
99	1.440000e+05	1.237618e+02	7.528507e+00	5.472188e-01	3.939492e-06	2.098336e-01	1.911746e-01	7.872785e-02	-2.687422e-02	-3.377324e-03	1.924616e-03
101	1.440000e+05	1.262551e+02	7.590573e+00	5.147238e-01	-9.649032e-07	2.099495e-01	1.882010e-01	7.647407e-02	-2.774022e-02	-2.966184e-03	1.745287e-03
103	1.440000e+05	1.287570e+02	7.651460e+00	4.825093e-01	4.626929e-06	2.071580e-01	1.832926e-01	7.417700e-02	-2.741260e-02	-2.501709e-03	1.535137e-03
105	1.440000e+05	1.312533e+02	7.709964e+00	4.520437e-01	-4.426150e-06	2.004597e-01	1.770384e-01	7.174180e-02	-2.616364e-02	-2.132328e-03	1.343419e-03
107	1.440000e+05	1.337573e+02	7.764765e+00	4.224156e-01	2.496519e-06	1.878181e-01	1.682278e-01	6.913134e-02	-2.359949e-02	-1.768446e-03	1.111628e-03
109	1.440000e+05	1.362459e+02	7.815274e+00	3.930845e-01	5.252266e-06	1.692849e-01	1.566935e-01	6.653938e-02	-1.974412e-02	-1.474477e-03	9.210089e-04
111	1.440000e+05	1.387519e+02	7.858427e+00	3.649128e-01	-4.784828e-06	1.482622e-01	1.425760e-01	6.383049e-02	-1.534276e-02	-1.188964e-03	7.436982e-04
113	1.440000e+05	1.412593e+02	7.895654e+00	3.387243e-01	1.300889e-05	1.251091e-01	1.269617e-01	6.108778e-02	-1.097146e-02	-9.413214e-04	5.855113e-04
115	1.440000e+05	1.437448e+02	7.927417e+00	3.152747e-01	-4.556507e-06	1.013409e-01	1.105194e-01	5.854466e-02	-7.210021e-03	-7.070870e-04	4.031731e-04
117	1.440000e+05	1.462555e+02	7.952630e+00	2.952746e-01	1.118741e-05	7.946379e-02	9.368704e-02	5.595785e-02	-4.197820e-03	-5.001510e-04	2.620239e-04
119	1.440000e+05	1.487392e+02	7.970366e+00	2.800297e-01	-3.383669e-06	6.095837e-02	7.779861e-02	5.327944e-02	-2.003804e-03	-3.266581e-04	1.288758e-04
121	1.440000e+05	1.512560e+02	7.981295e+00	2.692440e-01	1.083180e-05	4.758940e-02	6.329558e-02	5.051553e-02	-6.421754e-04	-1.980246e-04	2.696291e-05
123	1.440000e+05	1.537382e+02	7.986422e+00	2.631426e-01	-2.319968e-06	4.103785e-02	5.265341e-02	4.775558e-02	-1.633910e-05	-1.223844e-04	-5.170764e-05
125	1.440000e+05	1.562517e+02	7.987453e+00	2.608139e-01	8.520607e-06	3.925260e-02	4.636986e-02	4.497972e-02	1.641623e-04	-8.177337e-05	-9.302253e-05
127	1.440000e+05	1.587321e+02	7.985914e+00	2.613130e-01	-4.852751e-06	3.921068e-02	4.332457e-02	4.237426e-02	1.642175e-04	-6.113879e-05	-1.136567e-04
129	1.440000e+05	1.612682e+02	7.983361e+00	2.634913e-01	5.066650e-06	3.909413e-02	4.176122e-02	4.001996e-02	1.451778e-04	-4.661008e-05	-1.177559e-04
131	1.440000e+05	1.637469e+02	7.980241e+00	2.663010e-01	-3.022309e-06	3.853383e-02	4.080255e-02	3.801254e-02	1.453903e-04	-3.989189e-05	-1.122623e-04
133	1.440000e+05	1.662625e+02	7.977411e+00	2.688389e-01	3.871879e-06	3.785510e-02	4.032581e-02	3.630621e-02	1.725758e-04	-3.513685e-05	-1.021914e-04
135	1.440000e+05	1.687400e+02	7.973727e+00	2.705188e-01	-2.552512e-06	3.723746e-02	4.034207e-02	3.482277e-02	2.239090e-04	-3.247885e-05	-9.174874e-05
137	1.440000e+05	1.712611e+02	7.970185e+00	2.709500e-01	2.593738e-06	3.659700e-02	4.094899e-02	3.345960e-02	2.957962e-04	-2.660628e-05	-8.405549e-05
139	1.440000e+05	1.737372e+02	7.966217e+00	2.698714e-01	-2.620682e-06	3.567799e-02	4.216056e-02	3.216925e-02	3.740791e-04	-2.267162e-05	-7.792914e-05
141	1.440000e+05	1.762554e+02	7.962196e+00	2.669694e-01	2.620747e-06	3.451728e-02	4.396260e-02	3.091787e-02	4.501086e-04	-1.998210e-05	-7.303831e-05
143	1.440000e+05	1.787300e+02	7.957623e+00	2.623110e-01	-2.684777e-06	3.318505e-02	4.583744e-02	2.969950e-02	5.100998e-04	-2.202169e-05	-6.852258e-05
145	1.440000e+05	1.812481e+02	7.952809e+00	2.563887e-01	2.076265e-06	3.196141e-02	4.683512e-02	2.852419e-02	5.434140e-04	-2.226417e-05	-6.394483e-05
147	1.440000e+05	1.837677e+02	7.947660e+00	2.498407e-01	-2.586627e-06	3.111111e-02	4.664106e-02	2.741537e-02	5.446197e-04	-2.173013e-05	-6.011596e-05
149	1.440000e+05	1.862422e+02	7.943052e+00	2.439361e-01	1.893064e-06	3.032895e-02	4.587029e-02	2.641363e-02	5.081882e-04	-2.048969e-05	-5.746318e-05
151	1.440000e+05	1.887628e+02	7.938662e+00	2.392983e-01	-1.205758e-06	2.954929e-02	4.528314e-02	2.555825e-02	4.534622e-04	-2.158634e-05	-5.295987e-05
153	1.440000e+05	1.912396e+02	7.934787e+00	2.358611e-01	1.913264e-06	2.918399e-02	4.539359e-02	2.484548e-02	4.055786e-04	-2.164054e-05	-4.821580e-05
155	1.440000e+05	1.937611e+02	7.930653e+00	2.334339e-01	-1.061673e-06	2.932018e-02	4.612598e-02	2.425618e-02	3.539889e-04	-2.129658e-05	-4.353058e-05
157	1.440000e+05	1.962332e+02	7.926338e+00	2.320732e-01	1.948714e-06	2.943609e-02	4.706886e-02	2.377188e-02	3.044510e-04	-1.792284e-05	-4.011255e-05
159	1.440000e+05	1.987556e+02	7.922557e+00	2.313346e-01	-4.548605e-07	2.939163e-02	4.782217e-02	2.340151e-02	2.901888e-04	-1.425406e-05	-3.862750e-05
161	1.440000e+05	2.012436e+02	7.919638e+00	2.312325e-01	6.470017e-07	2.975177e-02	4.823887e-02	2.314087e-02	3.269030e-04	-1.050884e-05	-3.605364e-05
163	1.440000e+05	2.037671e+02	7.918136e+00	2.318517e-01	-4.325057e-07	3.025429e-02	4.840796e-02	2.300416e-02	3.812242e-04	-1.110648e-05	-3.385904e-05
165	1.440000e+05	2.062371e+02	7.917499e+00	2.331136e-01	-7.961689e-08	3.033396e-02	4.840349e-02	2.300307e-02	4.229918e-04	-1.260803e-05	-3.185247e-05
167	1.440000e+05	2.087611e+02	7.918644e+00	2.350529e-01	4.739709e-07	2.997178e-02	4.834633e-02	2.313334e-02	4.590149e-04	-1.397795e-05	-3.165799e-05
169	1.440000e+05	2.112335e+02	7.920108e+00	2.375317e-01	-4.921848e-07	2.981080e-02	4.824487e-02	2.336961e-02	5.034400e-04	-1.381277e-05	-3.212591e-05
171	1.440000e+05	2.137582e+02	7.923253e+00	2.404197e-01	1.129857e-06	3.094918e-02	4.801814e-02	2.369529e-02	5.460884e-04	-1.254180e-05	-3.432138e-05
173	1.440000e+05	2.162266e+02	7.926586e+00	2.434684e-01	-8.004337e-07	3.281492e-02	4.747581e-02	2.409085e-02	5.604671e-04	-1.099049e-05	-3.603451e-05
175	1.440000e+05	2.187520e+02	7.929760e+00	2.458856e-01	7.177418e-07	3.399154e-02	4.654386e-02	2.452393e-02	5.403449e-04	-9.653658e-06	-3.690268e-05
177	1.440000e+05	2.212776e+02	7.932821e+00	2.471489e-01	-1.257202e-06	3.432039e-02	4.525241e-02	2.494655e-02	4.995533e-04	-7.963460e-06	-3.525240e-05
179	1.440000e+05	2.237445e+02	7.936136e+00	2.471280e-01	1.501230e-06	3.437980e-02	4.383592e-02	2.531316e-02	4.511625e-04	-9.480246e-06	-3.288609e-05
181	1.440000e+05	2.262719e+02	7.939834e+00	2.458297e-01	-1.207317e-06	3.408749e-02	4.252133e-02	2.558863e-02	4.047125e-04	-1.001775e-05	-2.961171e-05
183	1.440000e+05	2.287381e+02	7.943331e+00	2.435483e-01	1.567078e-06	3.339119e-02	4.153380e-02	2.575367e-02	3.557443e-04	-9.371875e-06	-2.699584e-05
185	1.440000e+05	2.312697e+02	7.946421e+00	2.405759e-01	-1.724623e-06	3.218296e-02	4.108560e-02	2.580134e-02	3.173044e-04	-5.049329e-06	-2.536846e-05
187	1.440000e+05	2.337345e+02	7.949129e+00	2.373771e-01	1.747838e-06	3.087809e-02	4.114190e-02	2.574187e-02	3.033825e-04	-2.418359e-06	-2.436949e-05
189	1.440000e+05	2.362637e+02	7.951080e+00	2.344740e-01	-2.259791e-06	2.987952e-02	4.159625e-02	2.559482e-02	3.025002e-04	-1.131662e-06	-2.323214e-05
191	1.440000e+05	2.387309e+02	7.952823e+00	2.322740e-01	1.302478e-06	2.916686e-02	4.226292e-02	2.537161e-02	3.027286e-04	-2.848169e-06	-2.392433e-05
193	1.440000e+05	2.412678e+02	7.955078e+00	2.309536e-01	-2.375986e-06	2.860717e-02	4.314971e-02	2.506214e-02	3.023199e-04	-6.141464e-06	-2.621642e-05
195	1.440000e+05	2.437354e+02	7.957161e+00	2.306050e-01	2.048940e-06	2.811772e-02	4.425734e-02	2.466796e-02	3.050182e-04	-9.164657e-06	-3.065089e-05
197	1.440000e+05	2.462658e+02	7.959000e+00	2.311264e-01	-7.392391e-07	2.775081e-02	4.564431e-02	2.419482e-02	3.141472e-04	-1.165877e-05	-3.550467e-05
199	1.440000e+05	2.487365e+02	7.959990e+00	2.319794e-01	2.168719e-06	2.749706e-02	4.710516e-02	2.366637e-02	3.227248e-04	-1.270463e-05	-4.049273e-05
201	1.440000e+05	2.512528e+02	7.960293e+00	2.327526e-01	-2.324894e-06	2.734457e-02	4.819172e-02	2.311881e-02	3.277723e-04	-1.290743e-05	-4.495575e-05
203	1.440000e+05	2.537241e+02	7.960575e+00	2.333896e-01	2.214820e-06	2.723548e-02	4.872305e-02	2.258750e-02	3.285276e-04	-1.245837e-05	-4.827100e-05
205	1.440000e+05	2.562555e+02	7.960658e+00	2.337932e-01	-3.188846e-06	2.716098e-02	4.881194e-02	2.209852e-02	3.260798e-04	-1.118473e-05	-4.978930e-05
207	1.440000e+05	2.587296e+02	7.960648e+00	2.339470e-01	3.993089e-06	2.710017e-02	4.864191e-02	2.167178e-02	3.222503e-04	-1.037234e-05	-4.855593e-05
209	1.440000e+05	2.612619e+02	7.960586e+00	2.339737e-01	-3.643057e-06	2.697904e-02	4.842295e-02	2.133626e-02	3.167122e-04	-1.037632e-05	-4.423748e-05
211	1.440000e+05	2.637651e+02	7.960548e+00	2.341784e-01	3.738592e-06	2.686735e-02	4.834522e-02	2.110692e-02	3.152170e-04	-1.050477e-05	-3.910030e-05
213	1.440000e+05	2.662414e+02	7.960618e+00	2.344027e-01	-4.626382e-06	2.682862e-02	4.817146e-02	2.099120e-02	3.134308e-04	-9.970964e-06	-3.574922e-05
215	1.440000e+05	2.687739e+02	7.961188e+00	2.346330e-01	5.452209e-06	2.686738e-02	4.766292e-02	2.099119e-02	3.047950e-04	-9.599361e-06	-3.273215e-05
217	1.440000e+05	2.712552e+02	7.961678e+00	2.350481e-01	-5.622495e-06	2.692371e-02	4.694797e-02	2.110564e-02	2.957747e-04	-9.310953e-06	-2.909729e-05
219	1.440000e+05	2.737511e+02	7.962358e+00	2.354302e-01	5.776033e-06	2.696002e-02	4.607099e-02	2.131102e-02	2.892780e-04	-9.069491e-06	-2.489883e-05
221	1.440000e+05	2.762305e+02	7.962984e+00	2.355716e-01	-6.210606e-06	2.695756e-02	4.510277e-02	2.157828e-02	2.792926e-04	-8.922097e-06	-2.148860e-05
223	1.440000e+05	2.787639e+02	7.963043e+00	2.355235e-01	5.797266e-06	2.692173e-02	4.419181e-02	2.185790e-02	2.634783e-04	-8.785642e-06	-1.822344e-05
225	1.440000e+05	2.812578e+02	7.963025e+00	2.353610e-01	-4.955057e-06	2.687935e-02	4.345422e-02	2.212421e-02	2.459708e-04	-8.411055e-06	-1.447173e-05
227	1.440000e+05	2.837469e+02	7.962905e+00	2.350633e-01	5.525869e-06	2.685073e-02	4.303904e-02	2.236830e-02	2.330900e-04	-7.708809e-06	-1.092691e-05
229	1.440000e+05	2.862289e+02	7.962867e+00	2.346309e-01	-6.853344e-06	2.685346e-02	4.283884e-02	2.259524e-02	2.269800e-04	-6.963622e-06	-7.780159e-06
231	1.440000e+05	2.887630e+02	7.962288e+00	2.341077e-01	6.143893e-06	2.686452e-02	4.267389e-02	2.280882e-02	2.273275e-04	-6.552285e-06	-5.764135e-06
233	1.440000e+05	2.912500e+02	7.962029e+00	2.335399e-01	-7.037726e-06	2.688967e-02	4.249307e-02	2.300609e-02	2.319753e-04	-6.251762e-06	-6.259977e-06
235	1.440000e+05	2.937323e+02	7.962154e+00	2.329431e-01	9.289089e-06	2.692989e-02	4.244772e-02	2.314267e-02	2.330784e-04	-6.398263e-06	-7.210537e-06
237	1.440000e+05	2.962174e+02	7.962433e+00	2.326433e-01	-9.376158e-06	2.694973e-02	4.275869e-02	2.321970e-02	2.302209e-04	-6.673279e-06	-9.919217e-06
239	1.440000e+05	2.987519e+02	7.962888e+00	2.327127e-01	8.572212e-06	2.695018e-02	4.313077e-02	2.328092e-02	2.324414e-04	-6.984681e-06	-1.482763e-05
241	1.440000e+05	3.012867e+02	7.962905e+00	2.328110e-01	-1.303023e-05	2.693402e-02	4.343257e-02	2.333019e-02	2.360104e-04	-7.062755e-06	-2.142875e-05
243	1.440000e+05	3.037741e+02	7.962915e+00	2.330821e-01	1.084340e-05	2.691388e-02	4.362028e-02	2.336043e-02	2.410887e-04	-6.955002e-06	-2.880408e-05
245	1.440000e+05	3.062499e+02	7.962913e+00	2.332639e-01	-1.205087e-05	2.688767e-02	4.378338e-02	2.336352e-02	2.488301e-04	-6.859492e-06	-3.646077e-05
247	1.440000e+05	3.087376e+02	7.962910e+00	2.331474e-01	1.334454e-05	2.687694e-02	4.399908e-02	2.333823e-02	2.623798e-04	-6.644581e-06	-4.381015e-05
249	1.440000e+05	3.112760e+02	7.962912e+00	2.328504e-01	-1.165857e-05	2.690285e-02	4.435075e-02	2.329329e-02	2.827367e-04	-6.551810e-06	-5.067783e-05
251	1.440000e+05	3.137657e+02	7.962955e+00	2.327128e-01	1.450467e-05	2.695236e-02	4.467293e-02	2.325562e-02	3.025634e-04	-6.416118e-06	-5.467628e-05
253	1.440000e+05	3.162361e+02	7.962893e+00	2.326282e-01	-1.441630e-05	2.699503e-02	4.480685e-02	2.322719e-02	3.154144e-04	-6.611423e-06	-5.622419e-05
255	1.440000e+05	3.187261e+02	7.962864e+00	2.324989e-01	1.537478e-05	2.701984e-02	4.471647e-02	2.322143e-02	3.184138e-04	-6.794382e-06	-5.464298e-05
257	1.440000e+05	3.212739e+02	7.962835e+00	2.324674e-01	-1.509212e-05	2.705662e-02	4.452723e-02	2.322520e-02	3.141798e-04	-7.637947e-06	-5.171003e-05
259	1.440000e+05	3.237657e+02	7.962803e+00	2.326112e-01	1.752600e-05	2.711438e-02	4.440472e-02	2.323784e-02	3.047290e-04	-8.008946e-06	-4.650837e-05
261	1.440000e+05	3.262309e+02	7.962777e+00	2.329299e-01	-1.919055e-05	2.716189e-02	4.448664e-02	2.324763e-02	2.948916e-04	-8.704102e-06	-4.014223e-05
263	1.440000e+05	3.287231e+02	7.962732e+00	2.334021e-01	1.840866e-05	2.717751e-02	4.475247e-02	2.323802e-02	2.913487e-04	-8.848827e-06	-3.190761e-05
265	1.440000e+05	3.312625e+02	7.962409e+00	2.340951e-01	-1.975234e-05	2.717016e-02	4.509939e-02	2.319461e-02	3.010628e-04	-9.164690e-06	-2.432861e-05
267	1.440000e+05	3.337561e+02	7.962300e+00	2.347803e-01	2.114297e-05	2.712975e-02	4.548955e-02	2.308855e-02	3.124920e-04	-8.847070e-06	-1.616301e-05
269	1.440000e+05	3.362165e+02	7.962215e+00	2.352525e-01	-2.174374e-05	2.707557e-02	4.597267e-02	2.293303e-02	3.200061e-04	-8.498729e-06	-9.673598e-06
271	1.440000e+05	3.387108e+02	7.962157e+00	2.355583e-01	2.502188e-05	2.701465e-02	4.647678e-02	2.277257e-02	3.219768e-04	-7.651203e-06	-5.560274e-06
273	1.440000e+05	3.412480e+02	7.962127e+00	2.358449e-01	-2.611595e-05	2.698015e-02	4.697491e-02	2.266268e-02	3.247539e-04	-6.894938e-06	-2.921224e-06
275	1.440000e+05	3.437858e+02	7.962044e+00	2.361099e-01	2.556907e-05	2.696919e-02	4.734034e-02	2.263157e-02	3.286941e-04	-5.742022e-06	1.194671e-06
277	1.440000e+05	3.462827e+02	7.961931e+00	2.360439e-01	-2.748522e-05	2.694652e-02	4.733875e-02	2.267221e-02	3.315835e-04	-5.007616e-06	3.644386e-06
279	1.440000e+05	3.487373e+02	7.961827e+00	2.356681e-01	2.971472e-05	2.693653e-02	4.690968e-02	2.278044e-02	3.324373e-04	-3.998868e-06	5.301727e-06
281	1.440000e+05	3.512361e+02	7.961869e+00	2.350885e-01	-3.180768e-05	2.697151e-02	4.610925e-02	2.296600e-02	3.323261e-04	-3.548006e-06	3.636017e-06
283	1.440000e+05	3.537746e+02	7.961944e+00	2.345352e-01	3.360089e-05	2.700270e-02	4.509299e-02	2.321260e-02	3.340505e-04	-3.053949e-06	3.158230e-06
285	1.440000e+05	3.562735e+02	7.962006e+00	2.341287e-01	-3.620954e-05	2.699918e-02	4.406529e-02	2.350740e-02	3.379146e-04	-3.369065e-06	3.251848e-06
287	1.440000e+05	3.587234e+02	7.962079e+00	2.340394e-01	3.828315e-05	2.699739e-02	4.309296e-02	2.381034e-02	3.425112e-04	-3.281021e-06	6.067885e-06
289	1.440000e+05	3.612320e+02	7.962174e+00	2.341547e-01	-3.932348e-05	2.699726e-02	4.212674e-02	2.412560e-02	3.463352e-04	-3.896795e-06	7.621676e-06
291	1.440000e+05	3.637706e+02	7.962302e+00	2.343739e-01	4.097324e-05	2.699306e-02	4.120893e-02	2.442283e-02	3.452739e-04	-3.892262e-06	9.024822e-06
293	1.440000e+05	3.662710e+02	7.962543e+00	2.345033e-01	-4.260788e-05	2.697633e-02	4.045805e-02	2.470380e-02	3.359274e-04	-4.345097e-06	8.201379e-06
295	1.440000e+05	3.687170e+02	7.962785e+00	2.344339e-01	4.450921e-05	2.696418e-02	4.004355e-02	2.493993e-02	3.187987e-04	-3.937371e-06	7.844122e-06
297	1.440000e+05	3.712194e+02	7.962815e+00	2.341474e-01	-4.768455e-05	2.697984e-02	4.000462e-02	2.512906e-02	2.982209e-04	-4.127921e-06	5.324898e-06
299	1.440000e+05	3.737585e+02	7.962846e+00	2.336847e-01	4.962528e-05	2.701278e-02	4.040923e-02	2.524086e-02	2.812626e-04	-3.811949e-06	3.310254e-06
301	1.440000e+05	3.762604e+02	7.962879e+00	2.331809e-01	-5.215850e-05	2.702513e-02	4.114792e-02	2.527195e-02	2.715382e-04	-4.322162e-06	-1.553647e-06
303	1.440000e+05	3.787031e+02	7.963015e+00	2.327556e-01	5.613524e-05	2.700325e-02	4.210721e-02	2.519246e-02	2.700216e-04	-4.173704e-06	-5.620864e-06
305	1.440000e+05	3.812426e+02	7.963118e+00	2.324675e-01	-5.999978e-05	2.696508e-02	4.311104e-02	2.503019e-02	2.728881e-04	-4.761001e-06	-1.267056e-05
307	1.440000e+05	3.837448e+02	7.963189e+00	2.324151e-01	6.406805e-05	2.693787e-02	4.401058e-02	2.477540e-02	2.786754e-04	-4.471609e-06	-1.663352e-05
309	1.440000e+05	3.862851e+02	7.963265e+00	2.325051e-01	-6.752956e-05	2.692649e-02	4.465649e-02	2.447222e-02	2.862597e-04	-5.075633e-06	-2.260174e-05
311	1.440000e+05	3.887885e+02	7.963284e+00	2.326832e-01	7.212856e-05	2.693461e-02	4.496369e-02	2.412613e-02	2.933065e-04	-4.508708e-06	-2.545948e-05
313	1.440000e+05	3.912288e+02	7.963298e+00	2.327862e-01	-7.639530e-05	2.696102e-02	4.494410e-02	2.380052e-02	2.988925e-04	-4.947312e-06	-3.136346e-05
315	1.440000e+05	3.937322e+02	7.963246e+00	2.328994e-01	8.016873e-05	2.699562e-02	4.464852e-02	2.349882e-02	2.994997e-04	-4.108228e-06	-3.364890e-05
317	1.440000e+05	3.962732e+02	7.963198e+00	2.329434e-01	-8.397693e-05	2.703444e-02	4.423733e-02	2.325540e-02	2.963879e-04	-4.766179e-06	-3.915293e-05
319	1.440000e+05	3.987773e+02	7.963085e+00	2.331122e-01	8.775629e-05	2.706392e-02	4.378221e-02	2.306389e-02	2.890789e-04	-3.992065e-06	-4.008900e-05
321	1.440000e+05	4.012227e+02	7.962949e+00	2.333610e-01	-9.154754e-05	2.708528e-02	4.333159e-02	2.293633e-02	2.799598e-04	-4.895267e-06	-4.364416e-05
323	1.440000e+05	4.037263e+02	7.962898e+00	2.337677e-01	9.685018e-05	2.708938e-02	4.290898e-02	2.284681e-02	2.723314e-04	-3.977920e-06	-4.229710e-05
325	1.440000e+05	4.062682e+02	7.962844e+00	2.341460e-01	-1.027958e-04	2.708438e-02	4.254269e-02	2.278739e-02	2.670331e-04	-4.907052e-06	-4.428618e-05
327	1.440000e+05	4.087726e+02	7.962813e+00	2.347067e-01	1.102130e-04	2.707421e-02	4.224776e-02	2.274261e-02	2.628444e-04	-3.730712e-06	-4.134805e-05
329	1.440000e+05	4.112087e+02	7.962765e+00	2.351960e-01	-1.173141e-04	2.707191e-02	4.202354e-02	2.270035e-02	2.599354e-04	-4.620350e-06	-4.335428e-05
331	1.440000e+05	4.137135e+02	7.962484e+00	2.357367e-01	1.247051e-04	2.707717e-02	4.182529e-02	2.268896e-02	2.561689e-04	-3.297633e-06	-4.036843e-05
333	1.440000e+05	4.162557e+02	7.962499e+00	2.359961e-01	-1.317819e-04	2.708687e-02	4.171403e-02	2.268401e-02	2.516644e-04	-4.005105e-06	-4.213867e-05
335	1.440000e+05	4.187626e+02	7.962151e+00	2.361256e-01	1.390189e-04	2.708803e-02	4.162623e-02	2.273066e-02	2.480604e-04	-2.389969e-06	-3.735950e-05
337	1.440000e+05	4.213039e+02	7.962744e+00	2.361106e-01	-1.474554e-04	2.707970e-02	4.169808e-02	2.279642e-02	2.487732e-04	-3.074966e-06	-3.861668e-05
339	1.440000e+05	4.237330e+02	7.962746e+00	2.360611e-01	1.551351e-04	2.707075e-02	4.181229e-02	2.292685e-02	2.536149e-04	-1.204443e-06	-3.293428e-05
341	1.440000e+05	4.262408e+02	7.962821e+00	2.359067e-01	-1.649057e-04	2.706433e-02	4.212130e-02	2.306369e-02	2.629576e-04	-1.953509e-06	-3.549545e-05
343	1.440000e+05	4.287833e+02	7.962836e+00	2.357972e-01	1.731534e-04	2.706215e-02	4.237479e-02	2.325448e-02	2.720930e-04	1.653967e-08	-3.075547e-05
345	1.440000e+05	4.312928e+02	7.962873e+00	2.355351e-01	-1.823145e-04	2.707431e-02	4.278063e-02	2.340911e-02	2.833300e-04	-9.429942e-07	-3.579399e-05
347	1.440000e+05	4.337201e+02	7.962899e+00	2.351805e-01	1.905836e-04	2.709271e-02	4.302920e-02	2.360618e-02	2.918268e-04	7.349771e-07	-3.193127e-05
349	1.440000e+05	4.362285e+02	7.962947e+00	2.347637e-01	-1.991813e-04	2.711695e-02	4.329280e-02	2.373827e-02	2.993102e-04	-9.248032e-07	-3.861077e-05
351	1.440000e+05	4.387708e+02	7.962967e+00	2.343403e-01	2.084627e-04	2.712668e-02	4.333797e-02	2.392231e-02	3.030431e-04	3.064597e-07	-3.322706e-05
353	1.440000e+05	4.412881e+02	7.963076e+00	2.339899e-01	-2.173978e-04	2.713265e-02	4.330216e-02	2.400849e-02	3.048355e-04	-2.070481e-06	-4.067419e-05
355	1.440000e+05	4.437123e+02	7.963057e+00	2.337859e-01	2.298838e-04	2.710481e-02	4.304368e-02	2.413129e-02	2.991218e-04	-9.386711e-07	-3.247549e-05
357	1.440000e+05	4.462217e+02	7.963177e+00	2.335466e-01	-2.434025e-04	2.707974e-02	4.275421e-02	2.408097e-02	2.920538e-04	-3.470062e-06	-3.885299e-05
359	1.440000e+05	4.487649e+02	7.963180e+00	2.335696e-01	2.591012e-04	2.703029e-02	4.234953e-02	2.405072e-02	2.780056e-04	-2.294367e-06	-2.732487e-05
361	1.440000e+05	4.512774e+02	7.963274e+00	2.336257e-01	-2.760570e-04	2.702039e-02	4.205974e-02	2.380118e-02	2.697822e-04	-4.547048e-06	-3.187038e-05
363	1.440000e+05	4.536982e+02	7.963300e+00	2.340714e-01	2.969118e-04	2.696778e-02	4.177215e-02	2.361895e-02	2.580114e-04	-3.014429e-06	-1.835785e-05
365	1.440000e+05	4.562085e+02	7.963461e+00	2.345759e-01	-3.166569e-04	2.694424e-02	4.165002e-02	2.321276e-02	2.534728e-04	-5.054292e-06	-2.244317e-05
367	1.440000e+05	4.587520e+02	7.963460e+00	2.352265e-01	3.414548e-04	2.689653e-02	4.156794e-02	2.293024e-02	2.481086e-04	-3.184807e-06	-8.738214e-06
369	1.440000e+05	4.612955e+02	7.963491e+00	2.357908e-01	-3.651544e-04	2.687803e-02	4.158970e-02	2.245237e-02	2.487933e-04	-4.850257e-06	-1.428885e-05
371	1.440000e+05	4.638066e+02	7.963433e+00	2.364250e-01	3.894173e-04	2.683511e-02	4.163425e-02	2.212561e-02	2.496712e-04	-2.541601e-06	-1.342564e-06
373	1.440000e+05	4.662248e+02	7.963492e+00	2.368431e-01	-4.161687e-04	2.681053e-02	4.161073e-02	2.165847e-02	2.552455e-04	-3.916134e-06	-1.014040e-05
375	1.440000e+05	4.687387e+02	7.963396e+00	2.371417e-01	4.407681e-04	2.678144e-02	4.155470e-02	2.129591e-02	2.617255e-04	-1.408802e-06	2.971372e-06
377	1.440000e+05	4.712799e+02	7.963467e+00	2.372579e-01	-4.696107e-04	2.678350e-02	4.142411e-02	2.076183e-02	2.688482e-04	-2.825284e-06	-7.433438e-06
379	1.440000e+05	4.737907e+02	7.963447e+00	2.371269e-01	4.971150e-04	2.679890e-02	4.140084e-02	2.024624e-02	2.777320e-04	9.869199e-08	8.332837e-06
381	1.440000e+05	4.762108e+02	7.963459e+00	2.369182e-01	-5.293589e-04	2.686397e-02	4.124591e-02	1.942426e-02	2.804546e-04	-1.780828e-06	-5.785365e-06
383	1.440000e+05	4.787241e+02	7.963435e+00	2.364793e-01	5.718090e-04	2.695512e-02	4.147235e-02	1.852855e-02	2.846431e-04	1.528466e-06	1.362596e-05
385	1.440000e+05	4.812759e+02	7.963438e+00	2.359910e-01	-6.202499e-04	2.706881e-02	4.166754e-02	1.719839e-02	2.842068e-04	-1.084789e-06	-8.083937e-06
387	1.440000e+05	4.837899e+02	7.963209e+00	2.355935e-01	6.839059e-04	2.719617e-02	4.245270e-02	1.577979e-02	2.861897e-04	2.218691e-06	1.743743e-05
389	1.440000e+05	4.862129e+02	7.963358e+00	2.355331e-01	-7.605911e-04	2.733497e-02	4.308809e-02	1.387112e-02	2.898853e-04	-1.012342e-06	-1.327066e-05
391	1.440000e+05	4.887282e+02	7.963065e+00	2.358035e-01	8.474418e-04	2.746278e-02	4.418056e-02	1.191016e-02	2.965893e-04	2.277850e-06	1.983365e-05
393	1.440000e+05	4.912500e+02	7.963162e+00	2.361337e-01	-9.429809e-04	2.748230e-02	4.490667e-02	9.480315e-03	2.989713e-04	-1.540089e-06	-1.877202e-05
395	1.440000e+05	4.937638e+02	7.962949e+00	2.365094e-01	1.054186e-03	2.744189e-02	4.621401e-02	7.107981e-03	3.021972e-04	2.329818e-06	2.333833e-05
397	1.440000e+05	4.961895e+02	7.963059e+00	2.367809e-01	-1.157361e-03	2.750602e-02	4.698318e-02	4.398101e-03	3.011875e-04	-2.124774e-06	-2.385055e-05
399	1.440000e+05	4.987036e+02	7.962771e+00	2.369859e-01	1.261245e-03	2.759908e-02	4.732687e-02	2.390991e-03	3.046749e-04	2.440299e-06	2.658075e-05
