Time (s)	9.993750e+03	dt_sampled - EXTRA_TIME	3.743750e+03
 i	 Vol	 Z	 Uavg	 Vavg	 Wavg	 Urms	 Vrms	 Wrms	 UVmean	 UWmean	 VWmean
0	6.300010e+04	6.250178e-01	7.371839e-01	2.390555e-02	-5.884430e-02	5.304941e-01	5.183408e-01	1.744327e-01	-2.885281e-02	8.217081e-04	-4.602082e-03
1	6.300010e+04	1.875109e+00	9.798301e-01	6.162371e-02	2.606033e-02	4.924416e-01	4.595024e-01	2.824330e-01	-1.141976e-02	-1.506965e-02	-1.217340e-02
2	6.300011e+04	3.125232e+00	1.079462e+00	9.052517e-02	-1.649965e-02	4.772347e-01	4.440902e-01	3.380836e-01	-7.500594e-03	-2.207868e-02	-1.993924e-02
3	6.300011e+04	4.375168e+00	1.137262e+00	1.333687e-01	1.174835e-02	4.772416e-01	4.427261e-01	3.730440e-01	-5.208020e-03	-2.798255e-02	-2.681970e-02
4	6.300012e+04	5.625313e+00	1.185048e+00	1.873336e-01	-8.214355e-03	4.818126e-01	4.453222e-01	3.935468e-01	-3.067042e-03	-3.861527e-02	-3.259455e-02
5	6.300013e+04	6.875481e+00	1.233668e+00	2.498841e-01	6.034965e-03	4.915749e-01	4.513847e-01	4.040645e-01	1.685946e-04	-5.016451e-02	-3.714656e-02
6	6.300008e+04	8.125357e+00	1.309272e+00	3.193256e-01	-5.042641e-03	5.061777e-01	4.581067e-01	4.073542e-01	4.952765e-03	-6.564394e-02	-4.060980e-02
7	6.300009e+04	9.375094e+00	1.415682e+00	3.915600e-01	3.593256e-03	5.280824e-01	4.666662e-01	4.035203e-01	1.308835e-02	-7.915705e-02	-4.297233e-02
8	7.200438e+04	1.062457e+01	1.535613e+00	4.931292e-01	1.372052e-02	5.602729e-01	4.833606e-01	3.740488e-01	3.011122e-02	-7.453358e-02	-3.563177e-02
9	7.200441e+04	1.187452e+01	1.704075e+00	5.322173e-01	-5.756854e-03	5.630276e-01	4.817856e-01	3.699072e-01	2.937197e-02	-8.346266e-02	-3.490955e-02
10	7.200444e+04	1.312428e+01	1.814086e+00	5.758466e-01	4.274844e-03	5.555235e-01	4.773276e-01	3.673806e-01	2.779465e-02	-8.033514e-02	-3.309194e-02
11	7.200466e+04	1.437386e+01	1.899584e+00	6.095947e-01	-3.112822e-03	5.490060e-01	4.729469e-01	3.690565e-01	2.578091e-02	-8.133299e-02	-3.358475e-02
12	7.200281e+04	1.562332e+01	1.968650e+00	6.419256e-01	2.362800e-03	5.455055e-01	4.695735e-01	3.676833e-01	2.501677e-02	-7.980905e-02	-3.288914e-02
13	7.200266e+04	1.687567e+01	2.032083e+00	6.706306e-01	-1.862609e-03	5.447001e-01	4.665453e-01	3.682177e-01	2.443433e-02	-8.040508e-02	-3.299344e-02
14	7.198915e+04	1.812289e+01	2.089410e+00	6.971473e-01	1.471538e-03	5.452267e-01	4.644345e-01	3.668051e-01	2.365233e-02	-7.977888e-02	-3.240483e-02
15	7.198931e+04	1.937713e+01	2.144556e+00	7.217160e-01	-1.194443e-03	5.466524e-01	4.625289e-01	3.663183e-01	2.257218e-02	-8.021059e-02	-3.216462e-02
16	7.200575e+04	2.062335e+01	2.196681e+00	7.451481e-01	9.695757e-04	5.481425e-01	4.611105e-01	3.649263e-01	2.150450e-02	-7.975738e-02	-3.153583e-02
17	7.200576e+04	2.187846e+01	2.247083e+00	7.672980e-01	-8.010147e-04	5.498893e-01	4.591411e-01	3.645971e-01	2.047461e-02	-7.988901e-02	-3.112772e-02
18	7.198267e+04	2.312073e+01	2.295042e+00	7.881354e-01	6.467184e-04	5.515885e-01	4.573325e-01	3.639093e-01	1.922750e-02	-7.942758e-02	-3.049453e-02
19	7.198270e+04	2.437539e+01	2.342125e+00	8.081424e-01	-5.335622e-04	5.533525e-01	4.560452e-01	3.637533e-01	1.803656e-02	-7.937134e-02	-2.998611e-02
20	7.198262e+04	2.561964e+01	2.387638e+00	8.269176e-01	4.329642e-04	5.548595e-01	4.548154e-01	3.632439e-01	1.702339e-02	-7.893633e-02	-2.937707e-02
21	7.198241e+04	2.687431e+01	2.432208e+00	8.444994e-01	-3.685039e-04	5.562621e-01	4.533744e-01	3.630750e-01	1.619434e-02	-7.873356e-02	-2.883356e-02
22	7.198234e+04	2.811823e+01	2.475816e+00	8.605266e-01	2.974830e-04	5.579783e-01	4.519433e-01	3.626770e-01	1.523332e-02	-7.828270e-02	-2.826354e-02
23	7.198235e+04	2.937281e+01	2.518749e+00	8.754687e-01	-2.522675e-04	5.599095e-01	4.503486e-01	3.624823e-01	1.379534e-02	-7.803051e-02	-2.772539e-02
24	7.198252e+04	3.061688e+01	2.560788e+00	8.896082e-01	2.033197e-04	5.615774e-01	4.490570e-01	3.621064e-01	1.210170e-02	-7.761902e-02	-2.717726e-02
25	7.198245e+04	3.187209e+01	2.602296e+00	9.031140e-01	-1.753677e-04	5.629431e-01	4.480951e-01	3.618874e-01	1.042034e-02	-7.732131e-02	-2.664074e-02
26	7.198216e+04	3.311935e+01	2.642835e+00	9.165956e-01	1.394513e-04	5.641527e-01	4.470617e-01	3.615350e-01	8.843529e-03	-7.694307e-02	-2.608738e-02
27	7.198220e+04	3.436789e+01	2.682504e+00	9.295391e-01	-1.206522e-04	5.649190e-01	4.456708e-01	3.612579e-01	7.045124e-03	-7.663532e-02	-2.556183e-02
28	7.198209e+04	3.561389e+01	2.721542e+00	9.420747e-01	9.046713e-05	5.652256e-01	4.442571e-01	3.608467e-01	5.332887e-03	-7.627352e-02	-2.502019e-02
29	7.198205e+04	3.686922e+01	2.760106e+00	9.546572e-01	-7.821859e-05	5.651553e-01	4.426900e-01	3.606028e-01	3.664233e-03	-7.596543e-02	-2.449381e-02
30	7.213646e+04	3.811927e+01	2.798697e+00	9.674724e-01	5.625841e-05	5.646629e-01	4.413376e-01	3.604903e-01	1.923308e-03	-7.560771e-02	-2.394630e-02
31	7.213631e+04	3.937012e+01	2.836927e+00	9.802936e-01	-5.243754e-05	5.638205e-01	4.404714e-01	3.606137e-01	2.430353e-04	-7.526628e-02	-2.343395e-02
32	7.200482e+04	4.062323e+01	2.875112e+00	9.934311e-01	3.790036e-05	5.627969e-01	4.400032e-01	3.607423e-01	-1.443446e-03	-7.490012e-02	-2.288449e-02
33	7.200481e+04	4.187165e+01	2.912952e+00	1.006563e+00	-3.667672e-05	5.616259e-01	4.393951e-01	3.608753e-01	-3.229207e-03	-7.454958e-02	-2.238312e-02
34	7.200483e+04	4.312818e+01	2.950300e+00	1.019052e+00	2.918137e-05	5.603371e-01	4.389477e-01	3.608925e-01	-4.892250e-03	-7.417086e-02	-2.185906e-02
35	7.200487e+04	4.438043e+01	2.987101e+00	1.031098e+00	-2.993043e-05	5.585770e-01	4.385367e-01	3.609847e-01	-6.308592e-03	-7.381614e-02	-2.135526e-02
36	7.200535e+04	4.562329e+01	3.023622e+00	1.043005e+00	2.149770e-05	5.569455e-01	4.380690e-01	3.609537e-01	-7.787624e-03	-7.343850e-02	-2.084159e-02
37	7.200544e+04	4.687082e+01	3.059978e+00	1.054683e+00	-2.117686e-05	5.555698e-01	4.375466e-01	3.608701e-01	-9.291634e-03	-7.306721e-02	-2.032398e-02
38	7.200469e+04	4.812651e+01	3.095904e+00	1.065899e+00	1.223505e-05	5.540164e-01	4.368844e-01	3.606988e-01	-1.057962e-02	-7.268558e-02	-1.980324e-02
39	7.200456e+04	4.938184e+01	3.131586e+00	1.076726e+00	-1.396624e-05	5.522316e-01	4.358355e-01	3.604449e-01	-1.191781e-02	-7.231147e-02	-1.928348e-02
40	7.200462e+04	5.062828e+01	3.166672e+00	1.087368e+00	9.596422e-06	5.503033e-01	4.342945e-01	3.600579e-01	-1.348243e-02	-7.195120e-02	-1.876089e-02
41	7.200468e+04	5.187123e+01	3.201188e+00	1.097630e+00	-6.681745e-06	5.485365e-01	4.328841e-01	3.595400e-01	-1.502124e-02	-7.157314e-02	-1.825403e-02
42	7.200470e+04	5.312473e+01	3.235104e+00	1.107497e+00	1.572794e-07	5.469391e-01	4.316102e-01	3.590022e-01	-1.641256e-02	-7.120570e-02	-1.776719e-02
43	7.200470e+04	5.438107e+01	3.268489e+00	1.116911e+00	-9.149509e-07	5.452486e-01	4.306490e-01	3.584403e-01	-1.774718e-02	-7.082735e-02	-1.726624e-02
44	7.200448e+04	5.563115e+01	3.301429e+00	1.126017e+00	-4.623175e-06	5.433608e-01	4.295471e-01	3.579234e-01	-1.894651e-02	-7.044608e-02	-1.680505e-02
45	7.200450e+04	5.687279e+01	3.334186e+00	1.134996e+00	2.973036e-06	5.414854e-01	4.283036e-01	3.573791e-01	-1.980896e-02	-7.008152e-02	-1.632708e-02
46	7.200438e+04	5.812340e+01	3.366744e+00	1.143901e+00	-5.966992e-06	5.395283e-01	4.274519e-01	3.568154e-01	-2.038982e-02	-6.971848e-02	-1.589369e-02
47	7.200450e+04	5.938027e+01	3.399203e+00	1.152345e+00	2.547640e-06	5.376706e-01	4.267385e-01	3.563160e-01	-2.103191e-02	-6.938149e-02	-1.545233e-02
48	7.200435e+04	6.063341e+01	3.431626e+00	1.160507e+00	-5.030446e-06	5.363279e-01	4.259196e-01	3.558732e-01	-2.176609e-02	-6.901489e-02	-1.501250e-02
49	7.200438e+04	6.187754e+01	3.464050e+00	1.168655e+00	5.919047e-07	5.350778e-01	4.251459e-01	3.555407e-01	-2.243937e-02	-6.868666e-02	-1.459130e-02
50	7.200430e+04	6.312449e+01	3.496753e+00	1.176928e+00	-6.005525e-07	5.340025e-01	4.240958e-01	3.551995e-01	-2.294367e-02	-6.834655e-02	-1.415854e-02
51	7.200441e+04	6.437761e+01	3.529361e+00	1.185128e+00	-2.627061e-06	5.328037e-01	4.229484e-01	3.548692e-01	-2.344082e-02	-6.802391e-02	-1.374984e-02
52	7.200403e+04	6.562962e+01	3.561721e+00	1.193068e+00	-9.950528e-07	5.315416e-01	4.219900e-01	3.543827e-01	-2.404557e-02	-6.769217e-02	-1.335051e-02
53	7.200404e+04	6.687615e+01	3.593703e+00	1.200524e+00	-6.465844e-06	5.303186e-01	4.213115e-01	3.538147e-01	-2.469027e-02	-6.738000e-02	-1.296088e-02
54	7.200401e+04	6.812248e+01	3.625641e+00	1.207659e+00	4.170580e-06	5.288736e-01	4.206057e-01	3.529978e-01	-2.536260e-02	-6.704319e-02	-1.258387e-02
55	7.200381e+04	6.937711e+01	3.656827e+00	1.214523e+00	-9.943001e-06	5.275021e-01	4.200840e-01	3.522335e-01	-2.607691e-02	-6.675119e-02	-1.224029e-02
56	7.200416e+04	7.063583e+01	3.688278e+00	1.221617e+00	1.143404e-05	5.262609e-01	4.191521e-01	3.512514e-01	-2.683730e-02	-6.638268e-02	-1.186339e-02
57	7.200420e+04	7.188792e+01	3.719085e+00	1.228406e+00	-2.742113e-05	5.251619e-01	4.181502e-01	3.505192e-01	-2.753498e-02	-6.612039e-02	-1.155202e-02
58	7.200418e+04	7.313151e+01	3.750593e+00	1.235131e+00	2.837132e-05	5.236062e-01	4.174641e-01	3.491170e-01	-2.815918e-02	-6.569631e-02	-1.119212e-02
59	7.200431e+04	7.437663e+01	3.780680e+00	1.241542e+00	-7.005881e-05	5.218510e-01	4.165100e-01	3.481663e-01	-2.856689e-02	-6.551726e-02	-1.091505e-02
60	7.200391e+04	7.562715e+01	3.811636e+00	1.248102e+00	8.065282e-05	5.197192e-01	4.153596e-01	3.452124e-01	-2.865394e-02	-6.497238e-02	-1.054184e-02
61	7.200359e+04	7.687659e+01	3.839676e+00	1.253445e+00	-1.977369e-04	5.174161e-01	4.137632e-01	3.436939e-01	-2.855285e-02	-6.500364e-02	-1.035117e-02
62	7.191498e+04	7.813880e+01	3.869078e+00	1.259102e+00	3.016373e-04	5.147928e-01	4.118676e-01	3.370960e-01	-2.841052e-02	-6.416930e-02	-9.894682e-03
63	7.191500e+04	7.938266e+01	3.893708e+00	1.262597e+00	-7.577796e-04	5.116499e-01	4.098603e-01	3.362347e-01	-2.832292e-02	-6.471312e-02	-9.942254e-03
64	5.938324e+03	8.124994e+01	3.928397e+00	1.262606e+00	4.446553e-04	5.013468e-01	3.979752e-01	3.180529e-01	-2.483829e-02	-6.204221e-02	-1.050929e-02
65	1.380620e+05	8.124975e+01	3.931185e+00	1.266153e+00	2.184858e-03	5.005436e-01	3.952844e-01	3.205544e-01	-2.829876e-02	-6.309526e-02	-9.240866e-03
66	5.938597e+03	8.374989e+01	3.986408e+00	1.272379e+00	-4.495829e-03	5.030863e-01	3.983681e-01	3.149547e-01	-2.542697e-02	-6.195471e-02	-9.932066e-03
67	1.380618e+05	8.375011e+01	3.988885e+00	1.274429e+00	-2.618812e-03	5.009621e-01	3.946058e-01	3.168399e-01	-2.748470e-02	-6.255715e-02	-8.575132e-03
68	5.938600e+03	8.624986e+01	4.043055e+00	1.281160e+00	3.751483e-04	5.016773e-01	3.967741e-01	3.119734e-01	-2.512993e-02	-6.174273e-02	-9.837396e-03
69	1.380615e+05	8.625041e+01	4.045025e+00	1.282068e+00	2.305980e-03	5.001234e-01	3.924208e-01	3.128722e-01	-2.657025e-02	-6.212971e-02	-8.282237e-03
70	5.938610e+03	8.874984e+01	4.098690e+00	1.287650e+00	-3.471928e-03	5.007578e-01	3.942694e-01	3.109262e-01	-2.381964e-02	-6.118113e-02	-9.404244e-03
71	1.380614e+05	8.874982e+01	4.099800e+00	1.288519e+00	-1.843402e-03	5.003102e-01	3.908286e-01	3.111549e-01	-2.556096e-02	-6.133211e-02	-7.652861e-03
72	5.938598e+03	9.124986e+01	4.152976e+00	1.293509e+00	4.177956e-04	4.998181e-01	3.898441e-01	3.093038e-01	-2.307270e-02	-6.070319e-02	-8.641100e-03
73	1.380614e+05	9.125008e+01	4.153468e+00	1.293700e+00	1.699886e-03	5.004855e-01	3.889563e-01	3.093187e-01	-2.494875e-02	-6.066716e-02	-7.196506e-03
74	5.938597e+03	9.374988e+01	4.205928e+00	1.299326e+00	-2.223641e-03	4.978681e-01	3.858151e-01	3.072477e-01	-2.192066e-02	-5.973312e-02	-7.758721e-03
75	1.380613e+05	9.375002e+01	4.206336e+00	1.298838e+00	-1.374459e-03	5.001946e-01	3.872469e-01	3.074998e-01	-2.428759e-02	-5.993669e-02	-6.619181e-03
76	5.938596e+03	9.624986e+01	4.256857e+00	1.303704e+00	6.507742e-04	4.963659e-01	3.817414e-01	3.052138e-01	-2.154223e-02	-5.861286e-02	-7.206285e-03
77	1.380612e+05	9.625031e+01	4.258314e+00	1.302834e+00	1.244230e-03	4.994643e-01	3.850487e-01	3.056796e-01	-2.384674e-02	-5.927534e-02	-6.154179e-03
78	5.938598e+03	9.874986e+01	4.304214e+00	1.308021e+00	-1.304624e-03	4.957731e-01	3.795640e-01	3.029519e-01	-2.114152e-02	-5.765729e-02	-7.022196e-03
79	1.380611e+05	9.874992e+01	4.308796e+00	1.305901e+00	-1.049967e-03	4.992267e-01	3.837924e-01	3.038982e-01	-2.408860e-02	-5.851483e-02	-5.614916e-03
80	5.938605e+03	1.012499e+02	4.352757e+00	1.312911e+00	8.078292e-04	4.934618e-01	3.783852e-01	3.012946e-01	-1.939613e-02	-5.690642e-02	-6.921586e-03
81	1.380611e+05	1.012500e+02	4.358868e+00	1.308902e+00	9.245458e-04	4.983346e-01	3.835115e-01	3.023754e-01	-2.393498e-02	-5.777031e-02	-5.121210e-03
82	5.938598e+03	1.037499e+02	4.401862e+00	1.315094e+00	-5.650785e-04	4.900498e-01	3.780346e-01	3.001760e-01	-1.811251e-02	-5.618974e-02	-6.595452e-03
83	1.380610e+05	1.037501e+02	4.407038e+00	1.311156e+00	-7.931656e-04	4.966809e-01	3.823465e-01	3.010283e-01	-2.374729e-02	-5.699967e-02	-4.610889e-03
84	5.938598e+03	1.062499e+02	4.448431e+00	1.315798e+00	1.032733e-03	4.865702e-01	3.770804e-01	2.993314e-01	-1.919505e-02	-5.550215e-02	-6.055976e-03
85	1.380610e+05	1.062502e+02	4.452605e+00	1.312791e+00	6.671202e-04	4.943177e-01	3.801395e-01	3.002999e-01	-2.451703e-02	-5.621161e-02	-4.154129e-03
86	5.938598e+03	1.087499e+02	4.492951e+00	1.315005e+00	1.117077e-06	4.847732e-01	3.744195e-01	2.986552e-01	-2.167627e-02	-5.487741e-02	-5.345087e-03
87	1.380611e+05	1.087499e+02	4.495971e+00	1.313119e+00	-6.180101e-04	4.916591e-01	3.774284e-01	2.997655e-01	-2.588632e-02	-5.541226e-02	-3.709033e-03
88	5.938598e+03	1.112499e+02	4.536824e+00	1.312453e+00	1.431542e-03	4.844606e-01	3.727713e-01	2.978334e-01	-2.457405e-02	-5.419048e-02	-4.293840e-03
89	1.380610e+05	1.112504e+02	4.538851e+00	1.312295e+00	4.721099e-04	4.895603e-01	3.750013e-01	2.990860e-01	-2.728448e-02	-5.459297e-02	-3.253055e-03
90	5.938598e+03	1.137499e+02	4.580698e+00	1.309766e+00	7.997100e-04	4.838689e-01	3.717963e-01	2.963133e-01	-2.749464e-02	-5.350409e-02	-3.370294e-03
91	1.380611e+05	1.137506e+02	4.581286e+00	1.310504e+00	-4.940165e-04	4.870834e-01	3.723158e-01	2.977507e-01	-2.897504e-02	-5.377929e-02	-2.852214e-03
92	5.938605e+03	1.162498e+02	4.622853e+00	1.307987e+00	1.537488e-03	4.831417e-01	3.699196e-01	2.942964e-01	-2.979864e-02	-5.294631e-02	-2.599036e-03
93	1.380611e+05	1.162505e+02	4.623435e+00	1.308570e+00	3.330884e-04	4.848241e-01	3.696002e-01	2.959020e-01	-3.093955e-02	-5.299669e-02	-2.389205e-03
94	5.938598e+03	1.187499e+02	4.663633e+00	1.306734e+00	6.291323e-04	4.816289e-01	3.695915e-01	2.921846e-01	-3.264153e-02	-5.227256e-02	-2.310212e-03
95	1.380609e+05	1.187510e+02	4.664691e+00	1.306904e+00	-3.743447e-04	4.823909e-01	3.681164e-01	2.937410e-01	-3.355027e-02	-5.221486e-02	-1.948903e-03
96	5.938598e+03	1.212500e+02	4.702982e+00	1.305877e+00	1.007603e-03	4.805351e-01	3.685504e-01	2.898358e-01	-3.474017e-02	-5.176942e-02	-1.925383e-03
97	1.380610e+05	1.212506e+02	4.704870e+00	1.305392e+00	2.671407e-04	4.804446e-01	3.671069e-01	2.915015e-01	-3.596506e-02	-5.140561e-02	-1.451659e-03
98	5.938598e+03	1.237499e+02	4.740514e+00	1.302905e+00	2.517224e-04	4.785726e-01	3.666945e-01	2.878394e-01	-3.575083e-02	-5.120861e-02	-1.680785e-03
99	1.380611e+05	1.237505e+02	4.744001e+00	1.302608e+00	-2.745959e-04	4.786296e-01	3.656573e-01	2.895217e-01	-3.784589e-02	-5.065519e-02	-1.027765e-03
100	5.938598e+03	1.262499e+02	4.776117e+00	1.298088e+00	6.467986e-04	4.766369e-01	3.647795e-01	2.859149e-01	-3.654420e-02	-5.058854e-02	-1.169125e-03
101	1.380611e+05	1.262501e+02	4.781478e+00	1.298703e+00	2.001064e-04	4.765557e-01	3.635789e-01	2.877109e-01	-3.900000e-02	-4.989084e-02	-5.438180e-04
102	5.938606e+03	1.287499e+02	4.812161e+00	1.293373e+00	3.962644e-04	4.745643e-01	3.636256e-01	2.843363e-01	-3.763723e-02	-5.010844e-02	-5.056000e-04
103	1.380612e+05	1.287501e+02	4.819436e+00	1.295052e+00	-2.231531e-04	4.738433e-01	3.621890e-01	2.864672e-01	-4.003594e-02	-4.916104e-02	-7.324546e-05
104	5.938598e+03	1.312498e+02	4.848557e+00	1.289436e+00	1.064928e-03	4.716389e-01	3.628913e-01	2.829812e-01	-3.887659e-02	-4.958458e-02	2.252430e-04
105	1.380612e+05	1.312504e+02	4.856277e+00	1.292050e+00	1.386495e-04	4.705953e-01	3.608634e-01	2.855187e-01	-4.081406e-02	-4.843908e-02	4.246384e-04
106	5.938598e+03	1.337499e+02	4.884583e+00	1.287117e+00	8.357101e-04	4.665716e-01	3.603273e-01	2.822174e-01	-3.935702e-02	-4.877363e-02	8.123869e-04
107	1.380613e+05	1.337498e+02	4.891361e+00	1.289683e+00	-1.955229e-04	4.667856e-01	3.585390e-01	2.848041e-01	-4.118253e-02	-4.774630e-02	8.817431e-04
108	5.938597e+03	1.362499e+02	4.919872e+00	1.286014e+00	1.210702e-03	4.602126e-01	3.578152e-01	2.815344e-01	-3.993441e-02	-4.771341e-02	1.464831e-03
109	1.380614e+05	1.362499e+02	4.925506e+00	1.287524e+00	8.199861e-05	4.626254e-01	3.565990e-01	2.839450e-01	-4.141229e-02	-4.706713e-02	1.341675e-03
110	5.938597e+03	1.387499e+02	4.955202e+00	1.285114e+00	1.086800e-03	4.535708e-01	3.570566e-01	2.806712e-01	-4.101740e-02	-4.646853e-02	2.137054e-03
111	1.380614e+05	1.387499e+02	4.959454e+00	1.285505e+00	-1.575673e-04	4.579451e-01	3.564202e-01	2.827778e-01	-4.173829e-02	-4.642541e-02	1.777607e-03
112	5.938597e+03	1.412499e+02	4.990905e+00	1.282507e+00	1.444309e-03	4.470344e-01	3.576843e-01	2.792307e-01	-4.153406e-02	-4.497737e-02	2.866487e-03
113	1.380613e+05	1.412500e+02	4.993612e+00	1.283215e+00	3.437890e-05	4.523815e-01	3.570705e-01	2.810638e-01	-4.185975e-02	-4.578551e-02	2.204583e-03
114	5.938597e+03	1.437499e+02	5.026449e+00	1.277440e+00	1.300035e-03	4.416872e-01	3.591674e-01	2.772360e-01	-4.154814e-02	-4.372689e-02	3.250090e-03
115	1.380614e+05	1.437502e+02	5.027298e+00	1.279824e+00	-1.491233e-04	4.463400e-01	3.576759e-01	2.788701e-01	-4.167928e-02	-4.517505e-02	2.591558e-03
116	5.938596e+03	1.462500e+02	5.061294e+00	1.271064e+00	1.388866e-03	4.352549e-01	3.590938e-01	2.747478e-01	-4.142179e-02	-4.282295e-02	3.483822e-03
117	1.380614e+05	1.462500e+02	5.060918e+00	1.274947e+00	1.586487e-05	4.390621e-01	3.575373e-01	2.763854e-01	-4.116120e-02	-4.452867e-02	2.981290e-03
118	5.938596e+03	1.487500e+02	5.094535e+00	1.264631e+00	1.164787e-03	4.266027e-01	3.582346e-01	2.719518e-01	-4.052468e-02	-4.204357e-02	3.900824e-03
119	1.380613e+05	1.487496e+02	5.093494e+00	1.269138e+00	-1.250426e-04	4.302924e-01	3.563576e-01	2.738045e-01	-3.990609e-02	-4.391829e-02	3.334735e-03
120	5.938611e+03	1.512500e+02	5.126536e+00	1.257896e+00	1.017558e-03	4.166191e-01	3.575152e-01	2.691804e-01	-3.837187e-02	-4.146377e-02	4.193321e-03
121	1.380614e+05	1.512502e+02	5.125090e+00	1.262719e+00	2.466046e-05	4.206359e-01	3.552023e-01	2.708019e-01	-3.806321e-02	-4.329373e-02	3.641855e-03
122	5.938595e+03	1.537500e+02	5.158108e+00	1.250733e+00	4.450358e-04	4.069658e-01	3.567321e-01	2.662137e-01	-3.585355e-02	-4.107705e-02	4.313752e-03
123	1.380613e+05	1.537493e+02	5.156373e+00	1.255769e+00	-7.910043e-05	4.116215e-01	3.544484e-01	2.677070e-01	-3.598418e-02	-4.267551e-02	3.949975e-03
124	5.938597e+03	1.562499e+02	5.189295e+00	1.244208e+00	2.349494e-04	3.976264e-01	3.567238e-01	2.631821e-01	-3.326564e-02	-4.067114e-02	4.554823e-03
125	1.380612e+05	1.562500e+02	5.187402e+00	1.248457e+00	4.281924e-05	4.035871e-01	3.540585e-01	2.645282e-01	-3.338803e-02	-4.205142e-02	4.243073e-03
126	5.938598e+03	1.587499e+02	5.219486e+00	1.237683e+00	-3.678311e-05	3.895179e-01	3.559012e-01	2.606073e-01	-3.089327e-02	-4.024397e-02	4.822364e-03
127	1.380613e+05	1.587489e+02	5.218503e+00	1.239703e+00	-4.717478e-05	3.967631e-01	3.534650e-01	2.617885e-01	-3.096054e-02	-4.145395e-02	4.544049e-03
128	5.938598e+03	1.612499e+02	5.247854e+00	1.230816e+00	-8.378487e-05	3.833170e-01	3.539342e-01	2.583872e-01	-2.870067e-02	-3.987098e-02	4.839961e-03
129	1.380613e+05	1.612505e+02	5.249224e+00	1.230370e+00	5.457868e-05	3.904548e-01	3.523489e-01	2.593741e-01	-2.881809e-02	-4.086705e-02	4.854252e-03
130	5.938599e+03	1.637500e+02	5.276219e+00	1.223094e+00	-3.593999e-04	3.790290e-01	3.513270e-01	2.565374e-01	-2.612607e-02	-3.949291e-02	4.638437e-03
131	1.380613e+05	1.637497e+02	5.279677e+00	1.221087e+00	-2.586782e-05	3.848272e-01	3.513269e-01	2.573884e-01	-2.669397e-02	-4.028841e-02	5.180202e-03
132	5.938599e+03	1.662499e+02	5.306204e+00	1.214835e+00	-1.657261e-04	3.755374e-01	3.498199e-01	2.551284e-01	-2.377741e-02	-3.932158e-02	4.548443e-03
133	1.380613e+05	1.662500e+02	5.309818e+00	1.212553e+00	4.814777e-05	3.794966e-01	3.514706e-01	2.555805e-01	-2.454278e-02	-3.970720e-02	5.485605e-03
134	5.938599e+03	1.687499e+02	5.336700e+00	1.206887e+00	-1.807926e-06	3.703809e-01	3.499615e-01	2.543671e-01	-2.189569e-02	-3.912853e-02	4.696100e-03
135	1.380613e+05	1.687500e+02	5.340497e+00	1.204630e+00	-3.950414e-05	3.734037e-01	3.526600e-01	2.542627e-01	-2.271837e-02	-3.913395e-02	5.800363e-03
136	5.938598e+03	1.712499e+02	5.368666e+00	1.199060e+00	3.746985e-04	3.640483e-01	3.509099e-01	2.536551e-01	-2.015563e-02	-3.877978e-02	5.055595e-03
137	1.380613e+05	1.712509e+02	5.372409e+00	1.197010e+00	1.850482e-05	3.667351e-01	3.541777e-01	2.529345e-01	-2.115024e-02	-3.853871e-02	6.085358e-03
138	5.938599e+03	1.737498e+02	5.401074e+00	1.191321e+00	5.883647e-04	3.569886e-01	3.517991e-01	2.525712e-01	-1.845971e-02	-3.844681e-02	5.457012e-03
139	1.380613e+05	1.737503e+02	5.404087e+00	1.190128e+00	-4.353666e-05	3.595894e-01	3.547096e-01	2.519248e-01	-1.939974e-02	-3.799416e-02	6.359420e-03
140	5.938598e+03	1.762499e+02	5.432466e+00	1.184185e+00	7.299613e-04	3.502904e-01	3.530992e-01	2.512507e-01	-1.701513e-02	-3.794824e-02	5.757365e-03
141	1.380612e+05	1.762501e+02	5.434645e+00	1.184045e+00	-1.593030e-05	3.531864e-01	3.549499e-01	2.510810e-01	-1.818237e-02	-3.742341e-02	6.633675e-03
142	5.938616e+03	1.787498e+02	5.462897e+00	1.178672e+00	7.347450e-04	3.458710e-01	3.539528e-01	2.499253e-01	-1.621443e-02	-3.763909e-02	6.112444e-03
143	1.380613e+05	1.787504e+02	5.464402e+00	1.179053e+00	-4.711937e-05	3.478863e-01	3.544217e-01	2.503501e-01	-1.753646e-02	-3.686168e-02	6.889406e-03
144	5.938598e+03	1.812500e+02	5.493266e+00	1.174045e+00	8.745576e-04	3.431233e-01	3.535671e-01	2.489050e-01	-1.586662e-02	-3.727001e-02	6.465388e-03
145	1.380613e+05	1.812493e+02	5.494636e+00	1.173952e+00	-2.462212e-05	3.433715e-01	3.531068e-01	2.494904e-01	-1.691046e-02	-3.627022e-02	7.111121e-03
146	5.938598e+03	1.837500e+02	5.524683e+00	1.168910e+00	8.962779e-04	3.408704e-01	3.522584e-01	2.483949e-01	-1.618676e-02	-3.685291e-02	6.910376e-03
147	1.380612e+05	1.837507e+02	5.525619e+00	1.168060e+00	-5.581164e-05	3.400666e-01	3.509446e-01	2.487796e-01	-1.619331e-02	-3.571112e-02	7.325754e-03
148	5.938599e+03	1.862498e+02	5.555937e+00	1.163006e+00	1.057313e-03	3.393874e-01	3.496248e-01	2.481319e-01	-1.656896e-02	-3.654036e-02	7.314643e-03
149	1.380612e+05	1.862494e+02	5.556789e+00	1.161308e+00	-2.421084e-05	3.377429e-01	3.483368e-01	2.477597e-01	-1.575756e-02	-3.511783e-02	7.534872e-03
150	5.938598e+03	1.887499e+02	5.587189e+00	1.156670e+00	9.169951e-04	3.371477e-01	3.471351e-01	2.475550e-01	-1.666571e-02	-3.603972e-02	7.457532e-03
151	1.380612e+05	1.887508e+02	5.587712e+00	1.154468e+00	-5.199716e-05	3.357672e-01	3.459910e-01	2.465953e-01	-1.569565e-02	-3.455255e-02	7.721424e-03
152	5.938599e+03	1.912498e+02	5.619334e+00	1.150065e+00	8.281848e-04	3.336114e-01	3.450539e-01	2.465957e-01	-1.631920e-02	-3.523915e-02	7.485067e-03
153	1.380612e+05	1.912488e+02	5.618680e+00	1.147471e+00	-2.329262e-05	3.334225e-01	3.441944e-01	2.452440e-01	-1.547608e-02	-3.400288e-02	7.912714e-03
154	5.938598e+03	1.937499e+02	5.650869e+00	1.142610e+00	6.503192e-04	3.302877e-01	3.430060e-01	2.453576e-01	-1.554138e-02	-3.434375e-02	7.581115e-03
155	1.380611e+05	1.937506e+02	5.649790e+00	1.140260e+00	-4.022263e-05	3.305874e-01	3.430628e-01	2.438799e-01	-1.512655e-02	-3.348379e-02	8.069399e-03
156	5.938598e+03	1.962499e+02	5.682424e+00	1.134859e+00	7.401178e-04	3.283749e-01	3.413047e-01	2.435827e-01	-1.465857e-02	-3.356453e-02	7.693310e-03
157	1.380612e+05	1.962481e+02	5.681248e+00	1.133246e+00	-1.704273e-05	3.290430e-01	3.420304e-01	2.424313e-01	-1.466130e-02	-3.297962e-02	8.238331e-03
158	5.938598e+03	1.987498e+02	5.713229e+00	1.128719e+00	7.654311e-04	3.266113e-01	3.395294e-01	2.415968e-01	-1.431239e-02	-3.280868e-02	7.808532e-03
159	1.380612e+05	1.987498e+02	5.712406e+00	1.127496e+00	-4.779109e-05	3.279240e-01	3.408441e-01	2.408766e-01	-1.445024e-02	-3.246469e-02	8.393560e-03
160	5.938598e+03	2.012499e+02	5.743335e+00	1.122536e+00	8.190946e-04	3.247508e-01	3.369622e-01	2.401549e-01	-1.392016e-02	-3.207492e-02	7.948368e-03
161	1.380613e+05	2.012501e+02	5.742595e+00	1.121932e+00	-2.064718e-05	3.265832e-01	3.392774e-01	2.396612e-01	-1.400277e-02	-3.195917e-02	8.521969e-03
162	5.938598e+03	2.037499e+02	5.773118e+00	1.116657e+00	6.239135e-04	3.225537e-01	3.356539e-01	2.394286e-01	-1.348204e-02	-3.136291e-02	8.223592e-03
163	1.380612e+05	2.037504e+02	5.771981e+00	1.116461e+00	-4.944410e-05	3.250946e-01	3.379545e-01	2.391373e-01	-1.351125e-02	-3.144696e-02	8.644557e-03
164	5.938613e+03	2.062501e+02	5.802166e+00	1.111369e+00	3.970184e-04	3.197230e-01	3.347127e-01	2.390317e-01	-1.336623e-02	-3.070403e-02	8.444113e-03
165	1.380613e+05	2.062504e+02	5.800671e+00	1.110927e+00	-1.739901e-06	3.232697e-01	3.368376e-01	2.389191e-01	-1.310474e-02	-3.090460e-02	8.739382e-03
166	5.938597e+03	2.087499e+02	5.829854e+00	1.105781e+00	8.581432e-05	3.182423e-01	3.342681e-01	2.386519e-01	-1.261168e-02	-3.021972e-02	8.523308e-03
167	1.380613e+05	2.087500e+02	5.828118e+00	1.104587e+00	-1.398176e-05	3.215529e-01	3.368746e-01	2.385032e-01	-1.246267e-02	-3.036707e-02	8.822731e-03
168	5.938597e+03	2.112499e+02	5.856403e+00	1.099406e+00	-1.539649e-04	3.175770e-01	3.351303e-01	2.382862e-01	-1.135233e-02	-2.972772e-02	8.468010e-03
169	1.380613e+05	2.112502e+02	5.854527e+00	1.097558e+00	1.268393e-05	3.199604e-01	3.383243e-01	2.377515e-01	-1.174879e-02	-2.982832e-02	8.876496e-03
170	5.938598e+03	2.137498e+02	5.881413e+00	1.091453e+00	-2.651240e-04	3.172377e-01	3.353830e-01	2.376311e-01	-1.021619e-02	-2.920370e-02	8.486575e-03
171	1.380613e+05	2.137502e+02	5.879452e+00	1.088929e+00	3.294690e-06	3.186567e-01	3.391515e-01	2.365963e-01	-1.083138e-02	-2.927973e-02	8.901952e-03
172	5.938598e+03	2.162499e+02	5.905213e+00	1.082802e+00	-3.073085e-04	3.158164e-01	3.342001e-01	2.369045e-01	-9.850489e-03	-2.862929e-02	8.592974e-03
173	1.380613e+05	2.162501e+02	5.903319e+00	1.079753e+00	2.374248e-05	3.174703e-01	3.387962e-01	2.351355e-01	-1.009948e-02	-2.875135e-02	8.942820e-03
174	5.938598e+03	2.187500e+02	5.927724e+00	1.072313e+00	-2.219850e-04	3.149046e-01	3.318241e-01	2.355949e-01	-9.754641e-03	-2.803063e-02	8.716327e-03
175	1.380614e+05	2.187506e+02	5.925824e+00	1.070127e+00	7.404426e-06	3.166843e-01	3.368454e-01	2.333346e-01	-9.511114e-03	-2.821586e-02	8.972410e-03
176	5.938597e+03	2.212500e+02	5.948655e+00	1.061626e+00	-1.324678e-04	3.148249e-01	3.294220e-01	2.336664e-01	-1.006660e-02	-2.747292e-02	8.985159e-03
177	1.380615e+05	2.212498e+02	5.947196e+00	1.060445e+00	1.050453e-05	3.162135e-01	3.343921e-01	2.314317e-01	-9.309849e-03	-2.770457e-02	9.006697e-03
178	5.938597e+03	2.237499e+02	5.969585e+00	1.053700e+00	-1.878844e-04	3.145980e-01	3.275556e-01	2.313103e-01	-1.045582e-02	-2.701770e-02	9.258613e-03
179	1.380615e+05	2.237498e+02	5.968155e+00	1.051816e+00	6.461716e-06	3.150497e-01	3.316709e-01	2.294020e-01	-9.553334e-03	-2.717626e-02	9.007918e-03
180	5.938596e+03	2.262499e+02	5.990647e+00	1.045797e+00	-2.494107e-04	3.147098e-01	3.251964e-01	2.287177e-01	-1.038293e-02	-2.665415e-02	9.353319e-03
181	1.380612e+05	2.262505e+02	5.989319e+00	1.043379e+00	1.148882e-05	3.140069e-01	3.280793e-01	2.273726e-01	-9.857100e-03	-2.666920e-02	9.007704e-03
182	5.938595e+03	2.287500e+02	6.011079e+00	1.035992e+00	-3.789937e-04	3.139486e-01	3.235557e-01	2.259633e-01	-1.031578e-02	-2.622661e-02	9.224505e-03
183	1.380613e+05	2.287500e+02	6.009806e+00	1.034793e+00	1.516166e-05	3.119637e-01	3.245830e-01	2.254596e-01	-9.913018e-03	-2.618631e-02	8.987290e-03
184	5.938595e+03	2.312502e+02	6.032443e+00	1.025886e+00	-5.974369e-04	3.108416e-01	3.224894e-01	2.235382e-01	-1.050016e-02	-2.584608e-02	9.139935e-03
185	1.380612e+05	2.312502e+02	6.030533e+00	1.025744e+00	2.179292e-05	3.083157e-01	3.223762e-01	2.239135e-01	-9.609154e-03	-2.571736e-02	9.003535e-03
186	5.938615e+03	2.337499e+02	6.054440e+00	1.016184e+00	-8.980354e-04	3.066207e-01	3.213057e-01	2.214316e-01	-1.057675e-02	-2.547934e-02	9.077695e-03
187	1.380612e+05	2.337496e+02	6.051643e+00	1.016460e+00	4.282925e-05	3.043528e-01	3.205874e-01	2.225537e-01	-9.127930e-03	-2.528303e-02	9.003935e-03
188	5.938595e+03	2.362501e+02	6.075793e+00	1.006591e+00	-1.128745e-03	3.018892e-01	3.193167e-01	2.197903e-01	-1.000337e-02	-2.494802e-02	8.965023e-03
189	1.380612e+05	2.362506e+02	6.072916e+00	1.007346e+00	4.601096e-05	3.002055e-01	3.187460e-01	2.215283e-01	-8.554323e-03	-2.488773e-02	9.016408e-03
190	5.938596e+03	2.387498e+02	6.096621e+00	9.974802e-01	-1.402956e-03	2.966610e-01	3.168005e-01	2.187289e-01	-9.371748e-03	-2.444708e-02	8.871187e-03
191	1.380613e+05	2.387493e+02	6.093993e+00	9.984742e-01	6.442628e-05	2.956764e-01	3.172162e-01	2.206986e-01	-8.040714e-03	-2.451551e-02	9.010284e-03
192	5.938595e+03	2.412500e+02	6.117152e+00	9.882164e-01	-1.777676e-03	2.903877e-01	3.150954e-01	2.182113e-01	-8.474474e-03	-2.403797e-02	8.723033e-03
193	1.380613e+05	2.412507e+02	6.114423e+00	9.889355e-01	7.302874e-05	2.910568e-01	3.162163e-01	2.199782e-01	-7.227137e-03	-2.417642e-02	9.003497e-03
194	5.938594e+03	2.437500e+02	6.137901e+00	9.788311e-01	-2.112044e-03	2.850806e-01	3.136721e-01	2.175602e-01	-7.276838e-03	-2.383454e-02	8.437686e-03
195	1.380613e+05	2.437507e+02	6.134994e+00	9.793280e-01	9.416820e-05	2.868272e-01	3.152790e-01	2.191071e-01	-6.519511e-03	-2.384950e-02	8.995120e-03
196	5.938596e+03	2.462500e+02	6.158837e+00	9.696685e-01	-2.135520e-03	2.815397e-01	3.124630e-01	2.164963e-01	-6.482753e-03	-2.359412e-02	8.377369e-03
197	1.380612e+05	2.462502e+02	6.156184e+00	9.698533e-01	9.585387e-05	2.830772e-01	3.149479e-01	2.179579e-01	-6.081156e-03	-2.355457e-02	8.970008e-03
198	5.938597e+03	2.487500e+02	6.180259e+00	9.595950e-01	-1.894443e-03	2.786579e-01	3.107345e-01	2.150224e-01	-5.828498e-03	-2.330568e-02	8.541781e-03
199	1.380613e+05	2.487505e+02	6.177793e+00	9.597490e-01	7.707332e-05	2.795611e-01	3.145142e-01	2.167624e-01	-5.663871e-03	-2.329319e-02	8.902407e-03
200	5.938596e+03	2.512498e+02	6.202019e+00	9.488603e-01	-1.829200e-03	2.769310e-01	3.076144e-01	2.137078e-01	-5.638259e-03	-2.298179e-02	8.621656e-03
201	1.380613e+05	2.512499e+02	6.199786e+00	9.491884e-01	7.685205e-05	2.769797e-01	3.131100e-01	2.157366e-01	-5.815685e-03	-2.308037e-02	8.874405e-03
202	5.938597e+03	2.537499e+02	6.222309e+00	9.390782e-01	-1.880604e-03	2.750591e-01	3.039554e-01	2.125605e-01	-5.537790e-03	-2.262424e-02	8.489000e-03
203	1.380613e+05	2.537511e+02	6.220970e+00	9.390115e-01	8.867796e-05	2.749465e-01	3.111132e-01	2.146768e-01	-6.119841e-03	-2.287384e-02	8.864073e-03
204	5.938612e+03	2.562502e+02	6.243265e+00	9.303597e-01	-1.862862e-03	2.738023e-01	3.016040e-01	2.117319e-01	-5.444063e-03	-2.239083e-02	8.349928e-03
205	1.380611e+05	2.562503e+02	6.242698e+00	9.292823e-01	6.777916e-05	2.734514e-01	3.086938e-01	2.138947e-01	-6.417027e-03	-2.270414e-02	8.867563e-03
206	5.938595e+03	2.587500e+02	6.264506e+00	9.217358e-01	-1.566355e-03	2.739460e-01	3.004166e-01	2.115210e-01	-5.333648e-03	-2.216294e-02	8.305477e-03
207	1.380612e+05	2.587502e+02	6.264460e+00	9.198329e-01	7.529478e-05	2.722197e-01	3.060280e-01	2.134511e-01	-6.688084e-03	-2.255932e-02	8.837253e-03
208	5.938596e+03	2.612500e+02	6.286022e+00	9.132926e-01	-1.252809e-03	2.730112e-01	2.993607e-01	2.115417e-01	-5.430807e-03	-2.202974e-02	8.389385e-03
209	1.380611e+05	2.612510e+02	6.286729e+00	9.107493e-01	5.318582e-05	2.709887e-01	3.033693e-01	2.130597e-01	-6.586003e-03	-2.240826e-02	8.833724e-03
210	5.938595e+03	2.637499e+02	6.307232e+00	9.049524e-01	-1.019724e-03	2.707647e-01	2.987472e-01	2.113331e-01	-4.962636e-03	-2.201661e-02	8.381442e-03
211	1.380611e+05	2.637500e+02	6.308330e+00	9.022114e-01	5.100181e-05	2.692879e-01	3.009905e-01	2.126252e-01	-5.894716e-03	-2.230651e-02	8.798650e-03
212	5.938596e+03	2.662500e+02	6.327476e+00	8.969782e-01	-7.321220e-04	2.698632e-01	2.992101e-01	2.104942e-01	-4.113728e-03	-2.206237e-02	8.465953e-03
213	1.380614e+05	2.662498e+02	6.328627e+00	8.945202e-01	2.091789e-05	2.676782e-01	2.993812e-01	2.121720e-01	-5.015235e-03	-2.219362e-02	8.798291e-03
214	5.938595e+03	2.687500e+02	6.347516e+00	8.891051e-01	-2.446655e-04	2.702740e-01	2.993100e-01	2.091985e-01	-3.510913e-03	-2.206273e-02	8.643026e-03
215	1.380615e+05	2.687503e+02	6.349187e+00	8.873076e-01	1.816274e-05	2.672273e-01	2.980920e-01	2.115508e-01	-4.431589e-03	-2.208880e-02	8.745268e-03
216	5.938595e+03	2.712501e+02	6.367895e+00	8.801633e-01	2.375455e-04	2.700067e-01	3.001481e-01	2.074405e-01	-3.468352e-03	-2.172256e-02	8.761484e-03
217	1.380613e+05	2.712495e+02	6.369650e+00	8.801333e-01	-1.405503e-05	2.676747e-01	2.971929e-01	2.106257e-01	-4.423966e-03	-2.199380e-02	8.714742e-03
218	5.938596e+03	2.737500e+02	6.389150e+00	8.709682e-01	7.433688e-04	2.690757e-01	3.006262e-01	2.059842e-01	-3.411405e-03	-2.127942e-02	8.807454e-03
219	1.380615e+05	2.737493e+02	6.389915e+00	8.729293e-01	-2.639751e-05	2.682055e-01	2.963763e-01	2.098436e-01	-4.250745e-03	-2.189075e-02	8.679473e-03
220	5.938596e+03	2.762501e+02	6.410328e+00	8.616579e-01	1.006383e-03	2.694412e-01	3.014044e-01	2.048925e-01	-3.189512e-03	-2.096157e-02	9.068097e-03
221	1.380616e+05	2.762496e+02	6.410569e+00	8.652572e-01	-4.587053e-05	2.689947e-01	2.950862e-01	2.091977e-01	-3.589391e-03	-2.179542e-02	8.644570e-03
222	5.938596e+03	2.787499e+02	6.432446e+00	8.513262e-01	7.766646e-04	2.699937e-01	3.004968e-01	2.043110e-01	-2.418695e-03	-2.071296e-02	9.313107e-03
223	1.380616e+05	2.787505e+02	6.432188e+00	8.561311e-01	-2.852476e-05	2.694510e-01	2.933469e-01	2.086326e-01	-2.683220e-03	-2.167157e-02	8.577676e-03
224	5.938596e+03	2.812499e+02	6.454104e+00	8.409151e-01	4.046668e-04	2.697462e-01	2.976445e-01	2.042361e-01	-1.549560e-03	-2.055888e-02	9.441186e-03
225	1.380616e+05	2.812490e+02	6.453806e+00	8.461293e-01	-2.307198e-05	2.695415e-01	2.920271e-01	2.081601e-01	-1.782982e-03	-2.157397e-02	8.523357e-03
226	5.938597e+03	2.837501e+02	6.474638e+00	8.311504e-01	-6.540474e-05	2.692367e-01	2.950598e-01	2.040139e-01	-7.272100e-04	-2.031883e-02	9.496917e-03
227	1.380617e+05	2.837499e+02	6.474955e+00	8.364909e-01	3.693408e-06	2.695480e-01	2.907662e-01	2.076152e-01	-1.016883e-03	-2.143496e-02	8.456074e-03
228	5.938597e+03	2.862499e+02	6.496274e+00	8.204595e-01	-3.692894e-04	2.691080e-01	2.932386e-01	2.035270e-01	3.731626e-04	-2.002597e-02	9.592500e-03
229	1.380617e+05	2.862486e+02	6.496295e+00	8.266119e-01	2.042069e-05	2.692299e-01	2.891518e-01	2.067678e-01	-1.736588e-04	-2.131165e-02	8.390306e-03
230	5.938596e+03	2.887500e+02	6.518398e+00	8.084164e-01	-6.319525e-04	2.685855e-01	2.912724e-01	2.026478e-01	1.668829e-03	-1.962128e-02	9.709902e-03
231	1.380616e+05	2.887515e+02	6.517647e+00	8.156155e-01	2.195639e-05	2.689771e-01	2.874712e-01	2.056879e-01	6.997807e-04	-2.117081e-02	8.330862e-03
232	5.938596e+03	2.912500e+02	6.539623e+00	7.953350e-01	-8.171058e-04	2.672773e-01	2.891388e-01	2.016371e-01	2.094987e-03	-1.918070e-02	9.812757e-03
233	1.380615e+05	2.912487e+02	6.539217e+00	8.032025e-01	3.342559e-05	2.689544e-01	2.856694e-01	2.045332e-01	1.151219e-03	-2.103650e-02	8.259346e-03
234	5.938596e+03	2.937500e+02	6.561778e+00	7.821728e-01	-1.119182e-03	2.647131e-01	2.870571e-01	2.005218e-01	1.707302e-03	-1.882783e-02	9.827221e-03
235	1.380615e+05	2.937512e+02	6.561827e+00	7.901568e-01	5.824502e-05	2.680939e-01	2.839933e-01	2.032378e-01	9.272958e-04	-2.088711e-02	8.207995e-03
236	5.938597e+03	2.962499e+02	6.585006e+00	7.698405e-01	-1.249766e-03	2.621979e-01	2.856908e-01	1.993984e-01	1.196049e-03	-1.872680e-02	9.700235e-03
237	1.380615e+05	2.962486e+02	6.585255e+00	7.775208e-01	4.446718e-05	2.662708e-01	2.824265e-01	2.018909e-01	4.191257e-04	-2.072808e-02	8.149974e-03
238	5.938596e+03	2.987500e+02	6.608524e+00	7.586488e-01	-1.572468e-03	2.599410e-01	2.864049e-01	1.982488e-01	4.402741e-04	-1.861865e-02	9.529370e-03
239	1.380614e+05	2.987498e+02	6.608744e+00	7.655226e-01	7.583711e-05	2.649168e-01	2.819642e-01	2.005059e-01	-1.073904e-04	-2.056468e-02	8.114117e-03
240	5.938597e+03	3.012499e+02	6.632512e+00	7.491351e-01	-1.974020e-03	2.570195e-01	2.870922e-01	1.969612e-01	-9.522258e-04	-1.852812e-02	9.382234e-03
241	1.380614e+05	3.012496e+02	6.632207e+00	7.541255e-01	7.836749e-05	2.631934e-01	2.820118e-01	1.989306e-01	-8.125528e-04	-2.040209e-02	8.041547e-03
242	5.938636e+03	3.037499e+02	6.656343e+00	7.409683e-01	-2.586422e-03	2.554967e-01	2.860540e-01	1.955108e-01	-1.493310e-03	-1.860150e-02	9.303705e-03
243	1.380614e+05	3.037499e+02	6.656223e+00	7.432062e-01	1.149072e-04	2.612028e-01	2.816803e-01	1.974117e-01	-1.550966e-03	-2.020560e-02	7.974057e-03
244	5.938598e+03	3.062500e+02	6.678969e+00	7.325776e-01	-3.078967e-03	2.561676e-01	2.845067e-01	1.944603e-01	-1.692045e-03	-1.868887e-02	9.300397e-03
245	1.380615e+05	3.062504e+02	6.679632e+00	7.332177e-01	1.259887e-04	2.602586e-01	2.806033e-01	1.960818e-01	-2.209234e-03	-2.002151e-02	7.884866e-03
246	5.938598e+03	3.087499e+02	6.701959e+00	7.234102e-01	-3.323560e-03	2.560199e-01	2.824993e-01	1.935101e-01	-2.009960e-03	-1.881288e-02	9.182521e-03
247	1.380615e+05	3.087487e+02	6.703167e+00	7.236659e-01	1.511277e-04	2.593606e-01	2.777460e-01	1.949607e-01	-2.478908e-03	-1.978870e-02	7.804197e-03
248	5.938598e+03	3.112500e+02	6.725888e+00	7.132040e-01	-3.441167e-03	2.561161e-01	2.784794e-01	1.931880e-01	-2.465497e-03	-1.892199e-02	8.820502e-03
249	1.380615e+05	3.112509e+02	6.727343e+00	7.131391e-01	1.411064e-04	2.588395e-01	2.727414e-01	1.939458e-01	-2.705803e-03	-1.955933e-02	7.692777e-03
250	5.938598e+03	3.137498e+02	6.749520e+00	7.026604e-01	-3.419331e-03	2.558936e-01	2.738570e-01	1.929426e-01	-2.719335e-03	-1.883121e-02	8.437218e-03
251	1.380616e+05	3.137498e+02	6.751020e+00	7.021822e-01	1.659779e-04	2.584693e-01	2.677295e-01	1.930598e-01	-2.785176e-03	-1.932849e-02	7.592348e-03
252	5.938598e+03	3.162498e+02	6.772396e+00	6.913683e-01	-3.276324e-03	2.550880e-01	2.686377e-01	1.926148e-01	-2.691355e-03	-1.865039e-02	8.118466e-03
253	1.380616e+05	3.162498e+02	6.773914e+00	6.903557e-01	1.212949e-04	2.580206e-01	2.632063e-01	1.923986e-01	-2.712779e-03	-1.909680e-02	7.453279e-03
254	5.938597e+03	3.187498e+02	6.794395e+00	6.787124e-01	-2.817688e-03	2.532603e-01	2.635780e-01	1.921574e-01	-2.680768e-03	-1.835071e-02	7.927218e-03
255	1.380616e+05	3.187497e+02	6.796171e+00	6.774130e-01	1.474549e-04	2.570352e-01	2.591474e-01	1.917240e-01	-2.769138e-03	-1.884091e-02	7.326427e-03
256	5.938598e+03	3.212499e+02	6.815498e+00	6.659111e-01	-2.472400e-03	2.516290e-01	2.586440e-01	1.918603e-01	-2.885754e-03	-1.823236e-02	7.902407e-03
257	1.380615e+05	3.212493e+02	6.817965e+00	6.640698e-01	7.321020e-05	2.553664e-01	2.560292e-01	1.909637e-01	-2.985108e-03	-1.859884e-02	7.202747e-03
258	5.938598e+03	3.237499e+02	6.836402e+00	6.546134e-01	-2.072692e-03	2.498389e-01	2.545188e-01	1.915385e-01	-2.352102e-03	-1.809024e-02	7.920548e-03
259	1.380615e+05	3.237493e+02	6.839980e+00	6.511336e-01	1.186197e-04	2.529894e-01	2.536774e-01	1.901741e-01	-3.057876e-03	-1.835172e-02	7.118314e-03
260	5.938598e+03	3.262500e+02	6.856942e+00	6.435999e-01	-1.809561e-03	2.473934e-01	2.504762e-01	1.909656e-01	-1.912592e-03	-1.794006e-02	7.906486e-03
261	1.380616e+05	3.262504e+02	6.861058e+00	6.382980e-01	4.926675e-05	2.500994e-01	2.517491e-01	1.893036e-01	-3.222993e-03	-1.808765e-02	7.009306e-03
262	5.938597e+03	3.287499e+02	6.876538e+00	6.311827e-01	-1.386037e-03	2.442991e-01	2.465173e-01	1.905977e-01	-1.918648e-03	-1.799781e-02	7.881334e-03
263	1.380616e+05	3.287492e+02	6.881753e+00	6.251185e-01	9.242742e-05	2.475318e-01	2.500232e-01	1.883999e-01	-3.466345e-03	-1.783540e-02	6.921930e-03
264	5.938596e+03	3.312500e+02	6.895920e+00	6.173345e-01	-9.139648e-04	2.425471e-01	2.445235e-01	1.898093e-01	-2.159240e-03	-1.802796e-02	7.912745e-03
265	1.380616e+05	3.312495e+02	6.902449e+00	6.125227e-01	1.134065e-05	2.458356e-01	2.481623e-01	1.873106e-01	-3.701844e-03	-1.758745e-02	6.845823e-03
266	5.938597e+03	3.337500e+02	6.915352e+00	6.031355e-01	-6.134060e-04	2.415465e-01	2.435316e-01	1.887536e-01	-2.569809e-03	-1.795058e-02	7.831993e-03
267	1.380616e+05	3.337473e+02	6.922661e+00	6.007682e-01	5.598988e-05	2.441956e-01	2.462645e-01	1.860194e-01	-4.008607e-03	-1.733726e-02	6.796284e-03
268	5.938596e+03	3.362500e+02	6.934941e+00	5.888862e-01	-1.657771e-04	2.392787e-01	2.421742e-01	1.874181e-01	-3.393071e-03	-1.780033e-02	7.650195e-03
269	1.380616e+05	3.362498e+02	6.941836e+00	5.885742e-01	-2.415302e-05	2.416318e-01	2.438916e-01	1.846505e-01	-4.504350e-03	-1.713334e-02	6.766664e-03
270	5.938597e+03	3.387500e+02	6.955258e+00	5.756416e-01	1.921200e-04	2.370839e-01	2.404242e-01	1.857490e-01	-4.223240e-03	-1.755179e-02	7.497741e-03
271	1.380615e+05	3.387489e+02	6.961108e+00	5.758888e-01	2.401652e-05	2.383761e-01	2.413663e-01	1.832115e-01	-4.905205e-03	-1.691863e-02	6.754552e-03
272	5.938596e+03	3.412500e+02	6.976888e+00	5.632448e-01	5.043800e-04	2.347839e-01	2.376237e-01	1.842009e-01	-5.241022e-03	-1.735803e-02	7.549935e-03
273	1.380615e+05	3.412494e+02	6.980451e+00	5.627839e-01	-5.594148e-05	2.353899e-01	2.389600e-01	1.820671e-01	-5.253724e-03	-1.674070e-02	6.742494e-03
274	5.938596e+03	3.437501e+02	6.998250e+00	5.499361e-01	8.597133e-04	2.320918e-01	2.349940e-01	1.824266e-01	-5.923402e-03	-1.708929e-02	7.705169e-03
275	1.380615e+05	3.437505e+02	6.999405e+00	5.488129e-01	-5.705752e-06	2.327801e-01	2.361338e-01	1.811206e-01	-5.575731e-03	-1.655589e-02	6.700922e-03
276	5.938596e+03	3.462500e+02	7.019069e+00	5.357616e-01	8.225978e-04	2.293834e-01	2.326699e-01	1.809271e-01	-6.324664e-03	-1.677584e-02	7.923597e-03
277	1.380616e+05	3.462491e+02	7.018060e+00	5.341894e-01	-6.669739e-05	2.303932e-01	2.329887e-01	1.801098e-01	-5.614430e-03	-1.637911e-02	6.669191e-03
278	5.938596e+03	3.487500e+02	7.037790e+00	5.224121e-01	5.196353e-04	2.270209e-01	2.309138e-01	1.793396e-01	-6.547318e-03	-1.643950e-02	8.045732e-03
279	1.380616e+05	3.487495e+02	7.035824e+00	5.204710e-01	1.648433e-05	2.282652e-01	2.301291e-01	1.788755e-01	-5.747593e-03	-1.619658e-02	6.648819e-03
280	5.938596e+03	3.512502e+02	7.055651e+00	5.101064e-01	2.539622e-07	2.255081e-01	2.296057e-01	1.784307e-01	-6.994373e-03	-1.630879e-02	8.108446e-03
281	1.380616e+05	3.512490e+02	7.052936e+00	5.077950e-01	-3.877098e-05	2.260344e-01	2.274359e-01	1.776139e-01	-6.081210e-03	-1.598344e-02	6.636692e-03
282	5.938597e+03	3.537498e+02	7.072345e+00	4.981564e-01	-4.714887e-04	2.243591e-01	2.287120e-01	1.778079e-01	-7.437637e-03	-1.618454e-02	8.003845e-03
283	1.380616e+05	3.537517e+02	7.069815e+00	4.964009e-01	5.874219e-05	2.243320e-01	2.251577e-01	1.763532e-01	-6.451200e-03	-1.577325e-02	6.639955e-03
284	5.938596e+03	3.562502e+02	7.089856e+00	4.874556e-01	-1.132746e-03	2.219163e-01	2.283260e-01	1.771612e-01	-7.778493e-03	-1.582897e-02	7.840892e-03
285	1.380617e+05	3.562477e+02	7.087629e+00	4.862530e-01	5.448317e-06	2.232165e-01	2.235224e-01	1.751999e-01	-6.741419e-03	-1.554502e-02	6.664334e-03
286	5.938630e+03	3.587501e+02	7.109563e+00	4.772630e-01	-1.416549e-03	2.191643e-01	2.265277e-01	1.761399e-01	-8.167774e-03	-1.531188e-02	7.622746e-03
287	1.380618e+05	3.587507e+02	7.106548e+00	4.760756e-01	1.091341e-04	2.216931e-01	2.218431e-01	1.740105e-01	-6.850422e-03	-1.531492e-02	6.662050e-03
288	5.938596e+03	3.612500e+02	7.129577e+00	4.665725e-01	-1.568254e-03	2.174133e-01	2.235835e-01	1.751055e-01	-8.946222e-03	-1.489040e-02	7.576440e-03
289	1.380618e+05	3.612485e+02	7.125407e+00	4.655144e-01	1.321168e-05	2.198690e-01	2.198497e-01	1.728765e-01	-7.080819e-03	-1.508539e-02	6.647469e-03
290	5.938596e+03	3.637501e+02	7.148405e+00	4.554329e-01	-1.183817e-03	2.172861e-01	2.207583e-01	1.737607e-01	-9.461306e-03	-1.460022e-02	7.537547e-03
291	1.380619e+05	3.637502e+02	7.143813e+00	4.547697e-01	1.120594e-04	2.184152e-01	2.182391e-01	1.715397e-01	-7.329057e-03	-1.482372e-02	6.638417e-03
292	5.938597e+03	3.662501e+02	7.166124e+00	4.448742e-01	-7.892483e-04	2.171040e-01	2.176587e-01	1.721411e-01	-9.651145e-03	-1.445463e-02	7.506355e-03
293	1.380619e+05	3.662477e+02	7.161894e+00	4.441067e-01	-3.160743e-05	2.172469e-01	2.164404e-01	1.698887e-01	-7.398949e-03	-1.457357e-02	6.600866e-03
294	5.938597e+03	3.687500e+02	7.183965e+00	4.342450e-01	-1.062121e-04	2.170899e-01	2.143617e-01	1.703214e-01	-9.785706e-03	-1.438842e-02	7.473032e-03
295	1.380619e+05	3.687485e+02	7.179665e+00	4.331063e-01	8.520023e-05	2.167870e-01	2.138349e-01	1.680480e-01	-7.370648e-03	-1.430471e-02	6.570890e-03
296	5.938597e+03	3.712499e+02	7.200600e+00	4.235533e-01	3.436689e-04	2.164044e-01	2.118322e-01	1.686682e-01	-9.580991e-03	-1.426860e-02	7.324521e-03
297	1.380620e+05	3.712472e+02	7.197412e+00	4.228787e-01	-1.026551e-04	2.158974e-01	2.115041e-01	1.662831e-01	-7.343832e-03	-1.403670e-02	6.530135e-03
298	5.938597e+03	3.737501e+02	7.216283e+00	4.123505e-01	8.751830e-04	2.154933e-01	2.100908e-01	1.669531e-01	-9.378983e-03	-1.418761e-02	7.080328e-03
299	1.380620e+05	3.737493e+02	7.215000e+00	4.127981e-01	5.770428e-05	2.141432e-01	2.097662e-01	1.646035e-01	-7.296560e-03	-1.376908e-02	6.497144e-03
300	5.938597e+03	3.762500e+02	7.231688e+00	4.026136e-01	8.813416e-04	2.153299e-01	2.084769e-01	1.652670e-01	-9.732151e-03	-1.411833e-02	6.887881e-03
301	1.380619e+05	3.762487e+02	7.231471e+00	4.033905e-01	-1.440364e-04	2.127063e-01	2.078096e-01	1.630758e-01	-7.656667e-03	-1.348980e-02	6.455649e-03
302	5.938596e+03	3.787499e+02	7.247605e+00	3.935657e-01	8.791043e-04	2.151584e-01	2.068545e-01	1.635983e-01	-9.980042e-03	-1.399548e-02	6.781445e-03
303	1.380620e+05	3.787481e+02	7.246846e+00	3.950374e-01	7.656746e-05	2.114373e-01	2.058303e-01	1.617265e-01	-8.052400e-03	-1.322516e-02	6.416611e-03
304	5.938597e+03	3.812501e+02	7.265085e+00	3.846682e-01	1.874030e-04	2.139797e-01	2.050200e-01	1.620642e-01	-9.994023e-03	-1.374121e-02	6.681620e-03
305	1.380619e+05	3.812486e+02	7.262145e+00	3.870854e-01	-1.344128e-04	2.107528e-01	2.036949e-01	1.604705e-01	-8.366799e-03	-1.295770e-02	6.379848e-03
306	5.938597e+03	3.837501e+02	7.281991e+00	3.763293e-01	3.852083e-05	2.125579e-01	2.036493e-01	1.604971e-01	-9.881687e-03	-1.335766e-02	6.596288e-03
307	1.380619e+05	3.837478e+02	7.277684e+00	3.793468e-01	1.391992e-04	2.110991e-01	2.013865e-01	1.591088e-01	-8.567909e-03	-1.269135e-02	6.341840e-03
308	5.938596e+03	3.862502e+02	7.297636e+00	3.677294e-01	-9.900068e-05	2.119307e-01	2.020811e-01	1.585094e-01	-1.011558e-02	-1.289656e-02	6.407820e-03
309	1.380618e+05	3.862494e+02	7.292684e+00	3.719002e-01	-1.520661e-04	2.119159e-01	1.991612e-01	1.574964e-01	-8.785602e-03	-1.241654e-02	6.297318e-03
310	5.938597e+03	3.887501e+02	7.312511e+00	3.593919e-01	4.619911e-04	2.119121e-01	1.989639e-01	1.560167e-01	-1.016343e-02	-1.247960e-02	6.162122e-03
311	1.380618e+05	3.887480e+02	7.307796e+00	3.646620e-01	1.532574e-04	2.120422e-01	1.969174e-01	1.555538e-01	-8.879402e-03	-1.213141e-02	6.256497e-03
312	5.938599e+03	3.912498e+02	7.325549e+00	3.517785e-01	5.427276e-04	2.114412e-01	1.941996e-01	1.534323e-01	-9.952984e-03	-1.201498e-02	5.962565e-03
313	1.380617e+05	3.912499e+02	7.322292e+00	3.572335e-01	-2.048398e-04	2.116935e-01	1.940437e-01	1.534903e-01	-8.803776e-03	-1.184335e-02	6.198714e-03
314	5.938599e+03	3.937499e+02	7.338495e+00	3.445192e-01	1.285428e-03	2.102465e-01	1.915551e-01	1.508097e-01	-1.009643e-02	-1.152664e-02	5.971279e-03
315	1.380617e+05	3.937482e+02	7.335869e+00	3.497793e-01	1.383175e-04	2.103685e-01	1.912850e-01	1.513809e-01	-8.824589e-03	-1.155333e-02	6.122435e-03
316	5.938599e+03	3.962500e+02	7.352488e+00	3.379917e-01	1.219894e-03	2.091395e-01	1.900253e-01	1.486867e-01	-1.040607e-02	-1.115468e-02	6.022674e-03
317	1.380616e+05	3.962497e+02	7.350076e+00	3.425713e-01	-2.639860e-04	2.088280e-01	1.892669e-01	1.494397e-01	-9.008193e-03	-1.125506e-02	6.026068e-03
318	5.938599e+03	3.987497e+02	7.367274e+00	3.319052e-01	1.518472e-03	2.083941e-01	1.890888e-01	1.471385e-01	-1.086449e-02	-1.093158e-02	6.111737e-03
319	1.380618e+05	3.987491e+02	7.365040e+00	3.355315e-01	1.614037e-04	2.074213e-01	1.879601e-01	1.475277e-01	-9.393550e-03	-1.096044e-02	5.925450e-03
320	5.938599e+03	4.012500e+02	7.381672e+00	3.269369e-01	7.351679e-04	2.085629e-01	1.883523e-01	1.457575e-01	-1.123846e-02	-1.067663e-02	6.083382e-03
321	1.380618e+05	4.012502e+02	7.380376e+00	3.285652e-01	-2.771958e-04	2.065263e-01	1.874010e-01	1.456944e-01	-9.897601e-03	-1.065462e-02	5.830208e-03
322	5.938599e+03	4.037497e+02	7.396707e+00	3.218202e-01	9.212735e-04	2.086016e-01	1.885474e-01	1.447677e-01	-1.126831e-02	-1.046887e-02	5.942437e-03
323	1.380617e+05	4.037466e+02	7.396217e+00	3.211427e-01	2.309925e-04	2.056697e-01	1.877079e-01	1.440812e-01	-1.026030e-02	-1.035364e-02	5.720472e-03
324	5.938599e+03	4.062499e+02	7.412047e+00	3.160882e-01	4.362578e-04	2.075049e-01	1.883399e-01	1.439053e-01	-1.101595e-02	-1.026522e-02	5.688726e-03
325	1.380617e+05	4.062495e+02	7.412478e+00	3.130533e-01	-3.111362e-04	2.041027e-01	1.876255e-01	1.425432e-01	-1.034859e-02	-1.004670e-02	5.605537e-03
326	5.938599e+03	4.087497e+02	7.427845e+00	3.089060e-01	1.459697e-03	2.064279e-01	1.869748e-01	1.430465e-01	-1.073094e-02	-1.001801e-02	5.474661e-03
327	1.380615e+05	4.087506e+02	7.428813e+00	3.043448e-01	2.474603e-04	2.022632e-01	1.868141e-01	1.411219e-01	-1.032224e-02	-9.755221e-03	5.477277e-03
328	5.938598e+03	4.112499e+02	7.442520e+00	3.005226e-01	1.228428e-03	2.038733e-01	1.858345e-01	1.419517e-01	-1.029870e-02	-9.569119e-03	5.252432e-03
329	1.380611e+05	4.112512e+02	7.444371e+00	2.957737e-01	-3.869249e-04	1.997564e-01	1.857323e-01	1.397002e-01	-1.033419e-02	-9.457065e-03	5.349686e-03
330	5.938636e+03	4.137499e+02	7.457387e+00	2.920659e-01	2.051343e-03	2.017209e-01	1.851353e-01	1.408028e-01	-1.019068e-02	-9.167069e-03	4.997308e-03
331	1.380612e+05	4.137485e+02	7.459567e+00	2.872609e-01	2.770927e-04	1.979232e-01	1.847456e-01	1.381488e-01	-1.061639e-02	-9.153634e-03	5.209848e-03
332	2.390483e+03	4.162499e+02	7.472386e+00	2.832952e-01	1.417005e-03	1.996869e-01	1.850246e-01	1.390556e-01	-1.006848e-02	-8.872895e-03	4.725430e-03
333	1.416096e+05	4.162499e+02	7.474427e+00	2.791999e-01	-4.054273e-04	1.969733e-01	1.842663e-01	1.364413e-01	-1.091685e-02	-8.850728e-03	5.071351e-03
334	2.343621e+03	4.187498e+02	7.487695e+00	2.758338e-01	2.558515e-03	1.975742e-01	1.841812e-01	1.368476e-01	-1.000977e-02	-8.616588e-03	4.438064e-03
335	1.416565e+05	4.187504e+02	7.489459e+00	2.715380e-01	3.739891e-04	1.955759e-01	1.834431e-01	1.343713e-01	-1.123627e-02	-8.528493e-03	4.924398e-03
336	2.359240e+03	4.212498e+02	7.502715e+00	2.682377e-01	2.125837e-03	1.950914e-01	1.838563e-01	1.345392e-01	-1.027601e-02	-8.414939e-03	4.230274e-03
337	1.416409e+05	4.212511e+02	7.504310e+00	2.646163e-01	-4.835004e-04	1.944152e-01	1.826495e-01	1.322102e-01	-1.173687e-02	-8.233475e-03	4.792351e-03
338	2.359240e+03	4.237499e+02	7.517280e+00	2.607295e-01	3.219151e-03	1.920519e-01	1.824465e-01	1.323435e-01	-1.068398e-02	-8.183224e-03	4.191766e-03
339	1.416406e+05	4.237499e+02	7.518754e+00	2.577296e-01	4.296682e-04	1.926953e-01	1.816984e-01	1.301273e-01	-1.220885e-02	-7.915293e-03	4.636558e-03
340	2.374863e+03	4.262498e+02	7.531770e+00	2.538984e-01	2.156589e-03	1.892069e-01	1.810543e-01	1.301292e-01	-1.138398e-02	-7.966124e-03	4.261235e-03
341	1.416253e+05	4.262498e+02	7.532860e+00	2.511317e-01	-5.605674e-04	1.906561e-01	1.807228e-01	1.279829e-01	-1.254452e-02	-7.625654e-03	4.503098e-03
342	2.359240e+03	4.287500e+02	7.545226e+00	2.477812e-01	3.213847e-03	1.861678e-01	1.800278e-01	1.282125e-01	-1.217020e-02	-7.657053e-03	4.242523e-03
343	1.416408e+05	4.287498e+02	7.546381e+00	2.447962e-01	5.117219e-04	1.883552e-01	1.797334e-01	1.256797e-01	-1.280816e-02	-7.301189e-03	4.324389e-03
344	2.390483e+03	4.312498e+02	7.557575e+00	2.415941e-01	2.154576e-03	1.833489e-01	1.790627e-01	1.264357e-01	-1.263569e-02	-7.309461e-03	4.244691e-03
345	1.416096e+05	4.312520e+02	7.559126e+00	2.389129e-01	-6.485828e-04	1.857947e-01	1.789573e-01	1.233072e-01	-1.285840e-02	-7.011594e-03	4.183564e-03
346	2.359240e+03	4.337497e+02	7.569491e+00	2.346361e-01	3.000316e-03	1.806389e-01	1.778911e-01	1.243822e-01	-1.282067e-02	-6.871730e-03	4.171589e-03
347	1.416407e+05	4.337487e+02	7.571308e+00	2.326438e-01	6.099169e-04	1.831788e-01	1.781701e-01	1.207967e-01	-1.292188e-02	-6.687770e-03	3.984436e-03
348	2.343622e+03	4.362498e+02	7.581322e+00	2.274412e-01	1.417671e-03	1.790656e-01	1.765012e-01	1.223036e-01	-1.291848e-02	-6.525432e-03	4.037370e-03
349	1.416561e+05	4.362517e+02	7.583158e+00	2.259721e-01	-7.391642e-04	1.808233e-01	1.769293e-01	1.182335e-01	-1.296836e-02	-6.413549e-03	3.832846e-03
350	2.343621e+03	4.387500e+02	7.593390e+00	2.206848e-01	2.582066e-03	1.778470e-01	1.739596e-01	1.198489e-01	-1.278499e-02	-6.159899e-03	3.804199e-03
351	1.416564e+05	4.387508e+02	7.595277e+00	2.196120e-01	7.295830e-04	1.788685e-01	1.745059e-01	1.154054e-01	-1.282269e-02	-6.090206e-03	3.630004e-03
352	2.343621e+03	4.412498e+02	7.604852e+00	2.145072e-01	7.542246e-04	1.756362e-01	1.708976e-01	1.174223e-01	-1.263025e-02	-5.921958e-03	3.607458e-03
353	1.416569e+05	4.412481e+02	7.607431e+00	2.135966e-01	-8.435175e-04	1.765303e-01	1.710739e-01	1.127148e-01	-1.257892e-02	-5.818270e-03	3.480069e-03
354	2.359240e+03	4.437499e+02	7.616068e+00	2.086035e-01	2.456939e-03	1.727353e-01	1.667607e-01	1.145595e-01	-1.239944e-02	-5.680247e-03	3.371742e-03
355	1.416413e+05	4.437488e+02	7.619585e+00	2.075680e-01	8.569019e-04	1.735363e-01	1.661102e-01	1.100216e-01	-1.210078e-02	-5.487232e-03	3.265952e-03
356	2.359239e+03	4.462499e+02	7.627355e+00	2.020491e-01	7.733239e-04	1.698112e-01	1.620872e-01	1.116001e-01	-1.190271e-02	-5.442749e-03	3.211105e-03
357	1.416412e+05	4.462468e+02	7.630563e+00	2.008892e-01	-9.771571e-04	1.704263e-01	1.609286e-01	1.074627e-01	-1.153133e-02	-5.221432e-03	3.110275e-03
358	2.343621e+03	4.487498e+02	7.638539e+00	1.946243e-01	2.937899e-03	1.676302e-01	1.585159e-01	1.082126e-01	-1.123505e-02	-5.069178e-03	2.975102e-03
359	1.416567e+05	4.487498e+02	7.641420e+00	1.941859e-01	9.805141e-04	1.675425e-01	1.565071e-01	1.047613e-01	-1.102399e-02	-4.901209e-03	2.903647e-03
360	2.343621e+03	4.512499e+02	7.649649e+00	1.862606e-01	6.615240e-04	1.646712e-01	1.558060e-01	1.050696e-01	-1.082541e-02	-4.701585e-03	2.756533e-03
361	1.416567e+05	4.512487e+02	7.652410e+00	1.877284e-01	-1.110564e-03	1.639360e-01	1.525948e-01	1.022520e-01	-1.066889e-02	-4.656775e-03	2.763708e-03
362	2.374864e+03	4.537499e+02	7.659750e+00	1.788877e-01	2.503130e-03	1.604272e-01	1.532137e-01	1.020039e-01	-1.049286e-02	-4.326764e-03	2.504606e-03
363	1.416254e+05	4.537490e+02	7.662988e+00	1.819475e-01	1.138121e-03	1.601035e-01	1.493413e-01	9.976918e-02	-1.047615e-02	-4.347423e-03	2.564077e-03
364	2.359242e+03	4.562500e+02	7.669190e+00	1.731500e-01	-1.807703e-04	1.561844e-01	1.505880e-01	9.926105e-02	-1.015937e-02	-4.069474e-03	2.326009e-03
365	1.416411e+05	4.562479e+02	7.672597e+00	1.770877e-01	-1.262008e-03	1.561357e-01	1.464516e-01	9.767183e-02	-1.031385e-02	-4.121841e-03	2.442310e-03
366	2.343621e+03	4.587500e+02	7.678700e+00	1.680786e-01	2.562836e-03	1.513707e-01	1.485401e-01	9.663520e-02	-1.000870e-02	-3.770982e-03	2.082706e-03
367	1.416567e+05	4.587495e+02	7.681710e+00	1.728976e-01	1.311044e-03	1.522518e-01	1.442862e-01	9.538256e-02	-1.023684e-02	-3.821487e-03	2.248700e-03
368	2.343621e+03	4.612500e+02	7.686615e+00	1.635991e-01	2.026150e-04	1.472319e-01	1.469762e-01	9.417706e-02	-1.000324e-02	-3.587710e-03	1.882443e-03
369	1.416567e+05	4.612499e+02	7.689878e+00	1.692255e-01	-1.451518e-03	1.484615e-01	1.425841e-01	9.325126e-02	-1.023761e-02	-3.615827e-03	2.136939e-03
370	2.343621e+03	4.637498e+02	7.693136e+00	1.599444e-01	3.342374e-03	1.443382e-01	1.459423e-01	9.148455e-02	-9.976312e-03	-3.309419e-03	1.650481e-03
371	1.416566e+05	4.637527e+02	7.697349e+00	1.654986e-01	1.488198e-03	1.449850e-01	1.410432e-01	9.080808e-02	-1.015533e-02	-3.325362e-03	1.941852e-03
372	2.374864e+03	4.662499e+02	7.698825e+00	1.567219e-01	4.689955e-04	1.407617e-01	1.444155e-01	8.903058e-02	-9.705788e-03	-3.072719e-03	1.556162e-03
373	1.416254e+05	4.662487e+02	7.704246e+00	1.616074e-01	-1.659403e-03	1.417879e-01	1.393265e-01	8.856448e-02	-1.000317e-02	-3.132720e-03	1.833164e-03
375	1.440002e+05	4.687475e+02	7.710976e+00	1.569527e-01	1.727946e-03	1.387672e-01	1.368416e-01	8.595942e-02	-9.716694e-03	-2.836627e-03	1.622176e-03
377	1.440002e+05	4.712491e+02	7.717967e+00	1.520209e-01	-1.847656e-03	1.358409e-01	1.339295e-01	8.353247e-02	-9.295649e-03	-2.640325e-03	1.523639e-03
379	1.440002e+05	4.737516e+02	7.724142e+00	1.470132e-01	1.960088e-03	1.328992e-01	1.308549e-01	8.060946e-02	-8.738652e-03	-2.352569e-03	1.326571e-03
381	1.440002e+05	4.762502e+02	7.730473e+00	1.416502e-01	-2.089277e-03	1.296277e-01	1.274265e-01	7.800431e-02	-8.193807e-03	-2.156849e-03	1.232910e-03
383	1.440001e+05	4.787498e+02	7.736364e+00	1.360809e-01	2.221833e-03	1.260232e-01	1.239071e-01	7.479800e-02	-7.673706e-03	-1.880537e-03	1.046446e-03
385	1.440001e+05	4.812482e+02	7.742047e+00	1.306260e-01	-2.369833e-03	1.220490e-01	1.206407e-01	7.176580e-02	-7.194067e-03	-1.695322e-03	9.699810e-04
387	1.440001e+05	4.837504e+02	7.747285e+00	1.248998e-01	2.517387e-03	1.182821e-01	1.178653e-01	6.773003e-02	-6.893472e-03	-1.419601e-03	7.858709e-04
389	1.440001e+05	4.862506e+02	7.751648e+00	1.196852e-01	-2.697660e-03	1.156963e-01	1.157001e-01	6.369408e-02	-6.763801e-03	-1.242530e-03	7.127705e-04
391	1.440001e+05	4.887508e+02	7.755629e+00	1.142005e-01	2.864746e-03	1.141035e-01	1.137194e-01	5.816028e-02	-6.667169e-03	-9.632365e-04	5.240236e-04
393	1.440001e+05	4.912490e+02	7.759037e+00	1.084208e-01	-3.094363e-03	1.131601e-01	1.132058e-01	5.210705e-02	-6.615893e-03	-7.928904e-04	4.494086e-04
395	1.440001e+05	4.937481e+02	7.762237e+00	1.023065e-01	3.312547e-03	1.138425e-01	1.140233e-01	4.290853e-02	-6.718461e-03	-5.119872e-04	2.715365e-04
397	1.440001e+05	4.962494e+02	7.765448e+00	9.441221e-02	-3.665476e-03	1.172423e-01	1.161053e-01	3.165610e-02	-6.961556e-03	-3.418037e-04	1.834500e-04
399	1.440001e+05	4.987483e+02	7.769547e+00	7.867952e-02	4.185683e-03	1.235575e-01	1.200628e-01	1.332129e-02	-6.770639e-03	-7.255800e-05	1.960737e-05
