Time (s)	9.600000e+03	dt_sampled - EXTRA_TIME	3.600000e+03
 i	 Vol	 Z	 Uavg	 Vavg	 Wavg	 Urms	 Vrms	 Wrms	 UVmean	 UWmean	 VWmean
0	6.300010e+04	6.250178e-01	1.406878e+00	-9.555523e-03	-1.024288e-01	9.146855e-01	8.597495e-01	2.956010e-01	-3.227663e-03	2.123553e-03	-3.126113e-04
1	6.300010e+04	1.875109e+00	1.908466e+00	-3.139632e-03	4.719606e-02	8.644418e-01	7.289490e-01	4.572812e-01	-2.986153e-03	-4.942223e-02	-5.815025e-04
2	6.300011e+04	3.125232e+00	2.136112e+00	-4.945297e-04	-3.076670e-02	8.457555e-01	6.939758e-01	5.338820e-01	-2.123538e-03	-7.472827e-02	-1.060643e-03
3	6.300011e+04	4.375168e+00	2.268101e+00	1.519710e-03	2.219917e-02	8.478667e-01	6.813543e-01	5.838395e-01	-2.179394e-03	-8.620737e-02	-1.318585e-03
4	6.300012e+04	5.625313e+00	2.379939e+00	3.431086e-03	-1.612567e-02	8.579459e-01	6.748275e-01	6.163616e-01	-1.709129e-03	-1.181448e-01	-1.554580e-03
5	6.300013e+04	6.875481e+00	2.484447e+00	5.419557e-03	1.215585e-02	8.817586e-01	6.776993e-01	6.352089e-01	-7.441640e-04	-1.475203e-01	-1.864093e-03
6	6.300008e+04	8.125357e+00	2.632249e+00	7.875976e-03	-1.016994e-02	9.184557e-01	6.863303e-01	6.418489e-01	3.735994e-05	-1.901173e-01	-2.349612e-03
7	6.300009e+04	9.375094e+00	2.823593e+00	1.123040e-02	8.079289e-03	9.672588e-01	6.996133e-01	6.397766e-01	-1.097084e-03	-2.234045e-01	-2.701088e-03
8	7.200438e+04	1.062457e+01	2.962864e+00	1.542597e-02	2.037561e-02	1.058870e+00	7.519860e-01	6.053980e-01	-5.157359e-04	-2.033974e-01	-2.229961e-03
9	7.200441e+04	1.187452e+01	3.287959e+00	2.015429e-02	-7.666605e-03	1.071414e+00	7.490301e-01	6.033342e-01	-1.634693e-03	-2.486087e-01	-2.133181e-03
10	7.200444e+04	1.312428e+01	3.510338e+00	2.527152e-02	5.734397e-03	1.058161e+00	7.387818e-01	5.984647e-01	-2.240129e-03	-2.380334e-01	-2.029351e-03
11	7.200466e+04	1.437386e+01	3.684743e+00	2.856323e-02	-4.028598e-03	1.045488e+00	7.258580e-01	6.016730e-01	-1.867735e-03	-2.448200e-01	-2.143153e-03
12	7.200281e+04	1.562332e+01	3.825026e+00	3.039221e-02	3.013977e-03	1.038192e+00	7.134061e-01	5.982822e-01	-1.983853e-03	-2.396238e-01	-2.121782e-03
13	7.200266e+04	1.687567e+01	3.951029e+00	3.084650e-02	-2.330835e-03	1.035364e+00	7.028071e-01	5.982713e-01	-2.733381e-03	-2.424322e-01	-2.094352e-03
14	7.198915e+04	1.812289e+01	4.064804e+00	3.079889e-02	1.844696e-03	1.035250e+00	6.940345e-01	5.944247e-01	-2.668279e-03	-2.398354e-01	-2.069502e-03
15	7.198931e+04	1.937713e+01	4.172397e+00	3.050642e-02	-1.510891e-03	1.037063e+00	6.865643e-01	5.925213e-01	-2.187371e-03	-2.411667e-01	-2.045463e-03
16	7.200575e+04	2.062335e+01	4.273296e+00	3.037798e-02	1.209966e-03	1.040099e+00	6.806708e-01	5.886934e-01	-1.246022e-03	-2.390518e-01	-2.015553e-03
17	7.200576e+04	2.187846e+01	4.369863e+00	2.999565e-02	-9.921349e-04	1.043494e+00	6.750080e-01	5.859435e-01	3.021156e-04	-2.392101e-01	-2.008474e-03
18	7.198267e+04	2.312073e+01	4.460882e+00	2.913646e-02	8.062028e-04	1.046998e+00	6.692057e-01	5.823919e-01	1.953886e-03	-2.370745e-01	-2.040663e-03
19	7.198270e+04	2.437539e+01	4.547759e+00	2.860280e-02	-6.767163e-04	1.050465e+00	6.629124e-01	5.799653e-01	3.461398e-03	-2.364418e-01	-2.049123e-03
20	7.198262e+04	2.561964e+01	4.630467e+00	2.798039e-02	5.459560e-04	1.053308e+00	6.570255e-01	5.773715e-01	5.086686e-03	-2.343218e-01	-2.124671e-03
21	7.198241e+04	2.687431e+01	4.709757e+00	2.687618e-02	-4.678625e-04	1.055832e+00	6.518669e-01	5.755406e-01	6.528529e-03	-2.331855e-01	-2.242588e-03
22	7.198234e+04	2.811823e+01	4.786293e+00	2.623146e-02	3.839924e-04	1.058099e+00	6.473016e-01	5.735250e-01	7.837469e-03	-2.311774e-01	-2.342896e-03
23	7.198235e+04	2.937281e+01	4.860028e+00	2.654292e-02	-3.427390e-04	1.059933e+00	6.432670e-01	5.720488e-01	9.465603e-03	-2.299365e-01	-2.480751e-03
24	7.198252e+04	3.061688e+01	4.930939e+00	2.761077e-02	2.845671e-04	1.061680e+00	6.401172e-01	5.703843e-01	1.156433e-02	-2.281113e-01	-2.569991e-03
25	7.198245e+04	3.187209e+01	4.999746e+00	2.907323e-02	-2.488071e-04	1.062981e+00	6.372551e-01	5.691692e-01	1.401166e-02	-2.268379e-01	-2.731252e-03
26	7.198216e+04	3.311935e+01	5.066423e+00	3.072901e-02	1.967833e-04	1.063843e+00	6.338837e-01	5.680376e-01	1.636884e-02	-2.251634e-01	-2.896959e-03
27	7.198220e+04	3.436789e+01	5.130986e+00	3.245394e-02	-1.749076e-04	1.064662e+00	6.306859e-01	5.672903e-01	1.909874e-02	-2.239350e-01	-3.108160e-03
28	7.198209e+04	3.561389e+01	5.193300e+00	3.429635e-02	1.385039e-04	1.065128e+00	6.276128e-01	5.665721e-01	2.138147e-02	-2.224224e-01	-3.260149e-03
29	7.198205e+04	3.686922e+01	5.253927e+00	3.612945e-02	-1.281491e-04	1.065454e+00	6.244147e-01	5.661132e-01	2.327615e-02	-2.211856e-01	-3.426732e-03
30	7.213646e+04	3.811927e+01	5.313057e+00	3.817869e-02	1.075772e-04	1.064989e+00	6.215150e-01	5.655842e-01	2.519026e-02	-2.198003e-01	-3.575306e-03
31	7.213631e+04	3.937012e+01	5.369970e+00	4.066527e-02	-1.090363e-04	1.064376e+00	6.184927e-01	5.651812e-01	2.722345e-02	-2.186310e-01	-3.715021e-03
32	7.200482e+04	4.062323e+01	5.424924e+00	4.349614e-02	8.610651e-05	1.063823e+00	6.153439e-01	5.646526e-01	2.953628e-02	-2.173410e-01	-3.837275e-03
33	7.200481e+04	4.187165e+01	5.478263e+00	4.631710e-02	-8.046308e-05	1.062665e+00	6.130112e-01	5.641442e-01	3.150795e-02	-2.161972e-01	-3.962357e-03
34	7.200483e+04	4.312818e+01	5.530399e+00	4.927016e-02	6.151536e-05	1.061236e+00	6.111853e-01	5.635753e-01	3.284344e-02	-2.149528e-01	-4.033161e-03
35	7.200487e+04	4.438043e+01	5.581350e+00	5.282873e-02	-6.108193e-05	1.059328e+00	6.096094e-01	5.630390e-01	3.343748e-02	-2.138433e-01	-4.081805e-03
36	7.200535e+04	4.562329e+01	5.631173e+00	5.624235e-02	4.825753e-05	1.056509e+00	6.082110e-01	5.624574e-01	3.389508e-02	-2.127251e-01	-4.165250e-03
37	7.200544e+04	4.687082e+01	5.679989e+00	5.887152e-02	-5.424016e-05	1.052910e+00	6.068563e-01	5.619331e-01	3.489874e-02	-2.117185e-01	-4.275055e-03
38	7.200469e+04	4.812651e+01	5.728143e+00	6.079063e-02	3.738161e-05	1.048802e+00	6.059312e-01	5.614334e-01	3.654038e-02	-2.107464e-01	-4.405097e-03
39	7.200456e+04	4.938184e+01	5.775228e+00	6.250821e-02	-3.595151e-05	1.044891e+00	6.055273e-01	5.610284e-01	3.818635e-02	-2.099444e-01	-4.462667e-03
40	7.200462e+04	5.062828e+01	5.821599e+00	6.428714e-02	2.372036e-05	1.041072e+00	6.054007e-01	5.607319e-01	3.933904e-02	-2.091352e-01	-4.548780e-03
41	7.200468e+04	5.187123e+01	5.867808e+00	6.635530e-02	-2.315357e-05	1.037201e+00	6.056741e-01	5.606110e-01	4.017568e-02	-2.084210e-01	-4.593387e-03
42	7.200470e+04	5.312473e+01	5.914042e+00	6.885207e-02	5.722487e-06	1.033139e+00	6.058024e-01	5.606872e-01	4.077287e-02	-2.076834e-01	-4.600723e-03
43	7.200470e+04	5.438107e+01	5.959735e+00	7.129654e-02	-1.049194e-05	1.029053e+00	6.055241e-01	5.608449e-01	4.110574e-02	-2.069688e-01	-4.569451e-03
44	7.200448e+04	5.563115e+01	6.005115e+00	7.334291e-02	-1.936248e-06	1.025047e+00	6.048086e-01	5.609104e-01	4.159231e-02	-2.062927e-01	-4.550201e-03
45	7.200450e+04	5.687279e+01	6.050179e+00	7.535367e-02	5.912500e-06	1.021107e+00	6.036704e-01	5.608187e-01	4.166096e-02	-2.056493e-01	-4.509037e-03
46	7.200438e+04	5.812340e+01	6.095111e+00	7.709956e-02	-1.752514e-05	1.017799e+00	6.023527e-01	5.606451e-01	4.141831e-02	-2.050838e-01	-4.486184e-03
47	7.200450e+04	5.938027e+01	6.138958e+00	7.850561e-02	2.006349e-05	1.014488e+00	6.009861e-01	5.604589e-01	4.115656e-02	-2.045121e-01	-4.467239e-03
48	7.200435e+04	6.063341e+01	6.181891e+00	7.940086e-02	-3.179029e-05	1.010561e+00	5.994729e-01	5.602351e-01	4.081953e-02	-2.039618e-01	-4.460736e-03
49	7.200438e+04	6.187754e+01	6.224237e+00	8.007679e-02	2.902939e-05	1.006555e+00	5.978217e-01	5.600445e-01	4.026623e-02	-2.033667e-01	-4.424810e-03
50	7.200430e+04	6.312449e+01	6.266495e+00	8.089015e-02	-4.295589e-05	1.002783e+00	5.959721e-01	5.598981e-01	3.961821e-02	-2.027711e-01	-4.410075e-03
51	7.200441e+04	6.437761e+01	6.308589e+00	8.216509e-02	4.244818e-05	9.986902e-01	5.939406e-01	5.597950e-01	3.878150e-02	-2.021742e-01	-4.411239e-03
52	7.200403e+04	6.562962e+01	6.350426e+00	8.354333e-02	-5.644579e-05	9.944848e-01	5.919930e-01	5.595886e-01	3.814186e-02	-2.016490e-01	-4.407090e-03
53	7.200404e+04	6.687615e+01	6.391753e+00	8.443620e-02	6.584108e-05	9.903238e-01	5.903513e-01	5.593795e-01	3.762224e-02	-2.011451e-01	-4.396026e-03
54	7.200401e+04	6.812248e+01	6.432513e+00	8.507653e-02	-8.132495e-05	9.859074e-01	5.888183e-01	5.589850e-01	3.705324e-02	-2.006784e-01	-4.381990e-03
55	7.200381e+04	6.937711e+01	6.471936e+00	8.501606e-02	8.176413e-05	9.811881e-01	5.870824e-01	5.587184e-01	3.631496e-02	-2.002569e-01	-4.364070e-03
56	7.200416e+04	7.063583e+01	6.511301e+00	8.463176e-02	-1.092796e-04	9.762560e-01	5.853775e-01	5.580137e-01	3.546836e-02	-1.997534e-01	-4.247237e-03
57	7.200420e+04	7.188792e+01	6.549129e+00	8.447214e-02	9.995273e-05	9.714451e-01	5.837142e-01	5.575026e-01	3.479639e-02	-1.994103e-01	-4.067075e-03
58	7.200418e+04	7.313151e+01	6.587796e+00	8.426352e-02	-1.228561e-04	9.666000e-01	5.820644e-01	5.557711e-01	3.408204e-02	-1.988240e-01	-3.880554e-03
59	7.200431e+04	7.437663e+01	6.624204e+00	8.442304e-02	8.221632e-05	9.621052e-01	5.802386e-01	5.547990e-01	3.317629e-02	-1.986944e-01	-3.715638e-03
60	7.200391e+04	7.562715e+01	6.662235e+00	8.472411e-02	-9.432019e-05	9.577672e-01	5.786005e-01	5.508881e-01	3.183831e-02	-1.978461e-01	-3.547093e-03
61	7.200359e+04	7.687659e+01	6.696499e+00	8.474498e-02	-6.094863e-05	9.537190e-01	5.758222e-01	5.494260e-01	3.018095e-02	-1.981699e-01	-3.449802e-03
62	7.191498e+04	7.813880e+01	6.732480e+00	8.448700e-02	1.859448e-04	9.496112e-01	5.721331e-01	5.406830e-01	2.823447e-02	-1.966806e-01	-3.271471e-03
63	7.191500e+04	7.938266e+01	6.761933e+00	8.395132e-02	-8.864821e-04	9.459274e-01	5.679553e-01	5.408520e-01	2.630490e-02	-1.978152e-01	-3.234834e-03
64	5.938324e+03	8.124994e+01	6.889564e+00	7.985872e-02	-1.649128e-02	1.006489e+00	5.269200e-01	5.130242e-01	5.485791e-02	-2.267923e-01	-7.028067e-03
65	1.380620e+05	8.124975e+01	6.800404e+00	8.279625e-02	3.624348e-03	9.309338e-01	5.422502e-01	5.194278e-01	2.143723e-02	-1.939287e-01	-2.926449e-03
66	5.938597e+03	8.374989e+01	6.943572e+00	7.752360e-02	-2.118876e-02	1.003615e+00	5.205688e-01	5.085780e-01	5.060718e-02	-2.259926e-01	-4.549113e-03
67	1.380618e+05	8.375011e+01	6.869601e+00	8.107442e-02	-2.728297e-03	9.310480e-01	5.372614e-01	5.142162e-01	1.733835e-02	-1.919151e-01	-2.668361e-03
68	5.938600e+03	8.624986e+01	6.996752e+00	7.298615e-02	-1.260497e-02	9.994017e-01	5.163123e-01	5.062147e-01	4.729316e-02	-2.279494e-01	-3.531545e-03
69	1.380615e+05	8.625041e+01	6.936293e+00	7.900999e-02	3.421223e-03	9.279462e-01	5.326687e-01	5.101913e-01	1.402818e-02	-1.920617e-01	-2.730052e-03
70	5.938610e+03	8.874984e+01	7.050280e+00	6.618254e-02	-1.416312e-02	9.952730e-01	5.166110e-01	5.064290e-01	4.763389e-02	-2.258694e-01	-4.217902e-03
71	1.380614e+05	8.874982e+01	7.003670e+00	7.572480e-02	-1.782473e-03	9.248362e-01	5.299711e-01	5.087754e-01	1.189053e-02	-1.900665e-01	-2.563600e-03
72	5.938598e+03	9.124986e+01	7.106699e+00	5.926546e-02	-5.775914e-03	9.882764e-01	5.178194e-01	5.068335e-01	4.770567e-02	-2.258259e-01	-4.551230e-03
73	1.380614e+05	9.125008e+01	7.072806e+00	7.149436e-02	2.241004e-03	9.213611e-01	5.274186e-01	5.075131e-01	1.181032e-02	-1.894533e-01	-2.623340e-03
74	5.938597e+03	9.374988e+01	7.163483e+00	5.239743e-02	-5.732103e-03	9.802592e-01	5.198193e-01	5.071033e-01	4.434827e-02	-2.237098e-01	-3.212941e-03
75	1.380613e+05	9.375002e+01	7.142153e+00	6.627605e-02	-1.423246e-03	9.167086e-01	5.264523e-01	5.062847e-01	1.214903e-02	-1.883034e-01	-2.705393e-03
76	5.938596e+03	9.624986e+01	7.219682e+00	4.693375e-02	4.621464e-04	9.701257e-01	5.230390e-01	5.078747e-01	4.173651e-02	-2.223646e-01	-2.002506e-03
77	1.380612e+05	9.625031e+01	7.210617e+00	6.098792e-02	1.389640e-03	9.118905e-01	5.261131e-01	5.048311e-01	1.296590e-02	-1.875679e-01	-2.833112e-03
78	5.938598e+03	9.874986e+01	7.275333e+00	4.221464e-02	3.940963e-04	9.602285e-01	5.245321e-01	5.075548e-01	4.021030e-02	-2.193862e-01	-1.208960e-03
79	1.380611e+05	9.874992e+01	7.276475e+00	5.524604e-02	-1.210106e-03	9.067304e-01	5.258411e-01	5.032900e-01	1.399420e-02	-1.866443e-01	-3.144827e-03
80	5.938605e+03	1.012499e+02	7.329114e+00	3.655594e-02	4.372275e-03	9.508041e-01	5.239902e-01	5.061622e-01	3.882240e-02	-2.165190e-01	-8.124424e-04
81	1.380611e+05	1.012500e+02	7.338573e+00	4.883498e-02	8.184166e-04	9.024311e-01	5.245608e-01	5.021604e-01	1.379824e-02	-1.857310e-01	-3.396806e-03
82	5.938598e+03	1.037499e+02	7.382751e+00	3.174406e-02	2.868649e-03	9.398360e-01	5.224997e-01	5.040621e-01	3.560262e-02	-2.135617e-01	-2.138082e-04
83	1.380610e+05	1.037501e+02	7.398813e+00	4.217267e-02	-9.783714e-04	8.966454e-01	5.229595e-01	5.012683e-01	1.320133e-02	-1.846897e-01	-3.836026e-03
84	5.938598e+03	1.062499e+02	7.437517e+00	2.726129e-02	3.611321e-03	9.304187e-01	5.176305e-01	5.025061e-01	3.474614e-02	-2.096571e-01	9.614178e-04
85	1.380610e+05	1.062502e+02	7.457820e+00	3.570127e-02	5.699858e-04	8.904780e-01	5.206890e-01	5.004858e-01	1.463585e-02	-1.834700e-01	-4.123910e-03
86	5.938598e+03	1.087499e+02	7.492788e+00	2.258590e-02	7.733576e-04	9.218900e-01	5.113231e-01	5.013808e-01	3.628326e-02	-2.059795e-01	1.143700e-03
87	1.380611e+05	1.087499e+02	7.516690e+00	3.022644e-02	-6.622359e-04	8.851111e-01	5.178162e-01	4.996842e-01	1.777870e-02	-1.822187e-01	-4.426721e-03
88	5.938598e+03	1.112499e+02	7.548502e+00	1.932281e-02	2.483203e-05	9.142069e-01	5.087277e-01	5.008034e-01	3.774134e-02	-2.022710e-01	5.536275e-04
89	1.380610e+05	1.112504e+02	7.576588e+00	2.576086e-02	5.344908e-04	8.810183e-01	5.157641e-01	4.987743e-01	2.120059e-02	-1.808171e-01	-4.634692e-03
90	5.938598e+03	1.137499e+02	7.605579e+00	1.812712e-02	-2.324334e-03	9.050054e-01	5.072528e-01	5.004914e-01	3.659243e-02	-1.990094e-01	8.447476e-05
91	1.380611e+05	1.137506e+02	7.636178e+00	2.298375e-02	-3.499605e-04	8.765168e-01	5.148290e-01	4.979978e-01	2.328274e-02	-1.793964e-01	-4.905406e-03
92	5.938605e+03	1.162498e+02	7.663267e+00	1.847455e-02	-1.561369e-03	8.965462e-01	5.064054e-01	4.993520e-01	3.545833e-02	-1.952501e-01	-2.245858e-04
93	1.380611e+05	1.162505e+02	7.696544e+00	2.095814e-02	4.460611e-04	8.716540e-01	5.157290e-01	4.974662e-01	2.446652e-02	-1.779279e-01	-5.164777e-03
94	5.938598e+03	1.187499e+02	7.720392e+00	1.780488e-02	-2.357290e-03	8.873102e-01	5.069866e-01	4.986754e-01	3.468332e-02	-1.905888e-01	-6.716698e-04
95	1.380609e+05	1.187510e+02	7.755929e+00	1.933967e-02	-2.463000e-04	8.675253e-01	5.165429e-01	4.975520e-01	2.544480e-02	-1.766254e-01	-5.337806e-03
96	5.938598e+03	1.212500e+02	7.779181e+00	1.745906e-02	-1.244282e-03	8.769447e-01	5.082534e-01	4.987008e-01	3.463826e-02	-1.859814e-01	-1.069708e-04
97	1.380610e+05	1.212506e+02	7.814308e+00	1.996716e-02	3.549022e-04	8.641405e-01	5.173851e-01	4.977864e-01	2.653484e-02	-1.751064e-01	-5.464628e-03
98	5.938598e+03	1.237499e+02	7.836676e+00	2.128413e-02	-8.873198e-04	8.653619e-01	5.091444e-01	4.991626e-01	3.765514e-02	-1.817252e-01	1.273111e-03
99	1.380611e+05	1.237505e+02	7.871045e+00	2.176426e-02	-2.277885e-04	8.607970e-01	5.181622e-01	4.983178e-01	2.760630e-02	-1.735766e-01	-5.558786e-03
100	5.938598e+03	1.262499e+02	7.893357e+00	2.524343e-02	4.444423e-04	8.543121e-01	5.088795e-01	4.981180e-01	3.819273e-02	-1.775827e-01	1.784417e-03
101	1.380611e+05	1.262501e+02	7.926612e+00	2.338627e-02	2.078868e-04	8.569502e-01	5.181934e-01	4.983177e-01	2.821624e-02	-1.717074e-01	-5.691582e-03
102	5.938606e+03	1.287499e+02	7.947680e+00	2.780328e-02	-9.029904e-05	8.445466e-01	5.071030e-01	4.966477e-01	3.662023e-02	-1.737159e-01	1.504430e-03
103	1.380612e+05	1.287501e+02	7.981018e+00	2.426718e-02	-1.933359e-04	8.530248e-01	5.182803e-01	4.978049e-01	2.859289e-02	-1.698181e-01	-5.734800e-03
104	5.938598e+03	1.312498e+02	8.002825e+00	2.902561e-02	4.751500e-04	8.336713e-01	5.049099e-01	4.947728e-01	3.484864e-02	-1.694248e-01	1.401151e-03
105	1.380612e+05	1.312504e+02	8.035512e+00	2.458999e-02	1.427564e-04	8.481506e-01	5.172380e-01	4.964351e-01	2.937553e-02	-1.676285e-01	-5.766469e-03
106	5.938598e+03	1.337499e+02	8.058895e+00	3.088500e-02	-2.352567e-04	8.229553e-01	5.040927e-01	4.934629e-01	3.475408e-02	-1.653941e-01	1.167341e-03
107	1.380613e+05	1.337498e+02	8.090432e+00	2.567649e-02	-1.222612e-04	8.430334e-01	5.153276e-01	4.943441e-01	2.971791e-02	-1.653671e-01	-5.731802e-03
108	5.938597e+03	1.362499e+02	8.113150e+00	2.978308e-02	-1.390459e-03	8.159307e-01	5.011525e-01	4.910629e-01	3.516017e-02	-1.604834e-01	1.205834e-03
109	1.380614e+05	1.362499e+02	8.144277e+00	2.631733e-02	1.738438e-04	8.386523e-01	5.119847e-01	4.917986e-01	2.896465e-02	-1.631488e-01	-5.766182e-03
110	5.938597e+03	1.387499e+02	8.166028e+00	2.653407e-02	-1.949339e-03	8.092718e-01	4.989574e-01	4.885140e-01	3.421146e-02	-1.559604e-01	1.737800e-03
111	1.380614e+05	1.387499e+02	8.197368e+00	2.639369e-02	-1.829733e-05	8.351969e-01	5.091329e-01	4.890002e-01	2.839995e-02	-1.609139e-01	-5.578575e-03
112	5.938597e+03	1.412499e+02	8.219568e+00	2.459413e-02	-2.608217e-03	8.040774e-01	4.985206e-01	4.852029e-01	3.351844e-02	-1.514208e-01	1.794024e-03
113	1.380613e+05	1.412500e+02	8.251213e+00	2.651796e-02	2.063924e-04	8.324386e-01	5.072590e-01	4.861304e-01	2.808009e-02	-1.587956e-01	-5.440939e-03
114	5.938597e+03	1.437499e+02	8.274636e+00	2.168996e-02	-2.885380e-03	7.995532e-01	5.004104e-01	4.816905e-01	3.186838e-02	-1.483136e-01	1.567002e-03
115	1.380614e+05	1.437502e+02	8.306005e+00	2.588579e-02	2.333656e-05	8.292084e-01	5.073532e-01	4.832500e-01	2.649739e-02	-1.565644e-01	-5.134502e-03
116	5.938596e+03	1.462500e+02	8.331501e+00	1.884433e-02	-2.533860e-03	7.937667e-01	5.041611e-01	4.781927e-01	3.097394e-02	-1.457015e-01	1.209077e-03
117	1.380614e+05	1.462500e+02	8.362283e+00	2.455040e-02	1.871574e-04	8.242683e-01	5.093050e-01	4.800499e-01	2.477510e-02	-1.544748e-01	-4.862017e-03
118	5.938596e+03	1.487500e+02	8.389911e+00	1.577507e-02	-1.938251e-03	7.864132e-01	5.074022e-01	4.750295e-01	3.214808e-02	-1.425197e-01	1.124576e-03
119	1.380613e+05	1.487496e+02	8.419309e+00	2.470213e-02	1.613227e-05	8.173208e-01	5.105428e-01	4.769709e-01	2.204193e-02	-1.523152e-01	-4.411806e-03
120	5.938611e+03	1.512500e+02	8.449669e+00	1.303907e-02	-1.656988e-03	7.781307e-01	5.107450e-01	4.731483e-01	3.300619e-02	-1.407850e-01	1.149546e-03
121	1.380614e+05	1.512502e+02	8.478297e+00	2.669246e-02	1.258126e-04	8.081915e-01	5.118719e-01	4.742590e-01	1.932173e-02	-1.502439e-01	-4.135794e-03
122	5.938595e+03	1.537500e+02	8.509254e+00	1.236315e-02	-1.402266e-03	7.684065e-01	5.140889e-01	4.724065e-01	3.160492e-02	-1.389886e-01	1.478157e-03
123	1.380613e+05	1.537493e+02	8.536769e+00	2.913252e-02	1.062344e-05	7.987525e-01	5.128529e-01	4.719301e-01	1.683793e-02	-1.482873e-01	-3.838607e-03
124	5.938597e+03	1.562499e+02	8.569944e+00	1.352000e-02	-2.661561e-03	7.603193e-01	5.147730e-01	4.718384e-01	3.029854e-02	-1.369997e-01	9.907685e-04
125	1.380612e+05	1.562500e+02	8.596643e+00	3.061782e-02	1.491299e-04	7.892884e-01	5.135661e-01	4.697266e-01	1.568478e-02	-1.461947e-01	-3.617771e-03
126	5.938598e+03	1.587499e+02	8.631231e+00	1.436396e-02	-3.900840e-03	7.515501e-01	5.119865e-01	4.713416e-01	2.872459e-02	-1.354847e-01	-3.393065e-04
127	1.380613e+05	1.587489e+02	8.658013e+00	3.092401e-02	1.259080e-04	7.793534e-01	5.135694e-01	4.679743e-01	1.560928e-02	-1.442413e-01	-3.356333e-03
128	5.938598e+03	1.612499e+02	8.694363e+00	1.266119e-02	-4.275635e-03	7.418458e-01	5.067234e-01	4.695408e-01	2.601066e-02	-1.341670e-01	-1.435418e-03
129	1.380613e+05	1.612505e+02	8.720151e+00	3.171935e-02	2.261813e-04	7.699319e-01	5.130439e-01	4.663359e-01	1.454487e-02	-1.421234e-01	-3.188610e-03
130	5.938599e+03	1.637500e+02	8.759066e+00	1.102017e-02	-3.138076e-03	7.304164e-01	5.012449e-01	4.668382e-01	2.260152e-02	-1.334954e-01	-2.331909e-03
131	1.380613e+05	1.637497e+02	8.782904e+00	3.439406e-02	9.752429e-05	7.600313e-01	5.117638e-01	4.652529e-01	1.182416e-02	-1.401660e-01	-2.930152e-03
132	5.938599e+03	1.662499e+02	8.824387e+00	9.512544e-03	-1.904446e-03	7.185419e-01	4.988318e-01	4.638267e-01	2.049105e-02	-1.315077e-01	-2.964179e-03
133	1.380613e+05	1.662500e+02	8.845879e+00	3.853951e-02	9.464717e-05	7.497943e-01	5.110642e-01	4.641761e-01	9.000208e-03	-1.382403e-01	-2.791678e-03
134	5.938599e+03	1.687499e+02	8.888083e+00	7.115510e-03	-1.019207e-03	7.044617e-01	4.985468e-01	4.613310e-01	1.824513e-02	-1.286497e-01	-3.831901e-03
135	1.380613e+05	1.687500e+02	8.910150e+00	4.104889e-02	3.232848e-05	7.383499e-01	5.114483e-01	4.628752e-01	7.259031e-03	-1.364266e-01	-2.739344e-03
136	5.938598e+03	1.712499e+02	8.952108e+00	5.111902e-03	-1.265388e-04	6.879954e-01	5.013159e-01	4.589461e-01	1.712626e-02	-1.259069e-01	-5.047434e-03
137	1.380613e+05	1.712509e+02	8.976469e+00	4.118238e-02	3.823040e-06	7.257963e-01	5.125090e-01	4.611577e-01	7.984947e-03	-1.345829e-01	-2.665868e-03
138	5.938599e+03	1.737498e+02	9.020530e+00	5.424179e-03	-6.290487e-04	6.704741e-01	5.063539e-01	4.571411e-01	1.727493e-02	-1.231095e-01	-5.340342e-03
139	1.380613e+05	1.737503e+02	9.045106e+00	3.957873e-02	3.037126e-05	7.141082e-01	5.133310e-01	4.592125e-01	9.590939e-03	-1.327991e-01	-2.645623e-03
140	5.938598e+03	1.762499e+02	9.095121e+00	8.718868e-03	-2.087981e-03	6.529130e-01	5.084450e-01	4.548781e-01	1.693486e-02	-1.202860e-01	-4.122795e-03
141	1.380612e+05	1.762501e+02	9.114491e+00	3.778656e-02	7.440181e-05	7.036573e-01	5.119057e-01	4.567817e-01	1.132626e-02	-1.310315e-01	-2.690831e-03
142	5.938616e+03	1.787498e+02	9.174622e+00	1.198283e-02	-3.925392e-03	6.382456e-01	5.063372e-01	4.521959e-01	1.400523e-02	-1.180929e-01	-2.285549e-03
143	1.380613e+05	1.787504e+02	9.184488e+00	3.602169e-02	2.060903e-04	6.934424e-01	5.085170e-01	4.539673e-01	1.162397e-02	-1.291463e-01	-2.678177e-03
144	5.938598e+03	1.812500e+02	9.252050e+00	1.364819e-02	-5.054551e-03	6.261942e-01	5.006180e-01	4.487560e-01	1.068299e-02	-1.154504e-01	-7.877773e-04
145	1.380613e+05	1.812493e+02	9.254121e+00	3.356816e-02	1.780636e-04	6.830490e-01	5.040452e-01	4.509555e-01	1.107929e-02	-1.272357e-01	-2.697798e-03
146	5.938598e+03	1.837500e+02	9.326222e+00	1.340468e-02	-5.475782e-03	6.135571e-01	4.947956e-01	4.449780e-01	7.807556e-03	-1.124720e-01	-3.124376e-04
147	1.380612e+05	1.837507e+02	9.322397e+00	3.039332e-02	2.797183e-04	6.738526e-01	4.988534e-01	4.481393e-01	9.511013e-03	-1.253410e-01	-2.637736e-03
148	5.938599e+03	1.862498e+02	9.400278e+00	9.872582e-03	-4.859719e-03	6.046767e-01	4.898205e-01	4.419981e-01	5.225079e-03	-1.098118e-01	-1.397663e-03
149	1.380612e+05	1.862494e+02	9.389382e+00	2.552755e-02	1.824782e-04	6.651965e-01	4.926271e-01	4.454373e-01	6.509505e-03	-1.233515e-01	-2.598008e-03
150	5.938598e+03	1.887499e+02	9.471345e+00	3.991395e-03	-3.597912e-03	6.001184e-01	4.813637e-01	4.395798e-01	1.865597e-03	-1.080764e-01	-2.056832e-03
151	1.380612e+05	1.887508e+02	9.455527e+00	1.950811e-02	1.651254e-04	6.575155e-01	4.861212e-01	4.428686e-01	2.953065e-03	-1.213214e-01	-2.371514e-03
152	5.938599e+03	1.912498e+02	9.543289e+00	2.250370e-04	-1.733635e-03	5.970768e-01	4.721398e-01	4.375989e-01	-5.963660e-04	-1.064539e-01	-1.804344e-03
153	1.380612e+05	1.912488e+02	9.521101e+00	1.537206e-02	6.959955e-05	6.503076e-01	4.795273e-01	4.399491e-01	1.079286e-03	-1.193067e-01	-2.294176e-03
154	5.938598e+03	1.937499e+02	9.612461e+00	-2.475376e-03	-1.757566e-04	5.954813e-01	4.679590e-01	4.356876e-01	3.083091e-05	-1.054678e-01	-2.244466e-03
155	1.380611e+05	1.937506e+02	9.585698e+00	1.110254e-02	1.541944e-05	6.423385e-01	4.744896e-01	4.365838e-01	-3.501591e-05	-1.172906e-01	-2.181173e-03
156	5.938598e+03	1.962499e+02	9.678295e+00	-7.072248e-03	-1.649450e-04	5.946396e-01	4.660284e-01	4.342356e-01	3.600953e-03	-1.047790e-01	-3.508002e-03
157	1.380612e+05	1.962481e+02	9.648726e+00	5.370255e-03	1.754305e-07	6.346606e-01	4.703365e-01	4.331974e-01	1.007131e-05	-1.152168e-01	-2.046922e-03
158	5.938598e+03	1.987498e+02	9.741968e+00	-9.967946e-03	3.579614e-04	5.924042e-01	4.621165e-01	4.321705e-01	6.068702e-03	-1.047216e-01	-5.317546e-03
159	1.380612e+05	1.987498e+02	9.711040e+00	4.531334e-04	-1.186171e-06	6.280045e-01	4.652972e-01	4.299023e-01	8.980976e-04	-1.130754e-01	-1.811080e-03
160	5.938598e+03	2.012499e+02	9.807215e+00	-1.276711e-02	2.641409e-04	5.883789e-01	4.545918e-01	4.296499e-01	6.868556e-03	-1.041067e-01	-6.343395e-03
161	1.380613e+05	2.012501e+02	9.773034e+00	-3.392058e-03	-4.150725e-05	6.221712e-01	4.597790e-01	4.266623e-01	1.507194e-03	-1.109133e-01	-1.660881e-03
162	5.938598e+03	2.037499e+02	9.870107e+00	-1.729914e-02	3.740625e-04	5.835305e-01	4.457488e-01	4.255777e-01	7.040875e-03	-1.033782e-01	-7.054180e-03
163	1.380612e+05	2.037504e+02	9.833768e+00	-7.182988e-03	1.896530e-05	6.177921e-01	4.540560e-01	4.229247e-01	2.319164e-03	-1.087553e-01	-1.481962e-03
164	5.938613e+03	2.062501e+02	9.930056e+00	-2.371323e-02	2.976569e-04	5.789484e-01	4.384070e-01	4.220701e-01	6.392427e-03	-1.025065e-01	-7.559724e-03
165	1.380613e+05	2.062504e+02	9.891006e+00	-1.021674e-02	-4.433961e-05	6.143918e-01	4.481866e-01	4.190468e-01	3.705960e-03	-1.066996e-01	-1.341828e-03
166	5.938597e+03	2.087499e+02	9.987095e+00	-2.773031e-02	8.888640e-04	5.742648e-01	4.317258e-01	4.190592e-01	5.132901e-03	-1.009401e-01	-7.065515e-03
167	1.380613e+05	2.087500e+02	9.946366e+00	-1.241876e-02	-1.904399e-05	6.120971e-01	4.420767e-01	4.152224e-01	4.402079e-03	-1.046880e-01	-1.213708e-03
168	5.938597e+03	2.112499e+02	1.004244e+01	-2.926859e-02	3.946481e-04	5.696350e-01	4.260218e-01	4.168172e-01	3.918915e-03	-9.940454e-02	-6.031803e-03
169	1.380613e+05	2.112502e+02	1.000137e+01	-1.334457e-02	-2.578618e-05	6.099391e-01	4.367778e-01	4.113984e-01	4.236123e-03	-1.027356e-01	-1.090789e-03
170	5.938598e+03	2.137498e+02	1.009549e+01	-3.071236e-02	1.988441e-05	5.652608e-01	4.229909e-01	4.140904e-01	2.801723e-03	-9.789614e-02	-4.613788e-03
171	1.380613e+05	2.137502e+02	1.005557e+01	-1.290761e-02	-2.566641e-06	6.091128e-01	4.317454e-01	4.074128e-01	4.317335e-03	-1.009121e-01	-1.078857e-03
172	5.938598e+03	2.162499e+02	1.015082e+01	-3.093049e-02	1.771955e-04	5.622928e-01	4.206047e-01	4.107867e-01	1.927785e-03	-9.659337e-02	-3.032734e-03
173	1.380613e+05	2.162501e+02	1.010860e+01	-1.224335e-02	-5.987441e-06	6.077827e-01	4.274022e-01	4.031799e-01	4.701323e-03	-9.909652e-02	-9.506239e-04
174	5.938598e+03	2.187500e+02	1.020578e+01	-3.091627e-02	-1.152777e-04	5.602590e-01	4.185569e-01	4.075429e-01	2.223805e-03	-9.503918e-02	-1.680004e-03
175	1.380614e+05	2.187506e+02	1.016235e+01	-1.241019e-02	9.282842e-06	6.055721e-01	4.236723e-01	3.989358e-01	4.854944e-03	-9.731051e-02	-8.548412e-04
176	5.938597e+03	2.212500e+02	1.026198e+01	-3.149947e-02	-9.478032e-04	5.585614e-01	4.160614e-01	4.036027e-01	2.799881e-03	-9.326283e-02	-3.788357e-04
177	1.380615e+05	2.212498e+02	1.021509e+01	-1.271309e-02	4.027507e-05	6.035222e-01	4.198324e-01	3.949397e-01	4.103469e-03	-9.544662e-02	-6.543007e-04
178	5.938597e+03	2.237499e+02	1.031149e+01	-3.110504e-02	-1.696051e-03	5.548440e-01	4.118870e-01	3.992592e-01	2.721990e-03	-9.158477e-02	4.832935e-04
179	1.380615e+05	2.237498e+02	1.026576e+01	-1.270730e-02	7.136272e-05	6.001251e-01	4.162907e-01	3.913193e-01	3.607235e-03	-9.371361e-02	-5.025722e-04
180	5.938596e+03	2.262499e+02	1.035786e+01	-2.956552e-02	-2.506810e-03	5.518086e-01	4.073796e-01	3.949525e-01	1.430786e-03	-8.984561e-02	8.652580e-04
181	1.380612e+05	2.262505e+02	1.031455e+01	-1.186464e-02	1.144406e-04	5.967234e-01	4.130719e-01	3.878215e-01	3.207114e-03	-9.195325e-02	-2.135310e-04
182	5.938595e+03	2.287500e+02	1.040434e+01	-2.725948e-02	-2.127275e-03	5.463686e-01	4.021405e-01	3.907447e-01	-5.433424e-04	-8.809805e-02	1.104868e-03
183	1.380613e+05	2.287500e+02	1.036257e+01	-1.012920e-02	7.708074e-05	5.939824e-01	4.086702e-01	3.844443e-01	3.535887e-03	-9.025405e-02	-1.155677e-04
184	5.938595e+03	2.312502e+02	1.045013e+01	-2.409957e-02	-1.604839e-03	5.391763e-01	3.987616e-01	3.864177e-01	-1.725846e-03	-8.583717e-02	1.277543e-03
185	1.380612e+05	2.312502e+02	1.041054e+01	-7.940881e-03	7.595209e-05	5.915300e-01	4.042972e-01	3.809743e-01	4.119253e-03	-8.867848e-02	6.986803e-05
186	5.938615e+03	2.337499e+02	1.049479e+01	-1.935727e-02	-8.269148e-04	5.351278e-01	3.961703e-01	3.819712e-01	-2.129195e-03	-8.425695e-02	1.395180e-03
187	1.380612e+05	2.337496e+02	1.045781e+01	-4.373869e-03	4.529519e-05	5.898045e-01	4.000654e-01	3.773917e-01	3.952343e-03	-8.713985e-02	1.630776e-04
188	5.938595e+03	2.362501e+02	1.053601e+01	-1.300452e-02	7.060113e-04	5.333415e-01	3.923774e-01	3.779182e-01	-2.316265e-03	-8.283570e-02	1.400732e-03
189	1.380612e+05	2.362506e+02	1.050525e+01	6.810644e-04	-2.695974e-05	5.894192e-01	3.952353e-01	3.737945e-01	4.171840e-03	-8.555427e-02	2.699936e-04
190	5.938596e+03	2.387498e+02	1.057715e+01	-4.773634e-03	2.902657e-03	5.314314e-01	3.863905e-01	3.740327e-01	-1.937613e-03	-8.094921e-02	1.502803e-03
191	1.380613e+05	2.387493e+02	1.055151e+01	6.116964e-03	-1.229369e-04	5.907325e-01	3.890045e-01	3.701607e-01	5.121806e-03	-8.410779e-02	3.086321e-04
192	5.938595e+03	2.412500e+02	1.062384e+01	3.877420e-03	4.600344e-03	5.300499e-01	3.809011e-01	3.700485e-01	-1.049866e-03	-7.907075e-02	9.945569e-04
193	1.380613e+05	2.412507e+02	1.059636e+01	1.166104e-02	-2.030089e-04	5.930574e-01	3.824224e-01	3.663802e-01	5.812797e-03	-8.261829e-02	3.584097e-04
194	5.938594e+03	2.437500e+02	1.066858e+01	1.216627e-02	5.215239e-03	5.296326e-01	3.760002e-01	3.657828e-01	1.472798e-03	-7.715198e-02	-1.826618e-04
195	1.380613e+05	2.437507e+02	1.064002e+01	1.674011e-02	-2.197156e-04	5.955196e-01	3.779975e-01	3.627070e-01	7.253157e-03	-8.121720e-02	4.856722e-04
196	5.938596e+03	2.462500e+02	1.071155e+01	1.859210e-02	4.718778e-03	5.305966e-01	3.723543e-01	3.620017e-01	4.747822e-03	-7.528548e-02	-1.384292e-03
197	1.380612e+05	2.462502e+02	1.068279e+01	2.208726e-02	-2.026244e-04	5.983019e-01	3.746080e-01	3.593063e-01	9.151706e-03	-7.980610e-02	6.639618e-04
198	5.938597e+03	2.487500e+02	1.075552e+01	2.346653e-02	3.244442e-03	5.306877e-01	3.683192e-01	3.588419e-01	6.856746e-03	-7.344721e-02	-2.259927e-03
199	1.380613e+05	2.487505e+02	1.072451e+01	2.590943e-02	-1.467125e-04	6.014203e-01	3.709401e-01	3.563734e-01	1.078295e-02	-7.852715e-02	7.866865e-04
200	5.938596e+03	2.512498e+02	1.079935e+01	2.741915e-02	1.157465e-03	5.314595e-01	3.647413e-01	3.556652e-01	6.703666e-03	-7.210927e-02	-2.585310e-03
201	1.380613e+05	2.512499e+02	1.076650e+01	2.829179e-02	-4.651385e-05	6.056894e-01	3.681994e-01	3.534848e-01	1.186661e-02	-7.725523e-02	8.436696e-04
202	5.938597e+03	2.537499e+02	1.084362e+01	2.972970e-02	-8.230587e-04	5.337311e-01	3.625840e-01	3.531474e-01	5.510794e-03	-7.034903e-02	-2.294364e-03
203	1.380613e+05	2.537511e+02	1.080866e+01	2.953237e-02	4.231906e-05	6.103270e-01	3.668040e-01	3.504495e-01	1.184894e-02	-7.612468e-02	8.731058e-04
204	5.938612e+03	2.562502e+02	1.089015e+01	2.983558e-02	-2.320035e-03	5.372945e-01	3.609145e-01	3.505991e-01	5.516993e-03	-6.847289e-02	-1.170539e-03
205	1.380611e+05	2.562503e+02	1.085130e+01	2.970870e-02	8.988340e-05	6.151288e-01	3.650789e-01	3.471660e-01	1.138730e-02	-7.498714e-02	7.774457e-04
206	5.938595e+03	2.587500e+02	1.093534e+01	2.923186e-02	-4.480504e-03	5.390205e-01	3.591926e-01	3.488288e-01	4.303957e-03	-6.657582e-02	4.216401e-04
207	1.380612e+05	2.587502e+02	1.089432e+01	2.896496e-02	2.036872e-04	6.202204e-01	3.621020e-01	3.440410e-01	1.130706e-02	-7.387892e-02	7.268544e-04
208	5.938596e+03	2.612500e+02	1.098238e+01	2.946489e-02	-7.301835e-03	5.423598e-01	3.570879e-01	3.469943e-01	2.873019e-03	-6.488594e-02	1.873001e-03
209	1.380611e+05	2.612510e+02	1.093657e+01	2.831812e-02	3.011939e-04	6.259811e-01	3.587057e-01	3.412796e-01	1.110923e-02	-7.272395e-02	6.716824e-04
210	5.938595e+03	2.637499e+02	1.102815e+01	3.127654e-02	-1.015820e-02	5.497156e-01	3.544860e-01	3.456146e-01	7.664129e-04	-6.335055e-02	3.458767e-03
211	1.380611e+05	2.637500e+02	1.097767e+01	2.670281e-02	4.540265e-04	6.320503e-01	3.545623e-01	3.390755e-01	1.025237e-02	-7.159600e-02	6.072266e-04
212	5.938596e+03	2.662500e+02	1.107270e+01	3.208901e-02	-1.262120e-02	5.568201e-01	3.531744e-01	3.445374e-01	-9.717261e-04	-6.251636e-02	4.141368e-03
213	1.380614e+05	2.662498e+02	1.101823e+01	2.493814e-02	5.297964e-04	6.370859e-01	3.503072e-01	3.369782e-01	9.300824e-03	-7.040521e-02	5.814735e-04
214	5.938595e+03	2.687500e+02	1.111950e+01	2.978199e-02	-1.493578e-02	5.604061e-01	3.540907e-01	3.435206e-01	-1.644325e-03	-6.148258e-02	4.001313e-03
215	1.380615e+05	2.687503e+02	1.105804e+01	2.369839e-02	6.586010e-04	6.415146e-01	3.469794e-01	3.346261e-01	9.166303e-03	-6.924027e-02	5.841458e-04
216	5.938595e+03	2.712501e+02	1.116941e+01	2.781058e-02	-1.755914e-02	5.618576e-01	3.556783e-01	3.413777e-01	-2.182544e-03	-5.982419e-02	4.301156e-03
217	1.380613e+05	2.712495e+02	1.109754e+01	2.196333e-02	7.434497e-04	6.453397e-01	3.445730e-01	3.315995e-01	9.815905e-03	-6.801162e-02	5.780993e-04
218	5.938596e+03	2.737500e+02	1.121754e+01	2.657879e-02	-2.075035e-02	5.653211e-01	3.556805e-01	3.379599e-01	-2.434479e-03	-5.786503e-02	4.839020e-03
219	1.380615e+05	2.737493e+02	1.113664e+01	1.947102e-02	9.036809e-04	6.494510e-01	3.429075e-01	3.282283e-01	1.023103e-02	-6.676767e-02	5.789162e-04
220	5.938596e+03	2.762501e+02	1.126314e+01	2.578457e-02	-2.291078e-02	5.680346e-01	3.534693e-01	3.345971e-01	-2.387387e-03	-5.570074e-02	4.872736e-03
221	1.380616e+05	2.762496e+02	1.117606e+01	1.665709e-02	9.697621e-04	6.542060e-01	3.404472e-01	3.250658e-01	1.002403e-02	-6.550924e-02	6.531848e-04
222	5.938596e+03	2.787499e+02	1.130519e+01	2.312889e-02	-2.463382e-02	5.698258e-01	3.512500e-01	3.305033e-01	-2.560513e-03	-5.335988e-02	4.771749e-03
223	1.380616e+05	2.787505e+02	1.121538e+01	1.406278e-02	1.079576e-03	6.584885e-01	3.373751e-01	3.219304e-01	9.458415e-03	-6.421395e-02	7.067097e-04
224	5.938596e+03	2.812499e+02	1.134381e+01	1.991105e-02	-2.558376e-02	5.707459e-01	3.454921e-01	3.258672e-01	-2.585301e-03	-5.105663e-02	4.494071e-03
225	1.380616e+05	2.812490e+02	1.125378e+01	1.222095e-02	1.072087e-03	6.632755e-01	3.334763e-01	3.188997e-01	8.368591e-03	-6.289865e-02	7.311925e-04
226	5.938597e+03	2.837501e+02	1.138331e+01	1.912829e-02	-2.668518e-02	5.728884e-01	3.368748e-01	3.209696e-01	-3.575802e-03	-4.879431e-02	3.665263e-03
227	1.380617e+05	2.837499e+02	1.129123e+01	1.116960e-02	1.174680e-03	6.684725e-01	3.290245e-01	3.157002e-01	6.465991e-03	-6.157470e-02	8.069515e-04
228	5.938597e+03	2.862499e+02	1.142560e+01	2.004555e-02	-2.840340e-02	5.742153e-01	3.288476e-01	3.167950e-01	-4.866406e-03	-4.628583e-02	3.018287e-03
229	1.380617e+05	2.862486e+02	1.132797e+01	9.621991e-03	1.206076e-03	6.734071e-01	3.247764e-01	3.123356e-01	4.396223e-03	-6.028758e-02	8.142143e-04
230	5.938596e+03	2.887500e+02	1.146893e+01	2.118881e-02	-2.917045e-02	5.761175e-01	3.229171e-01	3.134525e-01	-5.972815e-03	-4.380525e-02	2.685778e-03
231	1.380616e+05	2.887515e+02	1.136358e+01	7.732965e-03	1.272390e-03	6.778445e-01	3.207372e-01	3.090737e-01	2.965101e-03	-5.900438e-02	8.393231e-04
232	5.938596e+03	2.912500e+02	1.151153e+01	2.213200e-02	-2.873432e-02	5.801477e-01	3.200108e-01	3.101965e-01	-6.920766e-03	-4.167390e-02	2.841311e-03
233	1.380615e+05	2.912487e+02	1.139852e+01	4.793890e-03	1.223745e-03	6.820512e-01	3.178456e-01	3.056567e-01	2.076073e-03	-5.770389e-02	8.500190e-04
234	5.938596e+03	2.937500e+02	1.155204e+01	2.463706e-02	-2.831608e-02	5.867160e-01	3.184628e-01	3.067948e-01	-8.679777e-03	-4.024432e-02	3.461850e-03
235	1.380615e+05	2.937512e+02	1.143439e+01	2.216922e-03	1.238092e-03	6.871830e-01	3.156706e-01	3.023724e-01	5.015340e-04	-5.640431e-02	8.869620e-04
236	5.938597e+03	2.962499e+02	1.159435e+01	2.564938e-02	-2.779460e-02	5.922785e-01	3.173917e-01	3.035469e-01	-1.064791e-02	-3.936020e-02	4.090951e-03
237	1.380615e+05	2.962486e+02	1.147155e+01	6.246295e-05	1.172390e-03	6.928742e-01	3.131517e-01	2.995900e-01	-9.106222e-04	-5.515122e-02	9.126077e-04
238	5.938596e+03	2.987500e+02	1.163444e+01	2.497558e-02	-2.778114e-02	5.986460e-01	3.162543e-01	3.002541e-01	-1.239136e-02	-3.868658e-02	4.235009e-03
239	1.380614e+05	2.987498e+02	1.150814e+01	-1.488022e-03	1.210579e-03	6.996308e-01	3.112155e-01	2.971460e-01	-2.264064e-03	-5.386373e-02	9.585313e-04
240	5.938597e+03	3.012499e+02	1.167353e+01	2.413972e-02	-2.817970e-02	6.063713e-01	3.130131e-01	2.965595e-01	-1.355871e-02	-3.776634e-02	4.295704e-03
241	1.380614e+05	3.012496e+02	1.154385e+01	-2.178055e-03	1.192348e-03	7.072758e-01	3.089929e-01	2.949483e-01	-2.966329e-03	-5.271519e-02	9.802560e-04
242	5.938636e+03	3.037499e+02	1.171507e+01	2.603996e-02	-2.842759e-02	6.158891e-01	3.072768e-01	2.924545e-01	-1.230308e-02	-3.678658e-02	4.340356e-03
243	1.380614e+05	3.037499e+02	1.157836e+01	-1.637906e-03	1.238888e-03	7.133927e-01	3.056924e-01	2.926278e-01	-2.369940e-03	-5.154445e-02	1.018873e-03
244	5.938598e+03	3.062500e+02	1.175630e+01	2.832763e-02	-2.868458e-02	6.233211e-01	2.998833e-01	2.880147e-01	-9.912260e-03	-3.635204e-02	4.778850e-03
245	1.380615e+05	3.062504e+02	1.161238e+01	-1.015695e-03	1.224636e-03	7.185756e-01	3.012382e-01	2.901390e-01	-2.167242e-03	-5.045014e-02	1.022910e-03
246	5.938598e+03	3.087499e+02	1.179598e+01	2.674175e-02	-2.877422e-02	6.254233e-01	2.940047e-01	2.840536e-01	-8.347228e-03	-3.655004e-02	5.078790e-03
247	1.380615e+05	3.087487e+02	1.164628e+01	-1.327914e-03	1.251700e-03	7.224618e-01	2.979148e-01	2.873547e-01	-1.578566e-03	-4.944870e-02	1.012812e-03
248	5.938598e+03	3.112500e+02	1.183481e+01	2.244166e-02	-2.921218e-02	6.248805e-01	2.919069e-01	2.804534e-01	-6.254673e-03	-3.612393e-02	4.958184e-03
249	1.380615e+05	3.112509e+02	1.168221e+01	-2.234438e-03	1.246934e-03	7.251289e-01	2.959892e-01	2.843893e-01	-2.091138e-05	-4.847391e-02	9.783987e-04
250	5.938598e+03	3.137498e+02	1.187499e+01	1.872003e-02	-2.999444e-02	6.256865e-01	2.913465e-01	2.777463e-01	-3.559153e-03	-3.565254e-02	5.057957e-03
251	1.380616e+05	3.137498e+02	1.171926e+01	-3.097861e-03	1.299597e-03	7.275180e-01	2.939885e-01	2.817205e-01	2.034985e-03	-4.754341e-02	8.738592e-04
252	5.938598e+03	3.162498e+02	1.191324e+01	1.719659e-02	-3.114298e-02	6.283511e-01	2.918309e-01	2.751844e-01	2.519270e-04	-3.473916e-02	5.476044e-03
253	1.380616e+05	3.162498e+02	1.175505e+01	-3.409842e-03	1.329517e-03	7.290565e-01	2.923208e-01	2.792454e-01	3.969058e-03	-4.658392e-02	7.413009e-04
254	5.938597e+03	3.187498e+02	1.194793e+01	1.511934e-02	-3.224804e-02	6.297361e-01	2.927487e-01	2.728603e-01	4.677205e-03	-3.337050e-02	5.505850e-03
255	1.380616e+05	3.187497e+02	1.178996e+01	-3.985795e-03	1.393325e-03	7.310519e-01	2.918488e-01	2.771429e-01	5.675633e-03	-4.573493e-02	5.753146e-04
256	5.938598e+03	3.212499e+02	1.198063e+01	1.251418e-02	-3.304522e-02	6.285332e-01	2.939553e-01	2.704310e-01	7.578843e-03	-3.151488e-02	5.503916e-03
257	1.380615e+05	3.212493e+02	1.182492e+01	-5.585057e-03	1.409747e-03	7.333561e-01	2.926265e-01	2.751851e-01	7.102635e-03	-4.497352e-02	5.235961e-04
258	5.938598e+03	3.237499e+02	1.201499e+01	1.050905e-02	-3.333644e-02	6.301913e-01	2.958195e-01	2.680228e-01	8.040106e-03	-2.977418e-02	5.518229e-03
259	1.380615e+05	3.237493e+02	1.186015e+01	-6.514580e-03	1.452079e-03	7.350659e-01	2.945456e-01	2.730929e-01	8.513680e-03	-4.430451e-02	5.530219e-04
260	5.938598e+03	3.262500e+02	1.204984e+01	9.220704e-03	-3.357553e-02	6.316559e-01	2.962504e-01	2.653041e-01	8.707432e-03	-2.840541e-02	5.471026e-03
261	1.380616e+05	3.262504e+02	1.189641e+01	-6.769822e-03	1.423911e-03	7.366628e-01	2.960469e-01	2.707448e-01	1.035407e-02	-4.364658e-02	5.945310e-04
262	5.938597e+03	3.287499e+02	1.208415e+01	7.268674e-03	-3.288668e-02	6.309424e-01	2.947419e-01	2.629026e-01	1.110608e-02	-2.696238e-02	4.918920e-03
263	1.380616e+05	3.287492e+02	1.193347e+01	-7.335613e-03	1.436719e-03	7.363053e-01	2.956594e-01	2.684917e-01	1.147389e-02	-4.312412e-02	6.621998e-04
264	5.938596e+03	3.312500e+02	1.211740e+01	5.124385e-03	-3.216545e-02	6.277183e-01	2.933554e-01	2.614886e-01	1.301353e-02	-2.575164e-02	4.189658e-03
265	1.380616e+05	3.312495e+02	1.197063e+01	-8.935649e-03	1.356529e-03	7.344660e-01	2.947233e-01	2.667859e-01	1.138324e-02	-4.260517e-02	6.821154e-04
266	5.938597e+03	3.337500e+02	1.215063e+01	2.903915e-03	-3.112221e-02	6.251569e-01	2.906830e-01	2.603446e-01	1.408814e-02	-2.505706e-02	3.492168e-03
267	1.380616e+05	3.337473e+02	1.200759e+01	-1.037460e-02	1.371133e-03	7.326180e-01	2.932032e-01	2.654383e-01	1.075524e-02	-4.214454e-02	6.501338e-04
268	5.938596e+03	3.362500e+02	1.218137e+01	4.024696e-04	-2.893768e-02	6.241861e-01	2.876253e-01	2.590051e-01	1.474562e-02	-2.524584e-02	2.623249e-03
269	1.380616e+05	3.362498e+02	1.204413e+01	-1.242587e-02	1.223956e-03	7.311441e-01	2.913829e-01	2.643738e-01	9.840975e-03	-4.163720e-02	6.347235e-04
270	5.938597e+03	3.387500e+02	1.221227e+01	-2.905684e-03	-2.588391e-02	6.226040e-01	2.842316e-01	2.577290e-01	1.515548e-02	-2.521962e-02	1.855721e-03
271	1.380615e+05	3.387489e+02	1.207944e+01	-1.508105e-02	1.138714e-03	7.296256e-01	2.893368e-01	2.634838e-01	8.705160e-03	-4.124331e-02	6.573857e-04
272	5.938596e+03	3.412500e+02	1.224178e+01	-6.843547e-03	-2.278946e-02	6.193631e-01	2.815783e-01	2.564648e-01	1.449457e-02	-2.528238e-02	1.437680e-03
273	1.380615e+05	3.412494e+02	1.211384e+01	-1.769258e-02	9.617829e-04	7.267137e-01	2.871673e-01	2.626179e-01	6.470299e-03	-4.082279e-02	6.726434e-04
274	5.938596e+03	3.437501e+02	1.227016e+01	-9.259959e-03	-2.031459e-02	6.164747e-01	2.803559e-01	2.549234e-01	1.354150e-02	-2.470087e-02	1.325010e-03
275	1.380615e+05	3.437505e+02	1.214828e+01	-1.924817e-02	8.869676e-04	7.235062e-01	2.861879e-01	2.615565e-01	3.762512e-03	-4.051880e-02	7.176443e-04
276	5.938596e+03	3.462500e+02	1.229895e+01	-1.053739e-02	-1.835877e-02	6.135883e-01	2.797681e-01	2.532468e-01	1.244817e-02	-2.389988e-02	1.557894e-03
277	1.380616e+05	3.462491e+02	1.218174e+01	-2.037093e-02	7.772185e-04	7.195415e-01	2.860954e-01	2.604254e-01	1.257370e-03	-4.018268e-02	7.271096e-04
278	5.938596e+03	3.487500e+02	1.232619e+01	-1.344375e-02	-1.621651e-02	6.108924e-01	2.790524e-01	2.516589e-01	9.627881e-03	-2.380221e-02	1.729684e-03
279	1.380616e+05	3.487495e+02	1.221458e+01	-2.178876e-02	7.164143e-04	7.152457e-01	2.858869e-01	2.590623e-01	-1.254824e-03	-3.994463e-02	7.465899e-04
280	5.938596e+03	3.512502e+02	1.235229e+01	-1.765209e-02	-1.364841e-02	6.069489e-01	2.788052e-01	2.499834e-01	7.755131e-03	-2.438596e-02	1.755159e-03
281	1.380616e+05	3.512490e+02	1.224728e+01	-2.349960e-02	5.684235e-04	7.104619e-01	2.851580e-01	2.575265e-01	-3.455152e-03	-3.959956e-02	7.512358e-04
282	5.938597e+03	3.537498e+02	1.237700e+01	-2.314024e-02	-1.231322e-02	6.030244e-01	2.784270e-01	2.475714e-01	6.569101e-03	-2.503547e-02	1.410339e-03
283	1.380616e+05	3.537517e+02	1.227892e+01	-2.528864e-02	5.499060e-04	7.062942e-01	2.846305e-01	2.557275e-01	-5.585832e-03	-3.937817e-02	7.582493e-04
284	5.938596e+03	3.562502e+02	1.240246e+01	-2.813654e-02	-1.151252e-02	5.995299e-01	2.770905e-01	2.443544e-01	5.529854e-03	-2.504784e-02	9.989496e-04
285	1.380617e+05	3.562477e+02	1.231006e+01	-2.706715e-02	4.746502e-04	7.023720e-01	2.841856e-01	2.536293e-01	-7.323762e-03	-3.909088e-02	7.996235e-04
286	5.938630e+03	3.587501e+02	1.242890e+01	-3.278974e-02	-1.133579e-02	5.955793e-01	2.729020e-01	2.407926e-01	4.200585e-03	-2.484382e-02	2.909742e-04
287	1.380618e+05	3.587507e+02	1.234176e+01	-2.919775e-02	5.070618e-04	6.976339e-01	2.813978e-01	2.514909e-01	-7.876323e-03	-3.889363e-02	8.684510e-04
288	5.938596e+03	3.612500e+02	1.245523e+01	-3.428899e-02	-1.072644e-02	5.901815e-01	2.690316e-01	2.379145e-01	1.984454e-03	-2.424822e-02	-7.643663e-05
289	1.380618e+05	3.612485e+02	1.237343e+01	-2.961540e-02	4.420614e-04	6.929748e-01	2.775549e-01	2.495543e-01	-8.386322e-03	-3.861400e-02	1.000625e-03
290	5.938596e+03	3.637501e+02	1.248196e+01	-3.203538e-02	-9.652480e-03	5.858428e-01	2.655345e-01	2.359252e-01	5.264959e-04	-2.345079e-02	2.982211e-05
291	1.380619e+05	3.637502e+02	1.240480e+01	-2.880884e-02	4.389063e-04	6.881238e-01	2.734551e-01	2.479094e-01	-8.450752e-03	-3.835596e-02	1.076421e-03
292	5.938597e+03	3.662501e+02	1.250969e+01	-2.799490e-02	-8.391892e-03	5.814849e-01	2.626727e-01	2.346498e-01	-7.699423e-05	-2.260193e-02	4.459577e-04
293	1.380619e+05	3.662477e+02	1.243721e+01	-2.680494e-02	3.419726e-04	6.834760e-01	2.691712e-01	2.465237e-01	-7.291692e-03	-3.797225e-02	1.080082e-03
294	5.938597e+03	3.687500e+02	1.253692e+01	-2.455635e-02	-7.555324e-03	5.768181e-01	2.589169e-01	2.341709e-01	-1.950853e-04	-2.270876e-02	9.675564e-04
295	1.380619e+05	3.687485e+02	1.246977e+01	-2.432385e-02	3.448902e-04	6.781751e-01	2.650407e-01	2.455456e-01	-5.594576e-03	-3.752024e-02	9.638316e-04
296	5.938597e+03	3.712499e+02	1.256770e+01	-2.230536e-02	-7.650282e-03	5.711400e-01	2.555186e-01	2.342147e-01	1.649238e-05	-2.305418e-02	1.108529e-03
297	1.380620e+05	3.712472e+02	1.250251e+01	-2.199430e-02	3.133298e-04	6.728048e-01	2.609562e-01	2.446260e-01	-3.916286e-03	-3.696471e-02	8.188576e-04
298	5.938597e+03	3.737501e+02	1.259873e+01	-2.029028e-02	-8.487673e-03	5.674848e-01	2.530978e-01	2.338914e-01	9.584802e-04	-2.351574e-02	9.144138e-04
299	1.380620e+05	3.737493e+02	1.253550e+01	-2.048897e-02	3.783139e-04	6.660659e-01	2.572732e-01	2.438075e-01	-2.377275e-03	-3.645457e-02	6.729264e-04
300	5.938597e+03	3.762500e+02	1.262818e+01	-2.002817e-02	-8.892553e-03	5.661266e-01	2.506174e-01	2.331662e-01	3.051283e-03	-2.406157e-02	4.241205e-04
301	1.380619e+05	3.762487e+02	1.256786e+01	-1.962979e-02	3.713614e-04	6.588423e-01	2.543655e-01	2.428132e-01	-1.220856e-03	-3.591226e-02	5.341906e-04
302	5.938596e+03	3.787499e+02	1.265496e+01	-2.161870e-02	-9.017560e-03	5.652381e-01	2.469940e-01	2.317699e-01	3.574605e-03	-2.463468e-02	-1.982557e-04
303	1.380620e+05	3.787481e+02	1.259947e+01	-2.004651e-02	3.972556e-04	6.515893e-01	2.517597e-01	2.416321e-01	-3.319551e-04	-3.533993e-02	4.128636e-04
304	5.938597e+03	3.812501e+02	1.268320e+01	-2.252864e-02	-8.842691e-03	5.623290e-01	2.439184e-01	2.300740e-01	3.401257e-03	-2.540441e-02	-8.415323e-04
305	1.380619e+05	3.812486e+02	1.263147e+01	-2.073291e-02	3.737636e-04	6.446052e-01	2.501230e-01	2.398268e-01	2.726080e-04	-3.480838e-02	3.040182e-04
306	5.938597e+03	3.837501e+02	1.271072e+01	-2.434974e-02	-9.222407e-03	5.597880e-01	2.424977e-01	2.290217e-01	2.813437e-03	-2.633124e-02	-1.565845e-03
307	1.380619e+05	3.837478e+02	1.266304e+01	-2.105330e-02	4.031020e-04	6.385853e-01	2.493400e-01	2.379437e-01	3.253303e-04	-3.422959e-02	2.533463e-04
308	5.938596e+03	3.862502e+02	1.273602e+01	-2.812603e-02	-9.230439e-03	5.587291e-01	2.432036e-01	2.289039e-01	1.400110e-03	-2.749006e-02	-2.324431e-03
309	1.380618e+05	3.862494e+02	1.269436e+01	-2.119881e-02	3.928255e-04	6.325738e-01	2.483116e-01	2.358682e-01	-1.900872e-04	-3.359884e-02	1.959017e-04
310	5.938597e+03	3.887501e+02	1.276154e+01	-3.161711e-02	-9.425260e-03	5.587117e-01	2.413757e-01	2.286982e-01	5.321730e-04	-2.841126e-02	-2.753570e-03
311	1.380618e+05	3.887480e+02	1.272509e+01	-2.057941e-02	4.115857e-04	6.278102e-01	2.457698e-01	2.336635e-01	-3.745211e-04	-3.291393e-02	1.520280e-04
312	5.938599e+03	3.912498e+02	1.278578e+01	-3.473504e-02	-9.869207e-03	5.577170e-01	2.377328e-01	2.283061e-01	1.115332e-03	-2.911617e-02	-2.737504e-03
313	1.380617e+05	3.912499e+02	1.275521e+01	-1.951980e-02	4.178921e-04	6.226027e-01	2.421032e-01	2.313986e-01	9.968643e-04	-3.227518e-02	6.412235e-05
314	5.938599e+03	3.937499e+02	1.281196e+01	-3.758668e-02	-1.008538e-02	5.568056e-01	2.339467e-01	2.274759e-01	2.241087e-03	-2.934391e-02	-2.052798e-03
315	1.380617e+05	3.937482e+02	1.278510e+01	-1.903410e-02	4.394445e-04	6.169471e-01	2.383610e-01	2.293731e-01	2.658237e-03	-3.153217e-02	7.623361e-07
316	5.938599e+03	3.962500e+02	1.283931e+01	-3.854756e-02	-9.642685e-03	5.558953e-01	2.316248e-01	2.261875e-01	3.971738e-03	-2.964353e-02	-1.194259e-03
317	1.380616e+05	3.962497e+02	1.281405e+01	-1.876584e-02	4.045686e-04	6.122626e-01	2.348417e-01	2.272466e-01	3.994180e-03	-3.082920e-02	-1.320521e-04
318	5.938599e+03	3.987497e+02	1.286593e+01	-3.726740e-02	-9.919972e-03	5.533722e-01	2.292998e-01	2.244896e-01	6.376375e-03	-2.988758e-02	-7.500537e-04
319	1.380618e+05	3.987491e+02	1.284161e+01	-1.881180e-02	4.471318e-04	6.080247e-01	2.307559e-01	2.249886e-01	5.240868e-03	-3.006581e-02	-2.123593e-04
320	5.938599e+03	4.012500e+02	1.289066e+01	-3.638448e-02	-1.044554e-02	5.522947e-01	2.284600e-01	2.227967e-01	7.670249e-03	-3.014485e-02	-4.770393e-04
321	1.380618e+05	4.012502e+02	1.286914e+01	-1.832202e-02	4.326417e-04	6.043863e-01	2.276081e-01	2.224784e-01	6.088615e-03	-2.934203e-02	-3.356520e-04
322	5.938599e+03	4.037497e+02	1.291603e+01	-3.571245e-02	-1.150558e-02	5.508887e-01	2.267343e-01	2.205131e-01	7.864530e-03	-2.947456e-02	-3.721515e-04
323	1.380617e+05	4.037466e+02	1.289664e+01	-1.819539e-02	5.223953e-04	6.021566e-01	2.249587e-01	2.197762e-01	7.071644e-03	-2.863152e-02	-3.920633e-04
324	5.938599e+03	4.062499e+02	1.294300e+01	-3.493574e-02	-1.243640e-02	5.492113e-01	2.243235e-01	2.175182e-01	7.781973e-03	-2.832373e-02	-3.541887e-04
325	1.380617e+05	4.062495e+02	1.292308e+01	-1.849520e-02	5.020231e-04	6.008828e-01	2.216845e-01	2.170291e-01	7.902886e-03	-2.797835e-02	-4.276857e-04
326	5.938599e+03	4.087497e+02	1.297084e+01	-3.360816e-02	-1.287503e-02	5.480939e-01	2.209771e-01	2.137918e-01	7.500415e-03	-2.696775e-02	-4.888061e-04
327	1.380615e+05	4.087506e+02	1.294779e+01	-1.893648e-02	5.921875e-04	5.997680e-01	2.181745e-01	2.142976e-01	8.500305e-03	-2.727736e-02	-4.222615e-04
328	5.938598e+03	4.112499e+02	1.299456e+01	-3.259169e-02	-1.244896e-02	5.471345e-01	2.170004e-01	2.098898e-01	7.830896e-03	-2.587397e-02	-5.298638e-04
329	1.380611e+05	4.112512e+02	1.297099e+01	-1.939098e-02	4.946113e-04	5.985867e-01	2.147713e-01	2.116940e-01	8.961183e-03	-2.665078e-02	-4.207338e-04
330	5.938636e+03	4.137499e+02	1.301619e+01	-3.192599e-02	-1.174352e-02	5.460166e-01	2.122603e-01	2.061526e-01	9.150199e-03	-2.459270e-02	-5.062161e-04
331	1.380612e+05	4.137485e+02	1.299363e+01	-1.969459e-02	5.412222e-04	5.974768e-01	2.114167e-01	2.091263e-01	9.519303e-03	-2.594519e-02	-4.456782e-04
332	2.390483e+03	4.162499e+02	1.303563e+01	-2.953053e-02	-9.623022e-03	5.524539e-01	2.097630e-01	2.041133e-01	1.108488e-02	-2.399822e-02	-2.128897e-04
333	1.416096e+05	4.162499e+02	1.301696e+01	-1.995843e-02	1.303569e-04	5.943139e-01	2.090989e-01	2.063850e-01	9.969683e-03	-2.521881e-02	-4.421483e-04
334	2.343621e+03	4.187498e+02	1.305989e+01	-2.951024e-02	-8.466552e-03	5.477039e-01	2.078180e-01	2.010747e-01	1.289572e-02	-2.238908e-02	-1.588852e-04
335	1.416565e+05	4.187504e+02	1.303928e+01	-1.993327e-02	1.782886e-04	5.917467e-01	2.073336e-01	2.036713e-01	9.985426e-03	-2.449649e-02	-4.316633e-04
336	2.359240e+03	4.212498e+02	1.308403e+01	-2.810408e-02	-7.489422e-03	5.449978e-01	2.058203e-01	1.978248e-01	1.335567e-02	-2.148189e-02	-2.652886e-04
337	1.416409e+05	4.212511e+02	1.306146e+01	-1.966854e-02	8.542303e-05	5.884797e-01	2.048787e-01	2.006918e-01	9.269974e-03	-2.382392e-02	-4.066851e-04
338	2.359240e+03	4.237499e+02	1.310708e+01	-2.710336e-02	-7.131596e-03	5.425915e-01	2.014522e-01	1.941466e-01	1.288311e-02	-2.049499e-02	-4.417121e-04
339	1.416406e+05	4.237499e+02	1.308320e+01	-1.987836e-02	1.591387e-04	5.864492e-01	2.008645e-01	1.975078e-01	8.675584e-03	-2.312727e-02	-4.060664e-04
340	2.374863e+03	4.262498e+02	1.312840e+01	-2.629163e-02	-6.772373e-03	5.418162e-01	1.958868e-01	1.904431e-01	1.158920e-02	-1.960530e-02	-4.493287e-04
341	1.416253e+05	4.262498e+02	1.310490e+01	-2.065617e-02	6.542997e-05	5.857691e-01	1.960396e-01	1.942281e-01	8.257750e-03	-2.246649e-02	-4.135337e-04
342	2.359240e+03	4.287500e+02	1.314752e+01	-2.555902e-02	-5.528552e-03	5.398598e-01	1.893593e-01	1.870890e-01	1.023624e-02	-1.901341e-02	-4.316914e-04
343	1.416408e+05	4.287498e+02	1.312661e+01	-2.113966e-02	1.602339e-04	5.850263e-01	1.910210e-01	1.909935e-01	7.550089e-03	-2.174695e-02	-4.447513e-04
344	2.390483e+03	4.312498e+02	1.316500e+01	-2.453464e-02	-4.928102e-03	5.383493e-01	1.826428e-01	1.831550e-01	8.498782e-03	-1.831079e-02	-2.781139e-04
345	1.416096e+05	4.312520e+02	1.314700e+01	-2.107345e-02	1.861837e-05	5.837542e-01	1.860417e-01	1.877691e-01	6.617938e-03	-2.109246e-02	-4.802963e-04
346	2.359240e+03	4.337497e+02	1.318212e+01	-2.290832e-02	-4.684991e-03	5.376069e-01	1.769262e-01	1.794845e-01	5.950272e-03	-1.761022e-02	-5.122085e-05
347	1.416407e+05	4.337487e+02	1.316568e+01	-2.060050e-02	1.455973e-04	5.822845e-01	1.808617e-01	1.844714e-01	5.123542e-03	-2.034231e-02	-5.151312e-04
348	2.343622e+03	4.362498e+02	1.320022e+01	-2.043827e-02	-5.441915e-03	5.337122e-01	1.721960e-01	1.761258e-01	3.291305e-03	-1.638841e-02	5.134384e-05
349	1.416561e+05	4.362517e+02	1.318267e+01	-1.887720e-02	9.556117e-06	5.806963e-01	1.755381e-01	1.811875e-01	3.197311e-03	-1.960744e-02	-5.425147e-04
350	2.343621e+03	4.387500e+02	1.321626e+01	-1.628880e-02	-5.709426e-03	5.290246e-01	1.685701e-01	1.732008e-01	8.716455e-04	-1.510119e-02	1.342911e-04
351	1.416564e+05	4.387508e+02	1.319874e+01	-1.576230e-02	1.786097e-04	5.779017e-01	1.712019e-01	1.778553e-01	9.055076e-04	-1.884240e-02	-5.913301e-04
352	2.343621e+03	4.412498e+02	1.323276e+01	-1.266651e-02	-5.894709e-03	5.240901e-01	1.659489e-01	1.704805e-01	-9.656013e-04	-1.384289e-02	1.459468e-04
353	1.416569e+05	4.412481e+02	1.321481e+01	-1.242171e-02	1.708082e-07	5.742308e-01	1.676980e-01	1.745461e-01	-1.258234e-03	-1.813123e-02	-6.155454e-04
354	2.359240e+03	4.437499e+02	1.324903e+01	-1.042600e-02	-5.831519e-03	5.217735e-01	1.633333e-01	1.676673e-01	-2.635941e-03	-1.287633e-02	-4.610970e-05
355	1.416413e+05	4.437488e+02	1.323054e+01	-8.564359e-03	2.005972e-04	5.705456e-01	1.645405e-01	1.712738e-01	-3.477559e-03	-1.739246e-02	-6.266986e-04
356	2.359239e+03	4.462499e+02	1.326510e+01	-9.196389e-03	-5.843900e-03	5.204689e-01	1.595234e-01	1.638193e-01	-4.365946e-03	-1.214801e-02	-3.482157e-04
357	1.416412e+05	4.462468e+02	1.324570e+01	-4.982470e-03	-1.165107e-05	5.675945e-01	1.612571e-01	1.679722e-01	-5.804972e-03	-1.665699e-02	-6.212723e-04
358	2.343621e+03	4.487498e+02	1.328199e+01	-8.048352e-03	-5.406483e-03	5.181171e-01	1.554510e-01	1.594604e-01	-6.740516e-03	-1.149111e-02	-6.507338e-04
359	1.416567e+05	4.487498e+02	1.326116e+01	-1.843773e-03	2.138643e-04	5.653203e-01	1.587507e-01	1.645290e-01	-8.028219e-03	-1.589831e-02	-6.190975e-04
360	2.343621e+03	4.512499e+02	1.329981e+01	-6.959509e-03	-4.588897e-03	5.170799e-01	1.520256e-01	1.551456e-01	-9.070525e-03	-1.118116e-02	-9.642396e-04
361	1.416567e+05	4.512487e+02	1.327756e+01	3.672874e-04	-5.146500e-05	5.627910e-01	1.569908e-01	1.610480e-01	-1.002474e-02	-1.511206e-02	-6.124179e-04
362	2.374864e+03	4.537499e+02	1.331796e+01	-6.161314e-03	-3.055632e-03	5.162563e-01	1.482032e-01	1.512757e-01	-1.009536e-02	-1.078233e-02	-1.276906e-03
363	1.416254e+05	4.537490e+02	1.329361e+01	1.424850e-03	1.881498e-04	5.597340e-01	1.549880e-01	1.578313e-01	-1.101301e-02	-1.433098e-02	-5.817433e-04
364	2.359242e+03	4.562500e+02	1.333242e+01	-4.961403e-03	-2.293500e-03	5.147755e-01	1.447506e-01	1.482264e-01	-9.947370e-03	-1.059717e-02	-1.416206e-03
365	1.416411e+05	4.562479e+02	1.330860e+01	1.694670e-03	-1.063089e-04	5.563813e-01	1.532559e-01	1.547136e-01	-1.097530e-02	-1.352795e-02	-5.546966e-04
366	2.343621e+03	4.587500e+02	1.334556e+01	-4.135970e-03	-1.519622e-03	5.117183e-01	1.422274e-01	1.455890e-01	-9.742076e-03	-1.025600e-02	-1.361306e-03
367	1.416567e+05	4.587495e+02	1.332309e+01	1.227683e-03	1.840091e-04	5.523935e-01	1.512103e-01	1.516414e-01	-1.080067e-02	-1.271373e-02	-5.171121e-04
368	2.343621e+03	4.612500e+02	1.335758e+01	-4.013246e-03	-2.359388e-03	5.089000e-01	1.400194e-01	1.427634e-01	-9.044906e-03	-9.738304e-03	-1.313479e-03
369	1.416567e+05	4.612499e+02	1.333626e+01	4.703760e-04	-1.287495e-04	5.486610e-01	1.492165e-01	1.484458e-01	-1.074328e-02	-1.190124e-02	-4.798340e-04
370	2.343621e+03	4.637498e+02	1.337061e+01	-2.706436e-03	-2.590220e-03	5.060223e-01	1.380444e-01	1.396634e-01	-8.585477e-03	-9.018722e-03	-1.147942e-03
371	1.416566e+05	4.637527e+02	1.334911e+01	4.551761e-04	2.211579e-04	5.453848e-01	1.467945e-01	1.450670e-01	-1.059486e-02	-1.108215e-02	-4.251590e-04
372	2.374864e+03	4.662499e+02	1.338659e+01	-8.412651e-05	-3.515877e-03	5.019854e-01	1.367735e-01	1.365517e-01	-8.888087e-03	-7.936345e-03	-9.831937e-04
373	1.416254e+05	4.662487e+02	1.336140e+01	1.439033e-03	-1.373109e-04	5.432658e-01	1.434917e-01	1.415733e-01	-1.013527e-02	-1.024824e-02	-3.840624e-04
375	1.440002e+05	4.687475e+02	1.337345e+01	2.336020e-03	2.036454e-04	5.413445e-01	1.407940e-01	1.377061e-01	-9.323302e-03	-9.391113e-03	-3.625651e-04
377	1.440002e+05	4.712491e+02	1.338517e+01	3.049148e-03	-2.218071e-04	5.409015e-01	1.381042e-01	1.339068e-01	-8.030003e-03	-8.568340e-03	-3.373509e-04
379	1.440002e+05	4.737516e+02	1.339600e+01	4.373613e-03	2.308402e-04	5.409764e-01	1.342504e-01	1.302920e-01	-6.272369e-03	-7.783009e-03	-3.095928e-04
381	1.440002e+05	4.762502e+02	1.340571e+01	5.298183e-03	-2.413102e-04	5.412083e-01	1.303657e-01	1.268274e-01	-4.712441e-03	-6.975593e-03	-2.924368e-04
383	1.440001e+05	4.787498e+02	1.341436e+01	6.502729e-03	2.510091e-04	5.413438e-01	1.273236e-01	1.232044e-01	-3.703784e-03	-6.207987e-03	-2.582898e-04
385	1.440001e+05	4.812482e+02	1.342195e+01	7.721637e-03	-2.717161e-04	5.415493e-01	1.258492e-01	1.188912e-01	-3.504941e-03	-5.393881e-03	-2.134624e-04
387	1.440001e+05	4.837504e+02	1.342856e+01	9.617786e-03	2.884128e-04	5.419088e-01	1.256007e-01	1.133294e-01	-3.705019e-03	-4.639707e-03	-1.730365e-04
389	1.440001e+05	4.862506e+02	1.343418e+01	1.271330e-02	-3.158891e-04	5.420391e-01	1.258027e-01	1.062614e-01	-4.158013e-03	-3.823149e-03	-1.249487e-04
391	1.440001e+05	4.887508e+02	1.344008e+01	1.590918e-02	3.265620e-04	5.429030e-01	1.266026e-01	9.729771e-02	-4.812937e-03	-3.103337e-03	-9.626225e-05
393	1.440001e+05	4.912490e+02	1.344581e+01	1.929866e-02	-3.638597e-04	5.454802e-01	1.290463e-01	8.624077e-02	-4.981377e-03	-2.325871e-03	-3.804994e-05
395	1.440001e+05	4.937481e+02	1.345239e+01	2.270541e-02	3.549251e-04	5.493828e-01	1.333064e-01	7.188515e-02	-4.351193e-03	-1.645572e-03	-4.912620e-06
397	1.440001e+05	4.962494e+02	1.345849e+01	2.722935e-02	-4.626723e-04	5.554527e-01	1.421199e-01	5.263280e-02	-2.684705e-03	-9.215651e-04	3.346104e-05
399	1.440001e+05	4.987483e+02	1.346700e+01	3.313985e-02	5.087479e-04	5.639592e-01	1.622871e-01	2.270349e-02	-4.753884e-04	-3.167977e-04	1.996970e-05
