Time (s)	9.600000e+03	dt_sampled - EXTRA_TIME	3.600000e+03
 i	 Vol	 Z	 Uavg	 Vavg	 Wavg	 Urms	 Vrms	 Wrms	 UVmean	 UWmean	 VWmean
0	6.300010e+04	6.250178e-01	1.454438e+00	-7.217694e-04	-1.089156e-01	9.451270e-01	8.905207e-01	3.079838e-01	-3.722336e-03	2.350449e-03	-1.162204e-05
1	6.300010e+04	1.875109e+00	1.983004e+00	-4.672449e-04	5.035726e-02	8.920731e-01	7.591659e-01	4.751793e-01	-1.491266e-03	-5.469916e-02	-6.862939e-04
2	6.300011e+04	3.125232e+00	2.225872e+00	-2.365699e-03	-3.286603e-02	8.683697e-01	7.236959e-01	5.557993e-01	-1.511437e-03	-8.087803e-02	-7.457421e-04
3	6.300011e+04	4.375168e+00	2.364713e+00	-3.113466e-03	2.368768e-02	8.661153e-01	7.100078e-01	6.080968e-01	-1.347308e-03	-9.407609e-02	-7.908363e-04
4	6.300012e+04	5.625313e+00	2.481298e+00	-2.377034e-03	-1.718310e-02	8.715564e-01	7.027243e-01	6.421344e-01	-1.752247e-03	-1.271236e-01	-1.190717e-03
5	6.300013e+04	6.875481e+00	2.589312e+00	-1.936749e-04	1.293923e-02	8.917457e-01	7.054192e-01	6.620710e-01	-2.872442e-03	-1.595089e-01	-1.411600e-03
6	6.300008e+04	8.125357e+00	2.742394e+00	2.798843e-03	-1.078705e-02	9.256565e-01	7.138937e-01	6.695036e-01	-4.293630e-03	-2.047037e-01	-1.563121e-03
7	6.300009e+04	9.375094e+00	2.943100e+00	5.641240e-03	8.615480e-03	9.729389e-01	7.276790e-01	6.681575e-01	-4.969091e-03	-2.414175e-01	-1.636795e-03
8	7.200438e+04	1.062457e+01	3.090232e+00	7.897677e-03	2.139808e-02	1.065276e+00	7.812824e-01	6.333302e-01	-4.531171e-03	-2.215399e-01	-1.368287e-03
9	7.200441e+04	1.187452e+01	3.431018e+00	8.960612e-03	-8.047051e-03	1.072173e+00	7.793225e-01	6.327220e-01	-5.027108e-03	-2.685862e-01	-1.423353e-03
10	7.200444e+04	1.312428e+01	3.666120e+00	9.015987e-03	6.022231e-03	1.053837e+00	7.704904e-01	6.290398e-01	-5.601884e-03	-2.584230e-01	-1.412826e-03
11	7.200466e+04	1.437386e+01	3.851227e+00	9.109559e-03	-4.204032e-03	1.036416e+00	7.594950e-01	6.338933e-01	-5.677887e-03	-2.648265e-01	-1.352288e-03
12	7.200281e+04	1.562332e+01	4.000429e+00	9.507093e-03	3.143978e-03	1.025477e+00	7.494653e-01	6.323785e-01	-6.115616e-03	-2.602004e-01	-1.463347e-03
13	7.200266e+04	1.687567e+01	4.134746e+00	9.989190e-03	-2.447504e-03	1.020320e+00	7.417390e-01	6.345139e-01	-6.747575e-03	-2.627361e-01	-1.447130e-03
14	7.198915e+04	1.812289e+01	4.256369e+00	1.056941e-02	1.931928e-03	1.018159e+00	7.362711e-01	6.325083e-01	-5.978742e-03	-2.605974e-01	-1.374483e-03
15	7.198931e+04	1.937713e+01	4.372575e+00	1.130784e-02	-1.569812e-03	1.017747e+00	7.317836e-01	6.319137e-01	-4.408785e-03	-2.618154e-01	-1.365960e-03
16	7.200575e+04	2.062335e+01	4.483168e+00	1.239795e-02	1.239734e-03	1.018653e+00	7.280604e-01	6.295032e-01	-1.835003e-03	-2.600877e-01	-1.407105e-03
17	7.200576e+04	2.187846e+01	4.590398e+00	1.333486e-02	-1.011998e-03	1.020114e+00	7.243095e-01	6.278439e-01	1.197685e-03	-2.599765e-01	-1.431458e-03
18	7.198267e+04	2.312073e+01	4.693818e+00	1.379144e-02	8.228659e-04	1.021217e+00	7.203594e-01	6.249247e-01	3.910394e-03	-2.579568e-01	-1.410055e-03
19	7.198270e+04	2.437539e+01	4.794619e+00	1.394306e-02	-6.852323e-04	1.021821e+00	7.159609e-01	6.225784e-01	5.996427e-03	-2.569959e-01	-1.389086e-03
20	7.198262e+04	2.561964e+01	4.892423e+00	1.403861e-02	5.527006e-04	1.021565e+00	7.120381e-01	6.197488e-01	7.847329e-03	-2.547793e-01	-1.356157e-03
21	7.198241e+04	2.687431e+01	4.987269e+00	1.435217e-02	-4.701262e-04	1.020446e+00	7.081274e-01	6.174256e-01	9.090889e-03	-2.531512e-01	-1.272528e-03
22	7.198234e+04	2.811823e+01	5.078537e+00	1.489314e-02	3.777963e-04	1.019332e+00	7.040084e-01	6.148514e-01	9.628635e-03	-2.506914e-01	-1.252390e-03
23	7.198235e+04	2.937281e+01	5.167588e+00	1.571397e-02	-3.305778e-04	1.018177e+00	6.999422e-01	6.126500e-01	9.310150e-03	-2.487324e-01	-1.214378e-03
24	7.198252e+04	3.061688e+01	5.254117e+00	1.680963e-02	2.615607e-04	1.016623e+00	6.956143e-01	6.103997e-01	8.187220e-03	-2.462150e-01	-1.130664e-03
25	7.198245e+04	3.187209e+01	5.338313e+00	1.796860e-02	-2.256375e-04	1.014532e+00	6.913882e-01	6.084583e-01	6.925301e-03	-2.439435e-01	-1.058022e-03
26	7.198216e+04	3.311935e+01	5.420753e+00	1.863359e-02	1.726255e-04	1.011702e+00	6.873536e-01	6.062443e-01	5.639907e-03	-2.411532e-01	-9.394425e-04
27	7.198220e+04	3.436789e+01	5.501580e+00	1.916641e-02	-1.583704e-04	1.008488e+00	6.828259e-01	6.040133e-01	4.013861e-03	-2.384844e-01	-8.559347e-04
28	7.198209e+04	3.561389e+01	5.580026e+00	1.961940e-02	1.230352e-04	1.004885e+00	6.781663e-01	6.014094e-01	1.414168e-03	-2.354605e-01	-7.060447e-04
29	7.198205e+04	3.686922e+01	5.655890e+00	2.058355e-02	-1.195583e-04	1.000843e+00	6.732975e-01	5.987303e-01	-1.302429e-03	-2.324808e-01	-5.832891e-04
30	7.213646e+04	3.811927e+01	5.729815e+00	2.130690e-02	9.612780e-05	9.964787e-01	6.683462e-01	5.957202e-01	-3.433804e-03	-2.292561e-01	-5.213510e-04
31	7.213631e+04	3.937012e+01	5.801106e+00	2.193104e-02	-9.171777e-05	9.916770e-01	6.636139e-01	5.927826e-01	-5.462173e-03	-2.260002e-01	-3.812102e-04
32	7.200482e+04	4.062323e+01	5.870039e+00	2.233151e-02	7.208066e-05	9.864619e-01	6.584418e-01	5.898722e-01	-7.442664e-03	-2.225308e-01	-3.146645e-04
33	7.200481e+04	4.187165e+01	5.936678e+00	2.221987e-02	-6.503355e-05	9.807855e-01	6.528382e-01	5.870048e-01	-9.870484e-03	-2.190002e-01	-1.906375e-04
34	7.200483e+04	4.312818e+01	6.001803e+00	2.206099e-02	4.882759e-05	9.744704e-01	6.470304e-01	5.840495e-01	-1.264268e-02	-2.153312e-01	-1.003524e-04
35	7.200487e+04	4.438043e+01	6.065506e+00	2.196584e-02	-4.336955e-05	9.674491e-01	6.417568e-01	5.810977e-01	-1.501173e-02	-2.116065e-01	5.540606e-05
36	7.200535e+04	4.562329e+01	6.127389e+00	2.165795e-02	2.624671e-05	9.601155e-01	6.368585e-01	5.780973e-01	-1.656329e-02	-2.077285e-01	1.799390e-04
37	7.200544e+04	4.687082e+01	6.187347e+00	2.121524e-02	-2.693077e-05	9.524407e-01	6.321763e-01	5.751502e-01	-1.784394e-02	-2.038026e-01	3.141220e-04
38	7.200469e+04	4.812651e+01	6.245785e+00	2.065792e-02	1.420605e-05	9.441683e-01	6.277038e-01	5.721275e-01	-1.881791e-02	-1.998260e-01	4.457562e-04
39	7.200456e+04	4.938184e+01	6.302210e+00	1.993967e-02	-1.776784e-05	9.354177e-01	6.229144e-01	5.691473e-01	-1.935696e-02	-1.959102e-01	5.690120e-04
40	7.200462e+04	5.062828e+01	6.356885e+00	1.841705e-02	9.738306e-06	9.263345e-01	6.178694e-01	5.659769e-01	-1.974466e-02	-1.918577e-01	6.723848e-04
41	7.200468e+04	5.187123e+01	6.409777e+00	1.694296e-02	-9.051013e-06	9.170167e-01	6.128520e-01	5.627574e-01	-2.034640e-02	-1.878545e-01	8.254981e-04
42	7.200470e+04	5.312473e+01	6.460169e+00	1.607032e-02	4.009150e-06	9.078775e-01	6.083944e-01	5.594178e-01	-2.109414e-02	-1.837463e-01	9.438268e-04
43	7.200470e+04	5.438107e+01	6.508490e+00	1.527852e-02	-1.987131e-06	8.991142e-01	6.037589e-01	5.562423e-01	-2.156346e-02	-1.796424e-01	1.104401e-03
44	7.200448e+04	5.563115e+01	6.554376e+00	1.449224e-02	-8.344055e-06	8.909335e-01	5.988940e-01	5.531772e-01	-2.170913e-02	-1.754403e-01	1.217559e-03
45	7.200450e+04	5.687279e+01	6.598127e+00	1.390088e-02	5.404509e-06	8.831593e-01	5.938196e-01	5.503734e-01	-2.195951e-02	-1.713010e-01	1.258418e-03
46	7.200438e+04	5.812340e+01	6.640025e+00	1.330094e-02	-1.805723e-05	8.753350e-01	5.887053e-01	5.476990e-01	-2.206269e-02	-1.671185e-01	1.221707e-03
47	7.200450e+04	5.938027e+01	6.680305e+00	1.233278e-02	2.380171e-05	8.675453e-01	5.842092e-01	5.451611e-01	-2.192042e-02	-1.629973e-01	1.121060e-03
48	7.200435e+04	6.063341e+01	6.719291e+00	1.149210e-02	-3.649442e-05	8.599501e-01	5.802404e-01	5.427257e-01	-2.159905e-02	-1.588143e-01	1.000230e-03
49	7.200438e+04	6.187754e+01	6.757022e+00	1.101025e-02	4.171055e-05	8.522937e-01	5.765076e-01	5.404828e-01	-2.087292e-02	-1.546797e-01	8.429385e-04
50	7.200430e+04	6.312449e+01	6.792863e+00	1.027618e-02	-5.221389e-05	8.448151e-01	5.727972e-01	5.383748e-01	-1.956430e-02	-1.506731e-01	7.066422e-04
51	7.200441e+04	6.437761e+01	6.827289e+00	9.597257e-03	5.796680e-05	8.372878e-01	5.690649e-01	5.365294e-01	-1.812288e-02	-1.468219e-01	6.027502e-04
52	7.200403e+04	6.562962e+01	6.860176e+00	8.969581e-03	-7.352378e-05	8.298633e-01	5.655009e-01	5.347202e-01	-1.677074e-02	-1.431407e-01	4.523967e-04
53	7.200404e+04	6.687615e+01	6.891992e+00	8.506464e-03	8.279365e-05	8.227627e-01	5.622384e-01	5.331813e-01	-1.567069e-02	-1.396454e-01	3.072435e-04
54	7.200401e+04	6.812248e+01	6.922896e+00	8.517457e-03	-1.029727e-04	8.159392e-01	5.591964e-01	5.315735e-01	-1.522153e-02	-1.363371e-01	2.134547e-04
55	7.200381e+04	6.937711e+01	6.952413e+00	8.868552e-03	1.070221e-04	8.092363e-01	5.559688e-01	5.302864e-01	-1.487025e-02	-1.332255e-01	1.374419e-04
56	7.200416e+04	7.063583e+01	6.980961e+00	9.188771e-03	-1.304922e-04	8.025157e-01	5.528283e-01	5.286875e-01	-1.457194e-02	-1.303449e-01	9.576545e-05
57	7.200420e+04	7.188792e+01	7.007162e+00	9.677513e-03	1.272449e-04	7.963560e-01	5.502908e-01	5.275942e-01	-1.419539e-02	-1.277980e-01	9.457282e-05
58	7.200418e+04	7.313151e+01	7.032951e+00	1.022511e-02	-1.582247e-04	7.902687e-01	5.481871e-01	5.255405e-01	-1.340590e-02	-1.254054e-01	1.664778e-04
59	7.200431e+04	7.437663e+01	7.056397e+00	1.041475e-02	1.355971e-04	7.840603e-01	5.457679e-01	5.244743e-01	-1.231411e-02	-1.236013e-01	2.845806e-04
60	7.200391e+04	7.562715e+01	7.079724e+00	1.023523e-02	-1.570951e-04	7.781139e-01	5.436286e-01	5.210565e-01	-1.128792e-02	-1.216183e-01	4.325718e-04
61	7.200359e+04	7.687659e+01	7.099285e+00	1.007650e-02	3.135738e-05	7.728202e-01	5.407583e-01	5.201713e-01	-1.075148e-02	-1.206772e-01	6.647710e-04
62	7.191498e+04	7.813880e+01	7.119524e+00	9.896794e-03	5.406265e-05	7.678658e-01	5.381132e-01	5.130789e-01	-1.060051e-02	-1.188101e-01	9.210463e-04
63	7.191500e+04	7.938266e+01	7.135178e+00	9.766946e-03	-6.275067e-04	7.642005e-01	5.356933e-01	5.140642e-01	-1.090393e-02	-1.189811e-01	1.238497e-03
64	5.938324e+03	8.124994e+01	7.343909e+00	3.612743e-03	-5.194181e-02	7.425116e-01	5.037384e-01	4.978143e-01	-5.193588e-02	-1.067951e-01	-9.275541e-03
65	1.380620e+05	8.124975e+01	7.146503e+00	9.314984e-03	4.499875e-03	7.506945e-01	5.148130e-01	4.965121e-01	-1.088791e-02	-1.168480e-01	2.282963e-03
66	5.938597e+03	8.374989e+01	7.375527e+00	1.127535e-02	-5.705510e-02	7.433878e-01	5.052766e-01	4.944312e-01	-5.791016e-02	-1.056119e-01	-8.654183e-03
67	1.380618e+05	8.375011e+01	7.185990e+00	8.482181e-03	-4.001367e-04	7.492701e-01	5.136715e-01	4.938368e-01	-1.401368e-02	-1.145159e-01	3.006253e-03
68	5.938600e+03	8.624986e+01	7.404170e+00	1.867179e-02	-5.303402e-02	7.424564e-01	5.040940e-01	4.927495e-01	-6.178955e-02	-1.074732e-01	-7.016375e-03
69	1.380615e+05	8.625041e+01	7.224734e+00	8.982111e-03	4.577228e-03	7.467551e-01	5.128337e-01	4.925388e-01	-1.782813e-02	-1.155702e-01	3.277405e-03
70	5.938610e+03	8.874984e+01	7.429122e+00	2.499209e-02	-5.663493e-02	7.439392e-01	5.029566e-01	4.927210e-01	-6.301223e-02	-1.091650e-01	-5.595368e-03
71	1.380614e+05	8.874982e+01	7.261450e+00	8.827226e-03	5.176970e-04	7.463284e-01	5.127454e-01	4.943945e-01	-2.046472e-02	-1.154157e-01	3.406173e-03
72	5.938598e+03	9.124986e+01	7.451874e+00	2.851071e-02	-5.209738e-02	7.451020e-01	5.036311e-01	4.928573e-01	-6.396558e-02	-1.126713e-01	-4.537051e-03
73	1.380614e+05	9.125008e+01	7.295881e+00	7.593394e-03	3.853515e-03	7.472337e-01	5.140767e-01	4.967765e-01	-2.176892e-02	-1.171291e-01	3.262197e-03
74	5.938597e+03	9.374988e+01	7.471474e+00	3.092681e-02	-5.268008e-02	7.476105e-01	5.068832e-01	4.935487e-01	-6.436028e-02	-1.165792e-01	-4.091008e-03
75	1.380613e+05	9.375002e+01	7.328365e+00	5.621107e-03	9.076566e-04	7.496322e-01	5.168362e-01	4.992319e-01	-2.090483e-02	-1.189781e-01	3.079947e-03
76	5.938596e+03	9.624986e+01	7.491012e+00	3.244380e-02	-4.727725e-02	7.500543e-01	5.114898e-01	4.947325e-01	-6.247269e-02	-1.209176e-01	-3.944569e-03
77	1.380612e+05	9.625031e+01	7.360903e+00	3.805698e-03	3.189160e-03	7.532378e-01	5.204034e-01	5.010241e-01	-1.748118e-02	-1.215257e-01	2.948979e-03
78	5.938598e+03	9.874986e+01	7.512493e+00	3.382931e-02	-4.594479e-02	7.524285e-01	5.156066e-01	4.954304e-01	-5.976536e-02	-1.248106e-01	-3.424518e-03
79	1.380611e+05	9.874992e+01	7.393196e+00	2.681755e-03	9.804560e-04	7.581816e-01	5.235372e-01	5.022334e-01	-1.433401e-02	-1.242996e-01	2.833922e-03
80	5.938605e+03	1.012499e+02	7.535237e+00	3.407916e-02	-4.052036e-02	7.551301e-01	5.163383e-01	4.963471e-01	-5.615713e-02	-1.281377e-01	-2.246454e-03
81	1.380611e+05	1.012500e+02	7.425508e+00	2.235029e-03	2.587899e-03	7.646413e-01	5.255088e-01	5.029287e-01	-1.160243e-02	-1.271727e-01	2.734862e-03
82	5.938598e+03	1.037499e+02	7.561023e+00	3.518725e-02	-3.854787e-02	7.566477e-01	5.146593e-01	4.975491e-01	-5.422767e-02	-1.316297e-01	-1.575622e-03
83	1.380610e+05	1.037501e+02	7.459344e+00	2.139151e-03	9.417345e-04	7.724813e-01	5.264146e-01	5.034314e-01	-8.934159e-03	-1.303542e-01	2.565911e-03
84	5.938598e+03	1.062499e+02	7.587192e+00	3.883992e-02	-3.385990e-02	7.590642e-01	5.147985e-01	4.989735e-01	-5.431169e-02	-1.352230e-01	-5.770574e-04
85	1.380610e+05	1.062502e+02	7.494887e+00	2.997209e-03	2.078393e-03	7.819267e-01	5.261440e-01	5.037209e-01	-7.892985e-03	-1.335811e-01	2.653345e-03
86	5.938598e+03	1.087499e+02	7.615048e+00	4.246566e-02	-3.256300e-02	7.627215e-01	5.169077e-01	5.005031e-01	-5.390593e-02	-1.384647e-01	3.334660e-04
87	1.380611e+05	1.087499e+02	7.531961e+00	3.085858e-03	8.526908e-04	7.922529e-01	5.256093e-01	5.043230e-01	-7.144486e-03	-1.368594e-01	2.575838e-03
88	5.938598e+03	1.112499e+02	7.644012e+00	4.333159e-02	-2.863148e-02	7.681698e-01	5.205132e-01	5.026006e-01	-5.278418e-02	-1.417185e-01	1.175795e-03
89	1.380610e+05	1.112504e+02	7.569865e+00	1.797411e-03	1.690864e-03	8.033240e-01	5.256701e-01	5.051989e-01	-5.301499e-03	-1.400816e-01	2.625715e-03
90	5.938598e+03	1.137499e+02	7.674723e+00	4.557608e-02	-2.722882e-02	7.738824e-01	5.234092e-01	5.047441e-01	-5.184930e-02	-1.449053e-01	1.850871e-03
91	1.380611e+05	1.137506e+02	7.606766e+00	1.623327e-03	7.543050e-04	8.149315e-01	5.258859e-01	5.064842e-01	-2.895035e-03	-1.435452e-01	2.656482e-03
92	5.938605e+03	1.162498e+02	7.708241e+00	5.048614e-02	-2.360525e-02	7.790659e-01	5.253211e-01	5.068425e-01	-4.920646e-02	-1.474009e-01	2.166032e-03
93	1.380611e+05	1.162505e+02	7.644584e+00	3.402498e-03	1.370315e-03	8.276629e-01	5.265979e-01	5.075359e-01	7.281008e-04	-1.467889e-01	2.408629e-03
94	5.938598e+03	1.187499e+02	7.744031e+00	5.654151e-02	-2.222591e-02	7.824072e-01	5.275162e-01	5.082842e-01	-4.479091e-02	-1.497225e-01	2.875498e-03
95	1.380609e+05	1.187510e+02	7.684012e+00	6.274683e-03	6.494331e-04	8.396100e-01	5.276906e-01	5.081206e-01	3.366918e-03	-1.500652e-01	2.002363e-03
96	5.938598e+03	1.212500e+02	7.780818e+00	6.046741e-02	-2.016914e-02	7.864010e-01	5.304136e-01	5.100963e-01	-4.213480e-02	-1.522984e-01	3.793980e-03
97	1.380610e+05	1.212506e+02	7.723985e+00	7.707988e-03	1.150228e-03	8.519312e-01	5.288122e-01	5.084255e-01	5.384784e-03	-1.531264e-01	1.615474e-03
98	5.938598e+03	1.237499e+02	7.820577e+00	6.327837e-02	-1.910499e-02	7.890640e-01	5.346234e-01	5.118054e-01	-4.074220e-02	-1.548011e-01	4.296042e-03
99	1.380611e+05	1.237505e+02	7.764549e+00	7.460408e-03	5.563571e-04	8.629295e-01	5.298611e-01	5.087318e-01	6.804879e-03	-1.560805e-01	1.410309e-03
100	5.938598e+03	1.262499e+02	7.864382e+00	6.401370e-02	-1.621884e-02	7.897927e-01	5.375957e-01	5.126021e-01	-3.833025e-02	-1.573677e-01	5.076719e-03
101	1.380611e+05	1.262501e+02	7.807990e+00	6.543287e-03	9.029967e-04	8.721907e-01	5.301867e-01	5.092435e-01	8.268151e-03	-1.589667e-01	1.187829e-03
102	5.938606e+03	1.287499e+02	7.909771e+00	6.101869e-02	-1.428309e-02	7.904174e-01	5.367404e-01	5.125444e-01	-3.548057e-02	-1.588821e-01	5.214629e-03
103	1.380612e+05	1.287501e+02	7.853743e+00	3.007300e-03	4.426411e-04	8.792736e-01	5.297332e-01	5.093955e-01	1.005082e-02	-1.618052e-01	9.780164e-04
104	5.938598e+03	1.312498e+02	7.953489e+00	5.723787e-02	-1.072002e-02	7.914047e-01	5.336913e-01	5.125387e-01	-3.209547e-02	-1.601735e-01	4.729837e-03
105	1.380612e+05	1.312504e+02	7.899458e+00	-1.136656e-03	6.084442e-04	8.858893e-01	5.293950e-01	5.093583e-01	1.129282e-02	-1.644959e-01	1.007073e-03
106	5.938598e+03	1.337499e+02	7.995536e+00	5.463732e-02	-7.974087e-03	7.925298e-01	5.299391e-01	5.122372e-01	-2.908476e-02	-1.608887e-01	4.346092e-03
107	1.380613e+05	1.337498e+02	7.944635e+00	-3.994204e-03	2.033719e-04	8.916684e-01	5.295841e-01	5.092549e-01	1.152553e-02	-1.668223e-01	8.629595e-04
108	5.938597e+03	1.362499e+02	8.038476e+00	5.335562e-02	-5.239289e-03	7.927988e-01	5.267341e-01	5.114620e-01	-2.501670e-02	-1.614749e-01	4.465966e-03
109	1.380614e+05	1.362499e+02	7.991152e+00	-5.708545e-03	3.324127e-04	8.962491e-01	5.296853e-01	5.090154e-01	1.126110e-02	-1.687780e-01	8.992522e-04
110	5.938597e+03	1.387499e+02	8.081917e+00	5.251402e-02	-3.924578e-03	7.940398e-01	5.264769e-01	5.092444e-01	-2.189861e-02	-1.614347e-01	5.034988e-03
111	1.380614e+05	1.387499e+02	8.037943e+00	-6.820695e-03	7.491701e-05	9.006946e-01	5.290866e-01	5.085680e-01	1.193280e-02	-1.704057e-01	6.818417e-04
112	5.938597e+03	1.412499e+02	8.125409e+00	5.216999e-02	-2.254437e-03	7.946519e-01	5.282446e-01	5.071086e-01	-1.910868e-02	-1.616210e-01	6.553690e-03
113	1.380613e+05	1.412500e+02	8.085617e+00	-7.223507e-03	1.774215e-04	9.037772e-01	5.289198e-01	5.078388e-01	1.311906e-02	-1.716733e-01	6.730564e-04
114	5.938597e+03	1.437499e+02	8.167877e+00	5.199121e-02	-1.118500e-03	7.943549e-01	5.305950e-01	5.050030e-01	-1.439466e-02	-1.613081e-01	7.796649e-03
115	1.380614e+05	1.437502e+02	8.133931e+00	-7.557733e-03	-2.137446e-05	9.047586e-01	5.292765e-01	5.068957e-01	1.525068e-02	-1.728013e-01	4.899560e-04
116	5.938596e+03	1.462500e+02	8.212738e+00	4.794881e-02	8.207934e-04	7.923370e-01	5.340688e-01	5.024371e-01	-8.913307e-03	-1.612740e-01	8.484931e-03
117	1.380614e+05	1.462500e+02	8.183636e+00	-8.994292e-03	3.204812e-05	9.057295e-01	5.303168e-01	5.055707e-01	1.687546e-02	-1.735768e-01	3.397383e-04
118	5.938596e+03	1.487500e+02	8.258934e+00	4.465605e-02	1.860051e-03	7.885015e-01	5.365286e-01	4.994151e-01	-4.687015e-03	-1.607987e-01	8.258675e-03
119	1.380613e+05	1.487496e+02	8.233485e+00	-1.089845e-02	-1.346908e-04	9.059649e-01	5.307932e-01	5.039631e-01	1.815655e-02	-1.742554e-01	3.551144e-04
120	5.938611e+03	1.512500e+02	8.307299e+00	4.375885e-02	2.348538e-03	7.836872e-01	5.369922e-01	4.962183e-01	-3.153336e-03	-1.595253e-01	7.285243e-03
121	1.380614e+05	1.512502e+02	8.284536e+00	-1.410608e-02	-5.304664e-05	9.047375e-01	5.316285e-01	5.024569e-01	1.859702e-02	-1.744886e-01	2.640336e-04
122	5.938595e+03	1.537500e+02	8.356411e+00	4.310335e-02	2.253283e-03	7.813683e-01	5.354203e-01	4.926645e-01	-4.100410e-03	-1.580359e-01	6.823136e-03
123	1.380613e+05	1.537493e+02	8.336513e+00	-1.808555e-02	-1.456192e-04	9.036348e-01	5.319794e-01	5.014272e-01	1.857492e-02	-1.745827e-01	2.621592e-04
124	5.938597e+03	1.562499e+02	8.402097e+00	3.858418e-02	2.094029e-03	7.797552e-01	5.317701e-01	4.893956e-01	-4.828564e-03	-1.562508e-01	6.705731e-03
125	1.380612e+05	1.562500e+02	8.389700e+00	-2.246026e-02	-4.610898e-05	9.025567e-01	5.322535e-01	5.006555e-01	1.901098e-02	-1.742823e-01	1.743289e-04
126	5.938598e+03	1.587499e+02	8.448368e+00	3.122998e-02	1.884860e-03	7.748272e-01	5.271306e-01	4.867364e-01	-4.975108e-03	-1.540878e-01	7.073534e-03
127	1.380613e+05	1.587489e+02	8.443539e+00	-2.588554e-02	-1.179382e-04	9.011508e-01	5.314187e-01	4.999236e-01	1.945237e-02	-1.739489e-01	1.413719e-04
128	5.938598e+03	1.612499e+02	8.495587e+00	2.236190e-02	1.750488e-03	7.689137e-01	5.235573e-01	4.851247e-01	-4.209712e-03	-1.507490e-01	7.349246e-03
129	1.380613e+05	1.612505e+02	8.498244e+00	-2.926070e-02	-4.731271e-05	8.996495e-01	5.298155e-01	4.992406e-01	2.038549e-02	-1.731203e-01	6.550850e-05
130	5.938599e+03	1.637500e+02	8.543608e+00	1.543260e-02	1.526163e-03	7.621310e-01	5.211210e-01	4.839589e-01	-2.635150e-03	-1.479386e-01	7.078626e-03
131	1.380613e+05	1.637497e+02	8.554628e+00	-3.265743e-02	-1.034428e-04	8.982838e-01	5.290034e-01	4.984157e-01	2.080473e-02	-1.721290e-01	7.570224e-05
132	5.938599e+03	1.662499e+02	8.595416e+00	9.070611e-03	1.749385e-03	7.565804e-01	5.203536e-01	4.828058e-01	-2.144595e-04	-1.456775e-01	5.754569e-03
133	1.380613e+05	1.662500e+02	8.613110e+00	-3.616653e-02	-5.029024e-05	8.970174e-01	5.296903e-01	4.970944e-01	2.134899e-02	-1.706147e-01	1.574041e-04
134	5.938599e+03	1.687499e+02	8.647916e+00	7.744616e-04	1.870776e-03	7.519423e-01	5.200391e-01	4.811668e-01	2.028142e-03	-1.439995e-01	4.674450e-03
135	1.380613e+05	1.687500e+02	8.671000e+00	-3.986024e-02	-1.041351e-04	8.954957e-01	5.294210e-01	4.952905e-01	2.249337e-02	-1.690250e-01	1.664976e-04
136	5.938598e+03	1.712499e+02	8.698851e+00	-5.880510e-03	2.149818e-03	7.487341e-01	5.186673e-01	4.785911e-01	2.594366e-03	-1.420387e-01	5.213223e-03
137	1.380613e+05	1.712509e+02	8.727636e+00	-4.216868e-02	-7.792652e-05	8.931278e-01	5.285401e-01	4.928291e-01	2.307617e-02	-1.670588e-01	1.642405e-04
138	5.938599e+03	1.737498e+02	8.748141e+00	-1.007408e-02	1.582967e-03	7.437186e-01	5.153465e-01	4.757588e-01	4.620295e-03	-1.403364e-01	5.533945e-03
139	1.380613e+05	1.737503e+02	8.785336e+00	-4.282451e-02	-9.510315e-05	8.894579e-01	5.274353e-01	4.906372e-01	2.404877e-02	-1.649711e-01	1.280427e-04
140	5.938598e+03	1.762499e+02	8.795793e+00	-1.285177e-02	1.305790e-03	7.373713e-01	5.129598e-01	4.733504e-01	7.222603e-03	-1.389221e-01	5.243142e-03
141	1.380612e+05	1.762501e+02	8.843767e+00	-4.150821e-02	-3.280975e-05	8.843019e-01	5.254555e-01	4.888628e-01	2.438661e-02	-1.625272e-01	1.631939e-04
142	5.938616e+03	1.787498e+02	8.845869e+00	-1.428128e-02	1.452449e-03	7.340205e-01	5.105600e-01	4.707757e-01	9.696814e-03	-1.369775e-01	4.353357e-03
143	1.380613e+05	1.787504e+02	8.903886e+00	-4.048139e-02	-7.869839e-05	8.781462e-01	5.223127e-01	4.874347e-01	2.482908e-02	-1.599706e-01	7.718187e-05
144	5.938598e+03	1.812500e+02	8.898332e+00	-1.422690e-02	2.157698e-03	7.316852e-01	5.096399e-01	4.683997e-01	1.176500e-02	-1.354261e-01	3.115542e-03
145	1.380613e+05	1.812493e+02	8.964775e+00	-3.868289e-02	-9.295506e-05	8.694597e-01	5.190386e-01	4.864039e-01	2.507827e-02	-1.571285e-01	2.247918e-04
146	5.938598e+03	1.837500e+02	8.950075e+00	-1.473625e-02	3.426794e-03	7.275220e-01	5.073792e-01	4.667806e-01	1.291860e-02	-1.340658e-01	2.190230e-03
147	1.380612e+05	1.837507e+02	9.024769e+00	-3.522606e-02	-1.497103e-04	8.595046e-01	5.164592e-01	4.855742e-01	2.406888e-02	-1.543152e-01	1.982477e-04
148	5.938599e+03	1.862498e+02	8.999800e+00	-1.578030e-02	4.735776e-03	7.216294e-01	5.036375e-01	4.658765e-01	1.401175e-02	-1.321183e-01	1.988241e-03
149	1.380612e+05	1.862494e+02	9.083830e+00	-3.101541e-02	-2.050168e-04	8.475262e-01	5.150342e-01	4.846687e-01	2.240622e-02	-1.512919e-01	2.760034e-04
150	5.938598e+03	1.887499e+02	9.050136e+00	-1.504354e-02	6.865745e-03	7.136620e-01	5.001661e-01	4.652133e-01	1.765548e-02	-1.296822e-01	1.018328e-03
151	1.380612e+05	1.887508e+02	9.143196e+00	-2.658721e-02	-2.874449e-04	8.362466e-01	5.139741e-01	4.834193e-01	2.172542e-02	-1.483069e-01	1.923950e-04
152	5.938599e+03	1.912498e+02	9.104086e+00	-1.313865e-02	8.644101e-03	7.068975e-01	4.983551e-01	4.637077e-01	2.092381e-02	-1.270576e-01	-8.834287e-05
153	1.380612e+05	1.912488e+02	9.202456e+00	-2.202996e-02	-3.768540e-04	8.252168e-01	5.124744e-01	4.816330e-01	2.242194e-02	-1.453115e-01	1.219467e-04
154	5.938598e+03	1.937499e+02	9.157575e+00	-1.033508e-02	1.113978e-02	7.016353e-01	4.952225e-01	4.610381e-01	2.179714e-02	-1.250079e-01	-2.344290e-04
155	1.380611e+05	1.937506e+02	9.262964e+00	-1.715565e-02	-4.721381e-04	8.130422e-01	5.099638e-01	4.791510e-01	2.283420e-02	-1.422088e-01	-1.257955e-04
156	5.938598e+03	1.962499e+02	9.211050e+00	-7.345454e-03	1.337194e-02	6.955525e-01	4.924798e-01	4.575419e-01	2.219165e-02	-1.230303e-01	-1.647801e-04
157	1.380612e+05	1.962481e+02	9.325180e+00	-1.333115e-02	-5.890558e-04	8.008045e-01	5.077041e-01	4.758387e-01	2.356313e-02	-1.390226e-01	-3.632075e-04
158	5.938598e+03	1.987498e+02	9.267944e+00	-2.854352e-03	1.540392e-02	6.922200e-01	4.894472e-01	4.536605e-01	2.240156e-02	-1.214311e-01	9.312499e-04
159	1.380612e+05	1.987498e+02	9.387053e+00	-1.015923e-02	-6.477233e-04	7.886348e-01	5.055054e-01	4.719500e-01	2.496438e-02	-1.359938e-01	-5.335311e-04
160	5.938598e+03	2.012499e+02	9.322389e+00	-5.696075e-04	1.674864e-02	6.880631e-01	4.863471e-01	4.497641e-01	2.323969e-02	-1.193861e-01	2.546008e-03
161	1.380613e+05	2.012501e+02	9.448704e+00	-7.974895e-03	-7.336710e-04	7.754018e-01	5.027989e-01	4.680951e-01	2.691641e-02	-1.327391e-01	-7.822631e-04
162	5.938598e+03	2.037499e+02	9.375087e+00	-7.104315e-04	1.777257e-02	6.816449e-01	4.804710e-01	4.458144e-01	2.326040e-02	-1.179465e-01	3.761016e-03
163	1.380612e+05	2.037504e+02	9.509187e+00	-6.795209e-03	-7.516519e-04	7.616013e-01	4.998731e-01	4.643531e-01	2.809992e-02	-1.296418e-01	-8.824072e-04
164	5.938613e+03	2.062501e+02	9.427381e+00	-1.848549e-03	1.887061e-02	6.767034e-01	4.743563e-01	4.417363e-01	2.140936e-02	-1.155987e-01	4.312726e-03
165	1.380613e+05	2.062504e+02	9.567979e+00	-5.865770e-03	-8.179531e-04	7.478361e-01	4.959718e-01	4.609478e-01	2.819315e-02	-1.263754e-01	-8.761653e-04
166	5.938597e+03	2.087499e+02	9.477981e+00	-2.586323e-03	1.881116e-02	6.744384e-01	4.697203e-01	4.377426e-01	2.080600e-02	-1.136772e-01	4.923472e-03
167	1.380613e+05	2.087500e+02	9.625598e+00	-4.582576e-03	-8.203809e-04	7.335374e-01	4.911200e-01	4.577534e-01	2.768331e-02	-1.233260e-01	-8.814171e-04
168	5.938597e+03	2.112499e+02	9.529154e+00	-1.220941e-03	1.837546e-02	6.710868e-01	4.664938e-01	4.341813e-01	2.080362e-02	-1.119319e-01	5.447268e-03
169	1.380613e+05	2.112502e+02	9.683530e+00	-3.042830e-03	-7.860312e-04	7.180997e-01	4.868768e-01	4.544604e-01	2.643838e-02	-1.203901e-01	-7.544648e-04
170	5.938598e+03	2.137498e+02	9.585910e+00	1.483988e-03	1.859956e-02	6.655097e-01	4.637318e-01	4.315101e-01	2.054477e-02	-1.100647e-01	5.185944e-03
171	1.380613e+05	2.137502e+02	9.742638e+00	-1.410408e-03	-7.962478e-04	7.031645e-01	4.838116e-01	4.512486e-01	2.474770e-02	-1.177704e-01	-6.254559e-04
172	5.938598e+03	2.162499e+02	9.644325e+00	5.098904e-03	1.915592e-02	6.607315e-01	4.614283e-01	4.294698e-01	2.109806e-02	-1.083077e-01	4.635816e-03
173	1.380613e+05	2.162501e+02	9.801436e+00	-6.357405e-04	-8.292513e-04	6.891470e-01	4.808199e-01	4.482814e-01	2.284061e-02	-1.151577e-01	-5.897520e-04
174	5.938598e+03	2.187500e+02	9.698382e+00	6.626003e-03	1.898536e-02	6.543586e-01	4.592451e-01	4.277391e-01	2.222061e-02	-1.067277e-01	3.613990e-03
175	1.380614e+05	2.187506e+02	9.857509e+00	-1.018494e-03	-8.119252e-04	6.781493e-01	4.772291e-01	4.456959e-01	2.053846e-02	-1.128026e-01	-5.359627e-04
176	5.938597e+03	2.212500e+02	9.748353e+00	3.549956e-03	1.841997e-02	6.452168e-01	4.571371e-01	4.268211e-01	2.042464e-02	-1.054563e-01	2.676879e-03
177	1.380615e+05	2.212498e+02	9.911328e+00	-3.622658e-03	-8.016864e-04	6.683863e-01	4.743951e-01	4.434108e-01	1.744253e-02	-1.103930e-01	-4.158566e-04
178	5.938597e+03	2.237499e+02	9.797799e+00	-2.988274e-03	1.750903e-02	6.348858e-01	4.548208e-01	4.255980e-01	1.743195e-02	-1.046522e-01	1.794314e-03
179	1.380615e+05	2.237498e+02	9.964664e+00	-7.928047e-03	-7.495310e-04	6.584842e-01	4.720239e-01	4.410454e-01	1.541897e-02	-1.082591e-01	-1.913923e-04
180	5.938596e+03	2.262499e+02	9.846213e+00	-1.042950e-02	1.759204e-02	6.257384e-01	4.506263e-01	4.239168e-01	1.497765e-02	-1.041359e-01	1.421683e-03
181	1.380612e+05	2.262505e+02	1.001743e+01	-1.329716e-02	-7.631005e-04	6.491173e-01	4.689256e-01	4.387261e-01	1.508799e-02	-1.060893e-01	1.084355e-04
182	5.938595e+03	2.287500e+02	9.894840e+00	-1.821227e-02	1.805367e-02	6.153082e-01	4.441171e-01	4.220595e-01	1.318726e-02	-1.035801e-01	1.399020e-03
183	1.380613e+05	2.287500e+02	1.006893e+01	-1.878310e-02	-7.634958e-04	6.392013e-01	4.643869e-01	4.363539e-01	1.505698e-02	-1.040096e-01	2.138636e-04
184	5.938595e+03	2.312502e+02	9.940195e+00	-2.453236e-02	1.837052e-02	6.037083e-01	4.391780e-01	4.207532e-01	1.220280e-02	-1.032216e-01	9.331434e-04
185	1.380612e+05	2.312502e+02	1.011944e+01	-2.399823e-02	-8.013929e-04	6.292105e-01	4.593872e-01	4.336110e-01	1.656618e-02	-1.019788e-01	1.595877e-04
186	5.938615e+03	2.337499e+02	9.986357e+00	-3.093928e-02	1.950113e-02	5.925810e-01	4.348924e-01	4.190188e-01	1.289548e-02	-1.030036e-01	5.640382e-04
187	1.380612e+05	2.337496e+02	1.016940e+01	-2.796459e-02	-8.263177e-04	6.189631e-01	4.549319e-01	4.305816e-01	1.824455e-02	-1.000126e-01	1.303097e-04
188	5.938595e+03	2.362501e+02	1.002932e+01	-3.685153e-02	2.160075e-02	5.863612e-01	4.296602e-01	4.163351e-01	1.440758e-02	-1.023869e-01	-2.796570e-04
189	1.380612e+05	2.362506e+02	1.021793e+01	-3.070960e-02	-9.380820e-04	6.096373e-01	4.518985e-01	4.274464e-01	1.972818e-02	-9.813341e-02	-7.787282e-05
190	5.938596e+03	2.387498e+02	1.007113e+01	-4.241109e-02	2.339454e-02	5.813885e-01	4.280607e-01	4.137881e-01	1.560094e-02	-1.013146e-01	-1.177042e-03
191	1.380613e+05	2.387493e+02	1.026542e+01	-3.316133e-02	-9.969263e-04	6.003973e-01	4.506216e-01	4.241926e-01	2.083903e-02	-9.624366e-02	-2.106752e-04
192	5.938595e+03	2.412500e+02	1.011577e+01	-4.731263e-02	2.466145e-02	5.761646e-01	4.272645e-01	4.121185e-01	1.585678e-02	-9.998369e-02	-1.378427e-03
193	1.380613e+05	2.412507e+02	1.031335e+01	-3.512335e-02	-1.066650e-03	5.918204e-01	4.489813e-01	4.208772e-01	2.093907e-02	-9.441319e-02	-4.612834e-04
194	5.938594e+03	2.437500e+02	1.016154e+01	-4.964763e-02	2.504233e-02	5.710272e-01	4.255450e-01	4.110163e-01	1.519156e-02	-9.855934e-02	-7.846720e-04
195	1.380613e+05	2.437507e+02	1.036084e+01	-3.588602e-02	-1.069776e-03	5.841807e-01	4.462367e-01	4.176370e-01	1.958997e-02	-9.260665e-02	-5.290426e-04
196	5.938596e+03	2.462500e+02	1.020784e+01	-4.944374e-02	2.516981e-02	5.653755e-01	4.244092e-01	4.098229e-01	1.408342e-02	-9.748636e-02	1.355517e-04
197	1.380612e+05	2.462502e+02	1.040757e+01	-3.470716e-02	-1.091298e-03	5.768831e-01	4.438085e-01	4.144380e-01	1.879252e-02	-9.097618e-02	-7.956625e-04
198	5.938597e+03	2.487500e+02	1.025348e+01	-4.742683e-02	2.591237e-02	5.610681e-01	4.236028e-01	4.091450e-01	1.087428e-02	-9.688491e-02	1.110143e-03
199	1.380613e+05	2.487505e+02	1.045258e+01	-3.351234e-02	-1.111666e-03	5.709543e-01	4.416132e-01	4.111874e-01	1.820426e-02	-8.937667e-02	-1.143405e-03
200	5.938596e+03	2.512498e+02	1.030092e+01	-4.493613e-02	2.637207e-02	5.573670e-01	4.234876e-01	4.087994e-01	7.353990e-03	-9.623644e-02	1.550756e-03
201	1.380613e+05	2.512499e+02	1.049760e+01	-3.276537e-02	-1.137199e-03	5.662149e-01	4.384764e-01	4.080397e-01	1.777449e-02	-8.777151e-02	-1.630282e-03
202	5.938597e+03	2.537499e+02	1.034795e+01	-4.216230e-02	2.739874e-02	5.542444e-01	4.238233e-01	4.083032e-01	4.306642e-03	-9.616484e-02	1.418510e-03
203	1.380613e+05	2.537511e+02	1.054238e+01	-3.210370e-02	-1.167565e-03	5.622380e-01	4.348878e-01	4.049376e-01	1.768489e-02	-8.630953e-02	-2.092632e-03
204	5.938612e+03	2.562502e+02	1.039602e+01	-3.999861e-02	2.822111e-02	5.519159e-01	4.233142e-01	4.082472e-01	4.019930e-03	-9.592444e-02	7.395238e-04
205	1.380611e+05	2.562503e+02	1.058729e+01	-3.189346e-02	-1.228228e-03	5.582919e-01	4.306433e-01	4.022896e-01	1.803614e-02	-8.508732e-02	-2.554750e-03
206	5.938595e+03	2.587500e+02	1.044271e+01	-3.591066e-02	2.990426e-02	5.494838e-01	4.227701e-01	4.083304e-01	5.935801e-03	-9.515905e-02	-9.761702e-04
207	1.380612e+05	2.587502e+02	1.063159e+01	-3.060038e-02	-1.272521e-03	5.548025e-01	4.268382e-01	3.999176e-01	1.787326e-02	-8.409864e-02	-2.968349e-03
208	5.938596e+03	2.612500e+02	1.048682e+01	-3.080706e-02	3.157602e-02	5.471957e-01	4.201226e-01	4.071991e-01	8.842457e-03	-9.394670e-02	-2.556287e-03
209	1.380611e+05	2.612510e+02	1.067469e+01	-2.890374e-02	-1.374395e-03	5.512441e-01	4.235254e-01	3.977870e-01	1.767141e-02	-8.334894e-02	-3.380132e-03
210	5.938595e+03	2.637499e+02	1.052902e+01	-2.654008e-02	3.280718e-02	5.450486e-01	4.175659e-01	4.051089e-01	1.114852e-02	-9.228971e-02	-3.607041e-03
211	1.380611e+05	2.637500e+02	1.071680e+01	-2.767220e-02	-1.378613e-03	5.481903e-01	4.203022e-01	3.957338e-01	1.733184e-02	-8.263762e-02	-3.572086e-03
212	5.938596e+03	2.662500e+02	1.057019e+01	-2.110588e-02	3.348454e-02	5.426350e-01	4.139193e-01	4.024000e-01	1.267655e-02	-9.099434e-02	-4.047295e-03
213	1.380614e+05	2.662498e+02	1.075787e+01	-2.595173e-02	-1.481770e-03	5.456390e-01	4.157875e-01	3.941650e-01	1.686954e-02	-8.210709e-02	-3.859442e-03
214	5.938595e+03	2.687500e+02	1.061242e+01	-1.651567e-02	3.365866e-02	5.406801e-01	4.084795e-01	3.990848e-01	1.458520e-02	-8.950309e-02	-4.841721e-03
215	1.380615e+05	2.687503e+02	1.079914e+01	-2.460412e-02	-1.425129e-03	5.436798e-01	4.098576e-01	3.924798e-01	1.593413e-02	-8.162876e-02	-4.157865e-03
216	5.938595e+03	2.712501e+02	1.065755e+01	-1.377368e-02	3.386262e-02	5.390427e-01	4.045091e-01	3.965144e-01	1.532191e-02	-8.871154e-02	-5.570494e-03
217	1.380613e+05	2.712495e+02	1.084202e+01	-2.374327e-02	-1.468368e-03	5.431480e-01	4.047026e-01	3.903960e-01	1.528522e-02	-8.123603e-02	-4.352401e-03
218	5.938596e+03	2.737500e+02	1.070212e+01	-1.261571e-02	3.397788e-02	5.363814e-01	4.011093e-01	3.941079e-01	1.464058e-02	-8.842957e-02	-6.396010e-03
219	1.380615e+05	2.737493e+02	1.088346e+01	-2.368641e-02	-1.445079e-03	5.439277e-01	4.011338e-01	3.883162e-01	1.464663e-02	-8.093874e-02	-4.568842e-03
220	5.938596e+03	2.762501e+02	1.074613e+01	-1.395876e-02	3.345804e-02	5.365552e-01	3.964699e-01	3.925264e-01	1.461499e-02	-8.768895e-02	-7.112888e-03
221	1.380616e+05	2.762496e+02	1.092457e+01	-2.476496e-02	-1.448881e-03	5.450666e-01	3.977673e-01	3.863399e-01	1.415400e-02	-8.071653e-02	-4.675609e-03
222	5.938596e+03	2.787499e+02	1.079008e+01	-1.799943e-02	3.334695e-02	5.408111e-01	3.916446e-01	3.899201e-01	1.552777e-02	-8.689310e-02	-7.269396e-03
223	1.380616e+05	2.787505e+02	1.096438e+01	-2.750241e-02	-1.426383e-03	5.461547e-01	3.948871e-01	3.845203e-01	1.358483e-02	-8.052592e-02	-4.849526e-03
224	5.938596e+03	2.812499e+02	1.083079e+01	-2.330783e-02	3.347049e-02	5.460233e-01	3.906161e-01	3.872230e-01	1.609190e-02	-8.626657e-02	-6.462168e-03
225	1.380616e+05	2.812490e+02	1.100267e+01	-2.998866e-02	-1.441505e-03	5.462373e-01	3.933288e-01	3.826160e-01	1.255289e-02	-8.026948e-02	-4.904718e-03
226	5.938597e+03	2.837501e+02	1.087173e+01	-2.990144e-02	3.399034e-02	5.468131e-01	3.913626e-01	3.848031e-01	1.517451e-02	-8.515684e-02	-5.347224e-03
227	1.380617e+05	2.837499e+02	1.104058e+01	-3.243184e-02	-1.460936e-03	5.456598e-01	3.919008e-01	3.809598e-01	1.091975e-02	-7.997869e-02	-4.877138e-03
228	5.938597e+03	2.862499e+02	1.091175e+01	-3.770575e-02	3.348437e-02	5.451752e-01	3.899141e-01	3.835661e-01	1.265061e-02	-8.462842e-02	-4.439469e-03
229	1.380617e+05	2.862486e+02	1.107737e+01	-3.566789e-02	-1.439397e-03	5.447351e-01	3.890946e-01	3.792390e-01	8.862454e-03	-7.982592e-02	-4.710315e-03
230	5.938596e+03	2.887500e+02	1.095148e+01	-4.518272e-02	3.306311e-02	5.420058e-01	3.860217e-01	3.828758e-01	9.544221e-03	-8.398825e-02	-3.501688e-03
231	1.380616e+05	2.887515e+02	1.111383e+01	-3.891581e-02	-1.429943e-03	5.431359e-01	3.859548e-01	3.776002e-01	7.114311e-03	-7.956881e-02	-4.496657e-03
232	5.938596e+03	2.912500e+02	1.099134e+01	-5.143289e-02	3.241105e-02	5.374463e-01	3.828826e-01	3.819980e-01	7.230910e-03	-8.367668e-02	-2.420865e-03
233	1.380615e+05	2.912487e+02	1.115105e+01	-4.320522e-02	-1.368285e-03	5.415663e-01	3.824994e-01	3.757584e-01	5.913568e-03	-7.934102e-02	-4.353926e-03
234	5.938596e+03	2.937500e+02	1.103180e+01	-5.732583e-02	3.196660e-02	5.297927e-01	3.823889e-01	3.803323e-01	5.983434e-03	-8.293814e-02	-1.202668e-03
235	1.380615e+05	2.937512e+02	1.118764e+01	-4.698408e-02	-1.395469e-03	5.399265e-01	3.795129e-01	3.737561e-01	4.771600e-03	-7.898340e-02	-4.204912e-03
236	5.938597e+03	2.962499e+02	1.107263e+01	-6.165743e-02	3.199349e-02	5.255807e-01	3.831479e-01	3.787000e-01	4.700421e-03	-8.258227e-02	-2.951913e-04
237	1.380615e+05	2.962486e+02	1.122393e+01	-4.838271e-02	-1.363094e-03	5.386109e-01	3.773856e-01	3.713932e-01	3.397879e-03	-7.851633e-02	-4.131715e-03
238	5.938596e+03	2.987500e+02	1.111300e+01	-6.412301e-02	3.140505e-02	5.229993e-01	3.838167e-01	3.768359e-01	2.019989e-03	-8.181313e-02	-2.181188e-04
239	1.380614e+05	2.987498e+02	1.125950e+01	-4.688151e-02	-1.364891e-03	5.372823e-01	3.762012e-01	3.687045e-01	1.938651e-03	-7.807781e-02	-3.996061e-03
240	5.938597e+03	3.012499e+02	1.115320e+01	-6.331559e-02	3.122299e-02	5.190526e-01	3.836129e-01	3.738883e-01	2.236354e-04	-8.062395e-02	-4.981169e-04
241	1.380614e+05	3.012496e+02	1.129382e+01	-4.312378e-02	-1.330332e-03	5.366943e-01	3.760261e-01	3.659521e-01	8.863292e-04	-7.770786e-02	-3.876193e-03
242	5.938636e+03	3.037499e+02	1.119116e+01	-5.994964e-02	3.046262e-02	5.171193e-01	3.823617e-01	3.709791e-01	-7.797054e-04	-7.935300e-02	-9.844849e-04
243	1.380614e+05	3.037499e+02	1.132639e+01	-3.907974e-02	-1.313822e-03	5.371808e-01	3.756213e-01	3.632967e-01	2.074723e-04	-7.736431e-02	-3.818173e-03
244	5.938598e+03	3.062500e+02	1.122815e+01	-5.567626e-02	3.071612e-02	5.173531e-01	3.801686e-01	3.684342e-01	-1.179885e-03	-7.769863e-02	-1.353313e-03
245	1.380615e+05	3.062504e+02	1.135961e+01	-3.531922e-02	-1.321396e-03	5.374745e-01	3.741573e-01	3.606823e-01	-3.191688e-04	-7.688726e-02	-3.765468e-03
246	5.938598e+03	3.087499e+02	1.126436e+01	-5.076931e-02	3.098586e-02	5.177092e-01	3.781804e-01	3.664025e-01	-4.498223e-04	-7.660217e-02	-2.127600e-03
247	1.380615e+05	3.087487e+02	1.139357e+01	-3.246807e-02	-1.334090e-03	5.370112e-01	3.723098e-01	3.579586e-01	-8.533630e-04	-7.642252e-02	-3.817950e-03
248	5.938598e+03	3.112500e+02	1.130028e+01	-4.454467e-02	3.129872e-02	5.153887e-01	3.775797e-01	3.644084e-01	1.790070e-03	-7.576226e-02	-4.059075e-03
249	1.380615e+05	3.112509e+02	1.142684e+01	-3.086391e-02	-1.350807e-03	5.358934e-01	3.696745e-01	3.552711e-01	-6.898586e-04	-7.581445e-02	-3.807414e-03
250	5.938598e+03	3.137498e+02	1.133681e+01	-3.914988e-02	3.144967e-02	5.141097e-01	3.799029e-01	3.621877e-01	4.101837e-03	-7.519375e-02	-6.286815e-03
251	1.380616e+05	3.137498e+02	1.146155e+01	-3.053504e-02	-1.344376e-03	5.339417e-01	3.674031e-01	3.527337e-01	-3.339719e-04	-7.515831e-02	-3.875931e-03
252	5.938598e+03	3.162498e+02	1.137340e+01	-3.598538e-02	3.123327e-02	5.131552e-01	3.823635e-01	3.608106e-01	4.620888e-03	-7.495230e-02	-7.499417e-03
253	1.380616e+05	3.162498e+02	1.149691e+01	-3.120671e-02	-1.350521e-03	5.329702e-01	3.661648e-01	3.502867e-01	-4.786221e-04	-7.455052e-02	-3.934673e-03
254	5.938597e+03	3.187498e+02	1.141094e+01	-3.510759e-02	3.103547e-02	5.130021e-01	3.836731e-01	3.600471e-01	4.695639e-03	-7.496480e-02	-7.475844e-03
255	1.380616e+05	3.187497e+02	1.153219e+01	-3.251341e-02	-1.327267e-03	5.332914e-01	3.651702e-01	3.479770e-01	-4.209877e-04	-7.381234e-02	-4.075923e-03
256	5.938598e+03	3.212499e+02	1.145064e+01	-3.503639e-02	3.064262e-02	5.136262e-01	3.854421e-01	3.601024e-01	4.684077e-03	-7.470341e-02	-7.244388e-03
257	1.380615e+05	3.212493e+02	1.156793e+01	-3.447990e-02	-1.334063e-03	5.335041e-01	3.634252e-01	3.456599e-01	-1.226281e-04	-7.311495e-02	-4.171211e-03
258	5.938598e+03	3.237499e+02	1.148961e+01	-3.614094e-02	3.028383e-02	5.134661e-01	3.874088e-01	3.603297e-01	5.117141e-03	-7.442944e-02	-7.309178e-03
259	1.380615e+05	3.237493e+02	1.160336e+01	-3.576299e-02	-1.286688e-03	5.330086e-01	3.603339e-01	3.433846e-01	-4.002275e-04	-7.235924e-02	-4.225897e-03
260	5.938598e+03	3.262500e+02	1.152838e+01	-3.859655e-02	2.924774e-02	5.091832e-01	3.858442e-01	3.598189e-01	4.647806e-03	-7.361961e-02	-6.880850e-03
261	1.380616e+05	3.262504e+02	1.163799e+01	-3.581045e-02	-1.262819e-03	5.314886e-01	3.566551e-01	3.410167e-01	-5.513080e-04	-7.171655e-02	-4.190135e-03
262	5.938597e+03	3.287499e+02	1.156900e+01	-4.135587e-02	2.679318e-02	5.031872e-01	3.804608e-01	3.586005e-01	3.045545e-03	-7.272380e-02	-6.051734e-03
263	1.380616e+05	3.287492e+02	1.167174e+01	-3.534648e-02	-1.148433e-03	5.300733e-01	3.528178e-01	3.386522e-01	-1.214342e-04	-7.110368e-02	-4.162396e-03
264	5.938596e+03	3.312500e+02	1.161080e+01	-4.231703e-02	2.379949e-02	4.970913e-01	3.732194e-01	3.559257e-01	1.719564e-03	-7.203208e-02	-4.566346e-03
265	1.380616e+05	3.312495e+02	1.170537e+01	-3.429282e-02	-1.025647e-03	5.290312e-01	3.485971e-01	3.361501e-01	3.820770e-04	-7.048523e-02	-4.074670e-03
266	5.938597e+03	3.337500e+02	1.165386e+01	-4.004168e-02	2.159235e-02	4.935175e-01	3.662208e-01	3.519075e-01	2.263653e-03	-7.117168e-02	-2.670112e-03
267	1.380616e+05	3.337473e+02	1.173893e+01	-3.353759e-02	-9.263366e-04	5.276031e-01	3.442017e-01	3.336164e-01	1.539003e-03	-6.986752e-02	-4.006877e-03
268	5.938596e+03	3.362500e+02	1.169549e+01	-3.600719e-02	1.890232e-02	4.890732e-01	3.601680e-01	3.467873e-01	3.075133e-03	-6.962498e-02	-1.357904e-03
269	1.380616e+05	3.362498e+02	1.177286e+01	-3.342965e-02	-8.056160e-04	5.267395e-01	3.402451e-01	3.310174e-01	2.666937e-03	-6.916966e-02	-3.922373e-03
270	5.938597e+03	3.387500e+02	1.173976e+01	-3.209075e-02	1.617971e-02	4.871172e-01	3.560347e-01	3.422533e-01	3.111501e-03	-6.804945e-02	-7.428969e-04
271	1.380615e+05	3.387489e+02	1.180824e+01	-3.269598e-02	-7.115582e-04	5.258459e-01	3.363747e-01	3.284411e-01	3.073784e-03	-6.846821e-02	-3.818371e-03
272	5.938596e+03	3.412500e+02	1.178448e+01	-2.761877e-02	1.266498e-02	4.854818e-01	3.524653e-01	3.385773e-01	3.973303e-03	-6.687754e-02	-3.900155e-04
273	1.380615e+05	3.412494e+02	1.184335e+01	-3.058937e-02	-5.281653e-04	5.247396e-01	3.325928e-01	3.257359e-01	3.721295e-03	-6.767136e-02	-3.724043e-03
274	5.938596e+03	3.437501e+02	1.182734e+01	-2.404448e-02	8.673253e-03	4.843087e-01	3.497398e-01	3.361570e-01	5.262358e-03	-6.613930e-02	-3.421845e-04
275	1.380615e+05	3.437505e+02	1.187943e+01	-2.787256e-02	-3.845503e-04	5.243036e-01	3.294737e-01	3.229407e-01	4.104012e-03	-6.681152e-02	-3.615469e-03
276	5.938596e+03	3.462500e+02	1.187110e+01	-2.106703e-02	5.201636e-03	4.812986e-01	3.464507e-01	3.338966e-01	4.918794e-03	-6.537092e-02	-5.496775e-04
277	1.380616e+05	3.462491e+02	1.191625e+01	-2.651840e-02	-2.127497e-04	5.243253e-01	3.263207e-01	3.199839e-01	3.966022e-03	-6.585965e-02	-3.542382e-03
278	5.938596e+03	3.487500e+02	1.191762e+01	-1.899906e-02	2.964359e-03	4.787796e-01	3.427993e-01	3.315542e-01	3.825083e-03	-6.462735e-02	-1.451378e-03
279	1.380616e+05	3.487495e+02	1.195272e+01	-2.590314e-02	-1.362518e-04	5.252860e-01	3.239386e-01	3.171479e-01	2.534921e-03	-6.487714e-02	-3.385821e-03
280	5.938596e+03	3.512502e+02	1.196354e+01	-1.660527e-02	1.334642e-03	4.782875e-01	3.400477e-01	3.286449e-01	1.603183e-03	-6.389271e-02	-1.863118e-03
281	1.380616e+05	3.512490e+02	1.198875e+01	-2.507385e-02	-5.228027e-05	5.273347e-01	3.220868e-01	3.143928e-01	4.164920e-05	-6.379370e-02	-3.305708e-03
282	5.938597e+03	3.537498e+02	1.200677e+01	-1.562159e-02	-2.614406e-04	4.790510e-01	3.349890e-01	3.258318e-01	5.844984e-04	-6.299692e-02	-1.979286e-03
283	1.380616e+05	3.537517e+02	1.202300e+01	-2.339000e-02	6.521708e-06	5.286080e-01	3.196462e-01	3.119001e-01	-2.410027e-03	-6.262758e-02	-3.153129e-03
284	5.938596e+03	3.562502e+02	1.204860e+01	-1.603984e-02	-1.845866e-03	4.803818e-01	3.286193e-01	3.228944e-01	3.335247e-04	-6.210184e-02	-1.804319e-03
285	1.380617e+05	3.562477e+02	1.205597e+01	-2.252795e-02	9.998756e-05	5.294800e-01	3.160616e-01	3.093530e-01	-3.542114e-03	-6.141564e-02	-3.103545e-03
286	5.938630e+03	3.587501e+02	1.208950e+01	-1.492252e-02	-3.846655e-03	4.800909e-01	3.228043e-01	3.208482e-01	-9.653373e-04	-6.124110e-02	-1.886372e-03
287	1.380618e+05	3.587507e+02	1.208824e+01	-2.153486e-02	1.478281e-04	5.295728e-01	3.125226e-01	3.066733e-01	-4.334647e-03	-6.015015e-02	-2.903445e-03
288	5.938596e+03	3.612500e+02	1.212826e+01	-1.185893e-02	-5.714401e-03	4.791878e-01	3.198112e-01	3.184581e-01	-2.754529e-03	-6.038645e-02	-1.917354e-03
289	1.380618e+05	3.612485e+02	1.212016e+01	-2.026354e-02	2.567674e-04	5.282170e-01	3.101129e-01	3.039784e-01	-4.888945e-03	-5.882558e-02	-2.752903e-03
290	5.938596e+03	3.637501e+02	1.216773e+01	-6.928362e-03	-7.316018e-03	4.786936e-01	3.196719e-01	3.155524e-01	-4.922519e-03	-5.918153e-02	-1.761921e-03
291	1.380619e+05	3.637502e+02	1.215115e+01	-1.870158e-02	3.029853e-04	5.266583e-01	3.091488e-01	3.013443e-01	-5.779271e-03	-5.750366e-02	-2.545226e-03
292	5.938597e+03	3.662501e+02	1.220651e+01	-3.002998e-03	-8.868830e-03	4.812539e-01	3.205047e-01	3.120404e-01	-5.991851e-03	-5.745271e-02	-1.812053e-03
293	1.380619e+05	3.662477e+02	1.218137e+01	-1.674277e-02	4.021147e-04	5.264667e-01	3.087101e-01	2.986066e-01	-7.563274e-03	-5.614704e-02	-2.406482e-03
294	5.938597e+03	3.687500e+02	1.224360e+01	5.626734e-04	-9.908570e-03	4.831615e-01	3.196352e-01	3.081282e-01	-5.279557e-03	-5.573657e-02	-2.169312e-03
295	1.380619e+05	3.687485e+02	1.221200e+01	-1.545007e-02	4.116046e-04	5.271228e-01	3.069285e-01	2.955755e-01	-9.115970e-03	-5.481089e-02	-2.255963e-03
296	5.938597e+03	3.712499e+02	1.227632e+01	1.757949e-03	-1.080831e-02	4.843650e-01	3.164251e-01	3.035122e-01	-4.257844e-03	-5.396987e-02	-2.724908e-03
297	1.380620e+05	3.712472e+02	1.224329e+01	-1.462240e-02	4.737781e-04	5.273922e-01	3.048594e-01	2.923789e-01	-1.012407e-02	-5.344658e-02	-2.113842e-03
298	5.938597e+03	3.737501e+02	1.230958e+01	2.032706e-03	-1.049415e-02	4.847172e-01	3.121631e-01	2.985509e-01	-3.897881e-03	-5.183384e-02	-2.411056e-03
299	1.380620e+05	3.737493e+02	1.227462e+01	-1.374582e-02	4.457756e-04	5.276524e-01	3.024055e-01	2.893698e-01	-1.111250e-02	-5.209447e-02	-2.010377e-03
300	5.938597e+03	3.762500e+02	1.234414e+01	2.291198e-03	-9.810254e-03	4.834921e-01	3.082355e-01	2.940558e-01	-4.811183e-03	-5.003127e-02	-1.223643e-03
301	1.380619e+05	3.762487e+02	1.230618e+01	-1.361375e-02	4.300431e-04	5.277777e-01	2.997271e-01	2.865827e-01	-1.204599e-02	-5.075701e-02	-1.937183e-03
302	5.938596e+03	3.787499e+02	1.237827e+01	1.578197e-03	-9.188962e-03	4.816770e-01	3.042355e-01	2.901626e-01	-6.355014e-03	-4.812114e-02	-3.191357e-05
303	1.380620e+05	3.787481e+02	1.233654e+01	-1.359061e-02	3.932705e-04	5.277087e-01	2.960221e-01	2.837639e-01	-1.271650e-02	-4.944614e-02	-1.817613e-03
304	5.938597e+03	3.812501e+02	1.241075e+01	1.062362e-03	-8.805146e-03	4.794066e-01	2.985644e-01	2.867866e-01	-7.381725e-03	-4.625064e-02	3.141490e-04
305	1.380619e+05	3.812486e+02	1.236616e+01	-1.349200e-02	3.819588e-04	5.271059e-01	2.909208e-01	2.807404e-01	-1.283562e-02	-4.816113e-02	-1.645839e-03
306	5.938597e+03	3.837501e+02	1.244060e+01	1.743879e-03	-8.368838e-03	4.778751e-01	2.924979e-01	2.840235e-01	-8.295215e-03	-4.421564e-02	1.606652e-04
307	1.380619e+05	3.837478e+02	1.239449e+01	-1.318967e-02	3.630688e-04	5.266845e-01	2.864891e-01	2.775426e-01	-1.215907e-02	-4.689815e-02	-1.374015e-03
308	5.938596e+03	3.862502e+02	1.246829e+01	3.118234e-03	-8.148184e-03	4.766923e-01	2.881328e-01	2.801099e-01	-8.384707e-03	-4.186547e-02	-4.700894e-04
309	1.380618e+05	3.862494e+02	1.242190e+01	-1.230691e-02	3.313388e-04	5.262990e-01	2.835032e-01	2.739696e-01	-1.114908e-02	-4.558674e-02	-1.147643e-03
310	5.938597e+03	3.887501e+02	1.249629e+01	3.823430e-03	-7.540961e-03	4.761924e-01	2.847002e-01	2.754034e-01	-8.056165e-03	-3.991672e-02	-7.431408e-04
311	1.380618e+05	3.887480e+02	1.244907e+01	-1.122414e-02	3.490245e-04	5.253353e-01	2.811171e-01	2.702021e-01	-1.096672e-02	-4.426822e-02	-9.693162e-04
312	5.938599e+03	3.912498e+02	1.252264e+01	5.002725e-03	-6.722608e-03	4.748079e-01	2.816101e-01	2.707048e-01	-6.637535e-03	-3.753115e-02	-7.956112e-04
313	1.380617e+05	3.912499e+02	1.247575e+01	-1.014441e-02	2.650007e-04	5.237653e-01	2.785677e-01	2.663971e-01	-1.083489e-02	-4.292671e-02	-8.413600e-04
314	5.938599e+03	3.937499e+02	1.254852e+01	4.983836e-03	-6.095683e-03	4.738383e-01	2.775708e-01	2.658542e-01	-4.845915e-03	-3.553537e-02	-9.481489e-04
315	1.380617e+05	3.937482e+02	1.250142e+01	-8.015897e-03	2.905616e-04	5.219870e-01	2.761237e-01	2.626283e-01	-1.041852e-02	-4.167893e-02	-7.193919e-04
316	5.938599e+03	3.962500e+02	1.257443e+01	3.861831e-03	-6.659519e-03	4.738616e-01	2.715323e-01	2.615343e-01	-4.215505e-03	-3.369483e-02	-1.270997e-03
317	1.380616e+05	3.962497e+02	1.252691e+01	-5.506627e-03	2.568787e-04	5.200973e-01	2.737371e-01	2.590100e-01	-1.031848e-02	-4.046184e-02	-6.805154e-04
318	5.938599e+03	3.987497e+02	1.259822e+01	3.305217e-03	-7.639594e-03	4.735156e-01	2.633561e-01	2.580705e-01	-3.248100e-03	-3.194531e-02	-1.631922e-03
319	1.380618e+05	3.987491e+02	1.255123e+01	-2.646904e-03	3.667850e-04	5.179504e-01	2.695613e-01	2.556970e-01	-9.331615e-03	-3.940023e-02	-5.710165e-04
320	5.938599e+03	4.012500e+02	1.262162e+01	2.730278e-03	-8.166918e-03	4.738793e-01	2.556742e-01	2.551853e-01	-1.802717e-03	-3.045443e-02	-1.815060e-03
321	1.380618e+05	4.012502e+02	1.257473e+01	-6.876304e-04	3.129087e-04	5.168454e-01	2.642255e-01	2.526631e-01	-7.757723e-03	-3.839574e-02	-5.127821e-04
322	5.938599e+03	4.037497e+02	1.264234e+01	2.058003e-03	-7.455362e-03	4.752184e-01	2.492643e-01	2.523599e-01	-7.357189e-04	-2.955503e-02	-1.360103e-03
323	1.380617e+05	4.037466e+02	1.259658e+01	1.067414e-04	3.700316e-04	5.162406e-01	2.585707e-01	2.497164e-01	-6.772459e-03	-3.744768e-02	-4.229513e-04
324	5.938599e+03	4.062499e+02	1.266324e+01	1.484716e-03	-6.886425e-03	4.776890e-01	2.448764e-01	2.493562e-01	-1.458578e-04	-2.881453e-02	-9.787007e-04
325	1.380617e+05	4.062495e+02	1.261802e+01	2.558844e-04	2.454145e-04	5.163102e-01	2.535447e-01	2.468455e-01	-6.169761e-03	-3.642670e-02	-3.153549e-04
326	5.938599e+03	4.087497e+02	1.268615e+01	6.934711e-04	-5.933688e-03	4.811625e-01	2.402678e-01	2.465688e-01	-4.953511e-04	-2.803220e-02	-7.512342e-04
327	1.380615e+05	4.087506e+02	1.264011e+01	6.535666e-04	3.050218e-04	5.178351e-01	2.492367e-01	2.440406e-01	-5.644028e-03	-3.546805e-02	-1.918939e-04
328	5.938598e+03	4.112499e+02	1.270775e+01	2.906637e-05	-6.037641e-03	4.853446e-01	2.372100e-01	2.432289e-01	-9.292878e-04	-2.676342e-02	-6.521444e-04
329	1.380611e+05	4.112512e+02	1.266002e+01	1.206097e-03	2.027565e-04	5.203394e-01	2.452872e-01	2.412536e-01	-4.898833e-03	-3.451622e-02	-8.224465e-05
330	5.938636e+03	4.137499e+02	1.272799e+01	8.803934e-04	-5.795574e-03	4.912335e-01	2.354365e-01	2.396756e-01	-7.948280e-04	-2.527045e-02	-7.789000e-04
331	1.380612e+05	4.137485e+02	1.267920e+01	2.648388e-03	3.101243e-04	5.221949e-01	2.414741e-01	2.384877e-01	-3.987899e-03	-3.360831e-02	3.348415e-05
332	2.390483e+03	4.162499e+02	1.273607e+01	2.604654e-03	-2.897874e-03	5.035071e-01	2.356201e-01	2.366011e-01	-1.419315e-04	-2.446012e-02	-8.906876e-04
333	1.416096e+05	4.162499e+02	1.270051e+01	4.752085e-03	-1.621137e-05	5.237395e-01	2.380580e-01	2.358168e-01	-2.842624e-03	-3.243942e-02	9.766027e-05
334	2.343621e+03	4.187498e+02	1.275648e+01	4.829370e-03	-2.580055e-03	5.094303e-01	2.345427e-01	2.330095e-01	6.503487e-04	-2.280047e-02	-9.541262e-04
335	1.416565e+05	4.187504e+02	1.272086e+01	6.440496e-03	1.141414e-04	5.263043e-01	2.354376e-01	2.331853e-01	-2.023809e-03	-3.149891e-02	1.710676e-04
336	2.359240e+03	4.212498e+02	1.277676e+01	5.903626e-03	-2.561779e-03	5.147766e-01	2.333557e-01	2.299778e-01	1.428874e-03	-2.125100e-02	-1.046735e-03
337	1.416409e+05	4.212511e+02	1.274148e+01	8.114181e-03	-3.641925e-05	5.294413e-01	2.337644e-01	2.306298e-01	-1.861570e-03	-3.053869e-02	2.025633e-04
338	2.359240e+03	4.237499e+02	1.279790e+01	5.690925e-03	-2.272335e-03	5.203900e-01	2.328578e-01	2.271036e-01	2.543254e-03	-2.025373e-02	-1.150214e-03
339	1.416406e+05	4.237499e+02	1.276245e+01	9.213219e-03	1.276365e-04	5.330294e-01	2.330049e-01	2.279494e-01	-2.273714e-03	-2.957879e-02	2.118551e-04
340	2.374863e+03	4.262498e+02	1.281670e+01	6.595709e-03	-2.853604e-03	5.251518e-01	2.331363e-01	2.245559e-01	2.642374e-03	-1.921063e-02	-9.397279e-04
341	1.416253e+05	4.262498e+02	1.278300e+01	9.778090e-03	-4.356518e-05	5.371103e-01	2.323628e-01	2.252595e-01	-2.917761e-03	-2.855645e-02	2.197055e-04
342	2.359240e+03	4.287500e+02	1.283474e+01	8.275151e-03	-3.387513e-03	5.318534e-01	2.322255e-01	2.216356e-01	2.498960e-03	-1.835187e-02	-6.188939e-04
343	1.416408e+05	4.287498e+02	1.280225e+01	1.038537e-02	1.542696e-04	5.411601e-01	2.307289e-01	2.225749e-01	-3.819694e-03	-2.760058e-02	2.662516e-04
344	2.390483e+03	4.312498e+02	1.285306e+01	9.762936e-03	-5.131299e-03	5.362161e-01	2.289596e-01	2.182147e-01	2.592004e-03	-1.725500e-02	-3.241603e-04
345	1.416096e+05	4.312520e+02	1.281984e+01	1.082608e-02	-1.886915e-05	5.444570e-01	2.271793e-01	2.200202e-01	-4.252601e-03	-2.656888e-02	2.910041e-04
346	2.359240e+03	4.337497e+02	1.287010e+01	1.015082e-02	-6.962044e-03	5.416594e-01	2.236255e-01	2.144440e-01	2.342359e-03	-1.635888e-02	-3.087932e-04
347	1.416407e+05	4.337487e+02	1.283625e+01	1.093547e-02	2.275419e-04	5.470736e-01	2.229656e-01	2.174227e-01	-4.437386e-03	-2.565633e-02	3.101753e-04
348	2.343622e+03	4.362498e+02	1.288771e+01	1.041478e-02	-9.332084e-03	5.452478e-01	2.186100e-01	2.104589e-01	1.820722e-03	-1.547022e-02	-4.080590e-04
349	1.416561e+05	4.362517e+02	1.285154e+01	1.021599e-02	2.941379e-05	5.486226e-01	2.192944e-01	2.147695e-01	-4.284809e-03	-2.461893e-02	3.196170e-04
350	2.343621e+03	4.387500e+02	1.290259e+01	1.074617e-02	-1.112018e-02	5.495627e-01	2.138501e-01	2.065669e-01	1.506985e-03	-1.532242e-02	-4.709040e-04
351	1.416564e+05	4.387508e+02	1.286610e+01	8.911349e-03	3.187563e-04	5.500121e-01	2.162549e-01	2.119299e-01	-3.868617e-03	-2.369589e-02	3.666683e-04
352	2.343621e+03	4.412498e+02	1.291639e+01	1.021139e-02	-1.245949e-02	5.535028e-01	2.091192e-01	2.026251e-01	2.196188e-03	-1.532751e-02	-3.466093e-04
353	1.416569e+05	4.412481e+02	1.287973e+01	7.854097e-03	6.958912e-05	5.512456e-01	2.128144e-01	2.087791e-01	-3.195673e-03	-2.261766e-02	3.874605e-04
354	2.359240e+03	4.437499e+02	1.293085e+01	8.263004e-03	-1.256258e-02	5.571839e-01	2.054421e-01	1.988539e-01	3.445082e-03	-1.579064e-02	-2.557335e-04
355	1.416413e+05	4.437488e+02	1.289375e+01	6.685738e-03	3.595152e-04	5.521337e-01	2.090831e-01	2.053375e-01	-2.084406e-03	-2.168337e-02	3.935808e-04
356	2.359239e+03	4.462499e+02	1.294469e+01	6.034461e-03	-1.339897e-02	5.623554e-01	2.022745e-01	1.948611e-01	4.279211e-03	-1.607492e-02	-9.220479e-05
357	1.416412e+05	4.462468e+02	1.290689e+01	5.975606e-03	5.587529e-05	5.536335e-01	2.054823e-01	2.019546e-01	-1.343432e-03	-2.061514e-02	4.120934e-04
358	2.343621e+03	4.487498e+02	1.295722e+01	3.290204e-03	-1.318579e-02	5.658890e-01	1.969716e-01	1.903539e-01	4.949028e-03	-1.632754e-02	1.426099e-04
359	1.416567e+05	4.487498e+02	1.291950e+01	5.631758e-03	3.993615e-04	5.558920e-01	2.010908e-01	1.985941e-01	-2.192634e-04	-1.975866e-02	4.105871e-04
360	2.343621e+03	4.512499e+02	1.296749e+01	9.818600e-04	-1.358800e-02	5.666195e-01	1.923886e-01	1.856844e-01	5.711777e-03	-1.602050e-02	1.723422e-04
361	1.416567e+05	4.512487e+02	1.293157e+01	5.757386e-03	2.739471e-05	5.574020e-01	1.966219e-01	1.951274e-01	1.398733e-03	-1.872368e-02	4.120550e-04
362	2.374864e+03	4.537499e+02	1.297734e+01	7.497797e-04	-1.343200e-02	5.675780e-01	1.873454e-01	1.811143e-01	7.110748e-03	-1.578708e-02	-3.393484e-05
363	1.416254e+05	4.537490e+02	1.294264e+01	6.253911e-03	4.397682e-04	5.584139e-01	1.911848e-01	1.918032e-01	3.117385e-03	-1.791354e-02	4.098587e-04
364	2.359242e+03	4.562500e+02	1.298574e+01	1.489938e-03	-1.384096e-02	5.686665e-01	1.821906e-01	1.767152e-01	8.635966e-03	-1.497114e-02	-1.801765e-04
365	1.416411e+05	4.562479e+02	1.295262e+01	7.261501e-03	-4.316953e-06	5.593755e-01	1.857477e-01	1.885122e-01	4.841566e-03	-1.687628e-02	3.936170e-04
366	2.343621e+03	4.587500e+02	1.299570e+01	3.579762e-03	-1.335973e-02	5.707168e-01	1.771004e-01	1.724603e-01	9.650190e-03	-1.439810e-02	-2.055055e-04
367	1.416567e+05	4.587495e+02	1.296273e+01	8.871626e-03	4.775239e-04	5.611983e-01	1.817887e-01	1.850680e-01	6.369953e-03	-1.609518e-02	3.605211e-04
368	2.343621e+03	4.612500e+02	1.300579e+01	5.490715e-03	-1.372928e-02	5.738310e-01	1.730102e-01	1.681093e-01	1.067794e-02	-1.352315e-02	-1.594376e-04
369	1.416567e+05	4.612499e+02	1.297229e+01	1.003382e-02	-5.731982e-05	5.640390e-01	1.789472e-01	1.813990e-01	7.994369e-03	-1.503569e-02	3.327036e-04
370	2.343621e+03	4.637498e+02	1.301295e+01	7.620856e-03	-1.278686e-02	5.767614e-01	1.694709e-01	1.642421e-01	1.196201e-02	-1.297443e-02	-6.247749e-05
371	1.416566e+05	4.637527e+02	1.298066e+01	1.064969e-02	5.172751e-04	5.675403e-01	1.759567e-01	1.776357e-01	9.649555e-03	-1.426870e-02	3.205979e-04
372	2.374864e+03	4.662499e+02	1.301701e+01	1.019769e-02	-1.292433e-02	5.780900e-01	1.652319e-01	1.600928e-01	1.359667e-02	-1.226945e-02	9.718477e-05
373	1.416254e+05	4.662487e+02	1.298823e+01	1.118081e-02	-1.120307e-04	5.711437e-01	1.720641e-01	1.737020e-01	1.148439e-02	-1.316498e-02	3.252834e-04
375	1.440002e+05	4.687475e+02	1.299554e+01	1.162835e-02	3.525627e-04	5.742766e-01	1.677820e-01	1.693058e-01	1.250008e-02	-1.243819e-02	3.198469e-04
377	1.440002e+05	4.712491e+02	1.300194e+01	1.108475e-02	-3.829863e-04	5.766041e-01	1.643439e-01	1.649050e-01	1.188290e-02	-1.127211e-02	3.105428e-04
379	1.440002e+05	4.737516e+02	1.300805e+01	9.674270e-03	4.187530e-04	5.785908e-01	1.618392e-01	1.603159e-01	1.022671e-02	-1.056365e-02	3.131136e-04
381	1.440002e+05	4.762502e+02	1.301406e+01	8.261501e-03	-4.575421e-04	5.808250e-01	1.595899e-01	1.554367e-01	7.785365e-03	-9.346257e-03	3.295175e-04
383	1.440001e+05	4.787498e+02	1.301970e+01	7.583557e-03	4.975002e-04	5.830462e-01	1.578139e-01	1.501355e-01	5.445784e-03	-8.693519e-03	3.233575e-04
385	1.440001e+05	4.812482e+02	1.302512e+01	7.091572e-03	-5.416877e-04	5.845969e-01	1.570721e-01	1.443636e-01	3.166368e-03	-7.391478e-03	3.004373e-04
387	1.440001e+05	4.837504e+02	1.302950e+01	6.661372e-03	5.803823e-04	5.869599e-01	1.579842e-01	1.378618e-01	9.972488e-04	-6.791400e-03	2.723186e-04
389	1.440001e+05	4.862506e+02	1.303250e+01	6.887359e-03	-6.293958e-04	5.902460e-01	1.596470e-01	1.304301e-01	-7.238366e-04	-5.401921e-03	2.023643e-04
391	1.440001e+05	4.887508e+02	1.303435e+01	6.618898e-03	6.590447e-04	5.932937e-01	1.614610e-01	1.212319e-01	-1.652680e-03	-4.828439e-03	1.641409e-04
393	1.440001e+05	4.912490e+02	1.303445e+01	4.241876e-03	-7.313328e-04	5.967485e-01	1.651231e-01	1.096443e-01	-1.359138e-03	-3.370484e-03	1.040796e-04
395	1.440001e+05	4.937481e+02	1.303372e+01	3.247640e-04	7.534322e-04	6.026253e-01	1.736480e-01	9.339009e-02	-1.050652e-03	-2.854526e-03	7.755493e-05
397	1.440001e+05	4.962494e+02	1.303239e+01	-4.995630e-03	-9.439224e-04	6.105270e-01	1.915788e-01	7.020936e-02	-1.991533e-03	-1.251227e-03	-1.360519e-05
399	1.440001e+05	4.987483e+02	1.303016e+01	-1.223089e-02	1.093773e-03	6.269812e-01	2.272282e-01	3.128238e-02	-4.785100e-03	-8.380078e-04	1.482036e-05
