Time (s)	1.000000e+04	dt_sampled - EXTRA_TIME	3.737500e+03
 i	 Vol	 Z	 Uavg	 Vavg	 Wavg	 Urms	 Vrms	 Wrms	 UVmean	 UWmean	 VWmean
0	6.299784e+04	6.250523e-01	-3.703473e-03	1.712978e-01	-9.546673e-03	3.662142e-01	3.413596e-01	1.108800e-01	4.112034e-04	-1.066571e-04	-2.536888e-04
1	6.299783e+04	1.875121e+00	2.637785e-02	2.432774e-01	2.999303e-03	3.194284e-01	2.981535e-01	1.731387e-01	3.166232e-03	-1.940437e-03	-2.465457e-03
2	6.299784e+04	3.125299e+00	4.438754e-02	2.773288e-01	-8.151338e-04	3.038188e-01	2.871385e-01	2.107116e-01	3.239864e-03	-3.161668e-03	-3.942566e-03
3	6.299784e+04	4.375255e+00	5.822303e-02	2.969549e-01	1.033547e-03	2.999863e-01	2.861563e-01	2.317913e-01	3.208235e-03	-4.198599e-03	-4.487189e-03
4	6.299784e+04	5.625647e+00	6.882092e-02	3.092397e-01	-5.241821e-04	2.999570e-01	2.871468e-01	2.458142e-01	3.326929e-03	-5.261926e-03	-5.433214e-03
5	6.299786e+04	6.875608e+00	7.773275e-02	3.171344e-01	4.193133e-04	3.013842e-01	2.888794e-01	2.555634e-01	3.532767e-03	-6.079505e-03	-5.898531e-03
6	6.299783e+04	8.125446e+00	8.583632e-02	3.230819e-01	-2.705494e-04	3.035615e-01	2.913865e-01	2.642442e-01	3.660354e-03	-7.054641e-03	-6.578268e-03
7	6.299782e+04	9.375257e+00	9.380020e-02	3.277076e-01	2.186542e-04	3.061664e-01	2.942706e-01	2.715083e-01	4.011269e-03	-7.978077e-03	-7.032842e-03
8	6.299949e+04	1.062479e+01	1.019333e-01	3.319900e-01	-1.413688e-04	3.091874e-01	2.976543e-01	2.785527e-01	4.511409e-03	-9.061165e-03	-7.590397e-03
9	6.299946e+04	1.187454e+01	1.103598e-01	3.360226e-01	1.343131e-04	3.125058e-01	3.015384e-01	2.847703e-01	4.970059e-03	-1.011011e-02	-8.010597e-03
10	6.299949e+04	1.312445e+01	1.192893e-01	3.399583e-01	-8.218436e-05	3.162766e-01	3.058116e-01	2.907858e-01	5.422639e-03	-1.128525e-02	-8.518720e-03
11	6.299938e+04	1.437473e+01	1.289605e-01	3.438568e-01	9.576408e-05	3.205792e-01	3.101165e-01	2.963727e-01	5.923443e-03	-1.248616e-02	-8.972005e-03
12	6.299890e+04	1.562502e+01	1.390403e-01	3.476982e-01	-5.243625e-05	3.252624e-01	3.145561e-01	3.020153e-01	6.304435e-03	-1.379846e-02	-9.504378e-03
13	6.299915e+04	1.687572e+01	1.497961e-01	3.513762e-01	5.138039e-05	3.298763e-01	3.191133e-01	3.075808e-01	6.587114e-03	-1.515769e-02	-1.005397e-02
14	6.299370e+04	1.812448e+01	1.612683e-01	3.549498e-01	-2.223763e-05	3.343140e-01	3.236804e-01	3.130658e-01	6.875337e-03	-1.662260e-02	-1.065828e-02
15	6.299370e+04	1.937678e+01	1.730487e-01	3.583601e-01	6.260559e-05	3.387455e-01	3.286230e-01	3.183816e-01	7.279723e-03	-1.813882e-02	-1.125695e-02
16	6.273099e+04	2.062250e+01	1.853055e-01	3.613414e-01	-2.925406e-05	3.431490e-01	3.339718e-01	3.236744e-01	7.830737e-03	-1.974551e-02	-1.192550e-02
17	6.273081e+04	2.186706e+01	1.985209e-01	3.643894e-01	4.957270e-05	3.476987e-01	3.393084e-01	3.288616e-01	8.476404e-03	-2.147551e-02	-1.269752e-02
18	6.276318e+04	2.311179e+01	2.127762e-01	3.676265e-01	-3.501792e-05	3.524033e-01	3.448457e-01	3.339488e-01	9.127020e-03	-2.334898e-02	-1.356538e-02
19	6.276320e+04	2.435723e+01	2.278635e-01	3.711105e-01	8.609092e-06	3.575662e-01	3.500418e-01	3.389062e-01	9.786716e-03	-2.545873e-02	-1.451564e-02
20	6.298276e+04	2.560505e+01	2.440358e-01	3.749278e-01	-5.950820e-07	3.630967e-01	3.552971e-01	3.436557e-01	1.042996e-02	-2.772174e-02	-1.565864e-02
21	6.298271e+04	2.685461e+01	2.620332e-01	3.790807e-01	-1.020287e-05	3.688543e-01	3.605545e-01	3.484376e-01	1.120287e-02	-3.015875e-02	-1.702101e-02
22	6.310253e+04	2.810490e+01	2.817077e-01	3.838752e-01	-1.514012e-05	3.745995e-01	3.656189e-01	3.531515e-01	1.196761e-02	-3.283577e-02	-1.858320e-02
23	6.310250e+04	2.935710e+01	3.038126e-01	3.901880e-01	1.177370e-05	3.805492e-01	3.704878e-01	3.578553e-01	1.275009e-02	-3.580449e-02	-2.042475e-02
24	6.310306e+04	3.060934e+01	3.287343e-01	3.979003e-01	-7.046435e-05	3.865615e-01	3.752161e-01	3.623261e-01	1.344407e-02	-3.905997e-02	-2.256123e-02
25	6.310311e+04	3.186057e+01	3.564804e-01	4.075724e-01	7.304664e-05	3.934655e-01	3.803068e-01	3.666264e-01	1.437938e-02	-4.269731e-02	-2.509857e-02
26	6.310338e+04	3.311409e+01	3.877700e-01	4.202790e-01	-1.700971e-04	4.011947e-01	3.857395e-01	3.704874e-01	1.577900e-02	-4.674521e-02	-2.811553e-02
27	6.310340e+04	3.436449e+01	4.223669e-01	4.362084e-01	1.751803e-04	4.096826e-01	3.918677e-01	3.740083e-01	1.786887e-02	-5.127773e-02	-3.181601e-02
28	6.310352e+04	3.561813e+01	4.625062e-01	4.579686e-01	-4.234155e-04	4.194404e-01	3.988967e-01	3.767033e-01	2.071999e-02	-5.620654e-02	-3.624480e-02
29	6.310347e+04	3.686981e+01	5.084000e-01	4.854400e-01	4.635167e-04	4.308945e-01	4.075797e-01	3.785427e-01	2.494767e-02	-6.171709e-02	-4.156131e-02
30	6.305648e+04	3.812090e+01	5.654410e-01	5.247710e-01	-8.157612e-04	4.453376e-01	4.191266e-01	3.790062e-01	3.117217e-02	-6.770539e-02	-4.765235e-02
31	6.305654e+04	3.937189e+01	6.331812e-01	5.773754e-01	6.623145e-04	4.656814e-01	4.360612e-01	3.787924e-01	4.058102e-02	-7.432581e-02	-5.436235e-02
32	7.200617e+04	4.062586e+01	7.277253e-01	6.491779e-01	4.843926e-03	4.950164e-01	4.686797e-01	3.510720e-01	5.709706e-02	-6.933035e-02	-5.152457e-02
33	7.200606e+04	4.187104e+01	8.011038e-01	7.127035e-01	-2.230096e-03	5.020041e-01	4.732637e-01	3.526159e-01	5.327939e-02	-7.149887e-02	-5.282569e-02
34	7.200596e+04	4.312565e+01	8.617828e-01	7.613539e-01	1.606343e-03	5.058661e-01	4.746673e-01	3.573182e-01	5.130900e-02	-7.114837e-02	-5.185206e-02
35	7.200592e+04	4.437776e+01	9.151978e-01	8.014792e-01	-1.192889e-03	5.069240e-01	4.741707e-01	3.609914e-01	4.806294e-02	-7.224270e-02	-5.155018e-02
36	7.200595e+04	4.562721e+01	9.659301e-01	8.378290e-01	8.892145e-04	5.078055e-01	4.736736e-01	3.630216e-01	4.607917e-02	-7.192370e-02	-5.046634e-02
37	7.200602e+04	4.687171e+01	1.013765e+00	8.709550e-01	-7.192664e-04	5.086426e-01	4.729511e-01	3.649844e-01	4.414618e-02	-7.239042e-02	-4.983351e-02
38	7.200611e+04	4.812513e+01	1.059580e+00	9.023080e-01	5.364076e-04	5.096796e-01	4.723868e-01	3.660682e-01	4.317459e-02	-7.208435e-02	-4.881615e-02
39	7.200598e+04	4.937845e+01	1.103983e+00	9.319562e-01	-4.489029e-04	5.099428e-01	4.719216e-01	3.673609e-01	4.245772e-02	-7.222050e-02	-4.812592e-02
40	7.200619e+04	5.062893e+01	1.147113e+00	9.599971e-01	3.398644e-04	5.100719e-01	4.716071e-01	3.680496e-01	4.183914e-02	-7.193827e-02	-4.719413e-02
41	7.200608e+04	5.187349e+01	1.189180e+00	9.870559e-01	-2.999579e-04	5.103303e-01	4.714866e-01	3.688757e-01	4.105952e-02	-7.190874e-02	-4.645253e-02
42	7.200605e+04	5.312360e+01	1.230422e+00	1.013442e+00	2.141966e-04	5.112724e-01	4.716196e-01	3.692459e-01	4.042396e-02	-7.163793e-02	-4.560326e-02
43	7.200623e+04	5.437890e+01	1.271107e+00	1.039279e+00	-1.975328e-04	5.125365e-01	4.716155e-01	3.694208e-01	3.991111e-02	-7.153754e-02	-4.486705e-02
44	7.200628e+04	5.563035e+01	1.311148e+00	1.064577e+00	1.513957e-04	5.139115e-01	4.714937e-01	3.690954e-01	3.963352e-02	-7.131996e-02	-4.405668e-02
45	7.200623e+04	5.687693e+01	1.350930e+00	1.089143e+00	-1.454175e-04	5.149894e-01	4.711421e-01	3.687953e-01	3.933616e-02	-7.117325e-02	-4.332103e-02
46	7.200616e+04	5.812374e+01	1.390432e+00	1.112608e+00	9.687393e-05	5.155643e-01	4.707218e-01	3.684795e-01	3.895553e-02	-7.096928e-02	-4.253974e-02
47	7.200629e+04	5.937850e+01	1.430102e+00	1.135321e+00	-9.266740e-05	5.156054e-01	4.698728e-01	3.683529e-01	3.850848e-02	-7.083441e-02	-4.180251e-02
48	7.200624e+04	6.063251e+01	1.469364e+00	1.156975e+00	6.136748e-05	5.153230e-01	4.686193e-01	3.683097e-01	3.793572e-02	-7.066143e-02	-4.104596e-02
49	7.200613e+04	6.188033e+01	1.508200e+00	1.177692e+00	-6.277850e-05	5.148466e-01	4.670070e-01	3.684640e-01	3.720234e-02	-7.052349e-02	-4.029522e-02
50	7.200618e+04	6.312585e+01	1.546655e+00	1.198012e+00	3.752426e-05	5.141169e-01	4.652732e-01	3.685639e-01	3.665749e-02	-7.035740e-02	-3.955071e-02
51	7.200623e+04	6.437816e+01	1.584537e+00	1.217662e+00	-4.180850e-05	5.132689e-01	4.636350e-01	3.686176e-01	3.626525e-02	-7.019689e-02	-3.880884e-02
52	7.200641e+04	6.562878e+01	1.622257e+00	1.237182e+00	2.249750e-05	5.122585e-01	4.616219e-01	3.684537e-01	3.559315e-02	-7.000404e-02	-3.805217e-02
53	7.200645e+04	6.687804e+01	1.659759e+00	1.256274e+00	-2.808519e-05	5.111558e-01	4.591573e-01	3.682065e-01	3.485549e-02	-6.984481e-02	-3.731874e-02
54	7.200638e+04	6.812241e+01	1.696864e+00	1.274797e+00	8.389809e-06	5.098987e-01	4.565190e-01	3.678060e-01	3.423429e-02	-6.962891e-02	-3.654838e-02
55	7.200641e+04	6.937644e+01	1.733088e+00	1.292630e+00	-1.782567e-05	5.085806e-01	4.540460e-01	3.674129e-01	3.359379e-02	-6.947197e-02	-3.582601e-02
56	7.200620e+04	7.063149e+01	1.768853e+00	1.310012e+00	2.795073e-06	5.068744e-01	4.515593e-01	3.668669e-01	3.279072e-02	-6.923380e-02	-3.504313e-02
57	7.200611e+04	7.188683e+01	1.803563e+00	1.326431e+00	-2.380385e-05	5.048821e-01	4.487965e-01	3.664834e-01	3.176954e-02	-6.909011e-02	-3.436208e-02
58	7.200577e+04	7.313303e+01	1.838464e+00	1.342611e+00	8.923593e-06	5.031773e-01	4.459408e-01	3.655547e-01	3.042206e-02	-6.878527e-02	-3.356140e-02
59	7.200567e+04	7.438279e+01	1.872178e+00	1.357474e+00	-5.076751e-05	5.019633e-01	4.434065e-01	3.648651e-01	2.899264e-02	-6.870732e-02	-3.295059e-02
60	7.200645e+04	7.563119e+01	1.906829e+00	1.372342e+00	5.657359e-05	5.004436e-01	4.409696e-01	3.624562e-01	2.760529e-02	-6.829334e-02	-3.210457e-02
61	7.200640e+04	7.687972e+01	1.939429e+00	1.385275e+00	-2.187605e-04	4.986387e-01	4.384322e-01	3.614857e-01	2.649995e-02	-6.839867e-02	-3.162741e-02
62	7.192341e+04	7.812876e+01	1.973988e+00	1.398769e+00	3.724082e-04	4.962269e-01	4.355181e-01	3.551159e-01	2.519602e-02	-6.771365e-02	-3.061475e-02
63	7.192336e+04	7.937658e+01	2.004231e+00	1.409548e+00	-1.115591e-03	4.935909e-01	4.317817e-01	3.551335e-01	2.410768e-02	-6.833126e-02	-3.047564e-02
64	5.938323e+03	8.124992e+01	2.053675e+00	1.423221e+00	1.643022e-03	4.812579e-01	4.179854e-01	3.349333e-01	2.255565e-02	-6.676802e-02	-2.864432e-02
65	1.380613e+05	8.125021e+01	2.051684e+00	1.424923e+00	3.181630e-03	4.823852e-01	4.145060e-01	3.373480e-01	2.357911e-02	-6.664608e-02	-2.879403e-02
66	5.938596e+03	8.374989e+01	2.120911e+00	1.450151e+00	-5.063498e-03	4.803660e-01	4.138257e-01	3.335076e-01	2.277005e-02	-6.628314e-02	-2.752032e-02
67	1.380613e+05	8.374991e+01	2.120813e+00	1.452230e+00	-3.859445e-03	4.844208e-01	4.119722e-01	3.353591e-01	2.328975e-02	-6.629914e-02	-2.733105e-02
68	5.938596e+03	8.624988e+01	2.189239e+00	1.476861e+00	2.131843e-03	4.795272e-01	4.101455e-01	3.305537e-01	2.231318e-02	-6.613886e-02	-2.613180e-02
69	1.380611e+05	8.625053e+01	2.189905e+00	1.479580e+00	3.122808e-03	4.840960e-01	4.099785e-01	3.322775e-01	2.224736e-02	-6.595986e-02	-2.621986e-02
70	5.938604e+03	8.874992e+01	2.260726e+00	1.504845e+00	-2.892825e-03	4.796970e-01	4.076920e-01	3.303843e-01	2.093680e-02	-6.581838e-02	-2.450489e-02
71	1.380611e+05	8.875024e+01	2.260558e+00	1.507834e+00	-2.526424e-03	4.815657e-01	4.084958e-01	3.320618e-01	2.081463e-02	-6.531174e-02	-2.487352e-02
72	5.938596e+03	9.124983e+01	2.331203e+00	1.531864e+00	2.305275e-03	4.812899e-01	4.057177e-01	3.296022e-01	1.884083e-02	-6.602416e-02	-2.271638e-02
73	1.380608e+05	9.125065e+01	2.329696e+00	1.534400e+00	2.079758e-03	4.792044e-01	4.062907e-01	3.311481e-01	1.864943e-02	-6.474185e-02	-2.361667e-02
74	5.938597e+03	9.374982e+01	2.398818e+00	1.556629e+00	-1.080593e-03	4.833036e-01	4.051033e-01	3.301446e-01	1.574355e-02	-6.585879e-02	-2.125428e-02
75	1.380609e+05	9.375040e+01	2.396952e+00	1.558109e+00	-1.737879e-03	4.782899e-01	4.046278e-01	3.304648e-01	1.517163e-02	-6.410858e-02	-2.243668e-02
76	5.938597e+03	9.624988e+01	2.463416e+00	1.578957e+00	2.236530e-03	4.830113e-01	4.049822e-01	3.300492e-01	1.378853e-02	-6.537198e-02	-2.030872e-02
77	1.380610e+05	9.625001e+01	2.461775e+00	1.579149e+00	1.380258e-03	4.766505e-01	4.036086e-01	3.292412e-01	1.209715e-02	-6.348953e-02	-2.110499e-02
78	5.938597e+03	9.874988e+01	2.527719e+00	1.598791e+00	-4.058002e-04	4.796819e-01	4.048304e-01	3.303766e-01	1.253678e-02	-6.494982e-02	-1.978319e-02
79	1.380610e+05	9.875027e+01	2.525898e+00	1.598309e+00	-1.208510e-03	4.737412e-01	4.039668e-01	3.282438e-01	1.003554e-02	-6.286895e-02	-1.992016e-02
80	5.938604e+03	1.012499e+02	2.591810e+00	1.616794e+00	1.702491e-03	4.747258e-01	4.036349e-01	3.305461e-01	9.660926e-03	-6.432321e-02	-1.909553e-02
81	1.380610e+05	1.012506e+02	2.589409e+00	1.616112e+00	9.417882e-04	4.703793e-01	4.048201e-01	3.271740e-01	7.478192e-03	-6.212773e-02	-1.859320e-02
82	5.938597e+03	1.037499e+02	2.653700e+00	1.632336e+00	-2.426371e-04	4.706594e-01	4.037065e-01	3.307324e-01	5.931740e-03	-6.373509e-02	-1.871116e-02
83	1.380610e+05	1.037509e+02	2.652254e+00	1.631447e+00	-8.381242e-04	4.669331e-01	4.052529e-01	3.264778e-01	4.664056e-03	-6.145744e-02	-1.741772e-02
84	5.938597e+03	1.062499e+02	2.713167e+00	1.646075e+00	1.017511e-03	4.671168e-01	4.028380e-01	3.296434e-01	4.026262e-03	-6.253237e-02	-1.777589e-02
85	1.380610e+05	1.062515e+02	2.714203e+00	1.644625e+00	6.594373e-04	4.642412e-01	4.037588e-01	3.253854e-01	2.961945e-03	-6.075206e-02	-1.613601e-02
86	5.938597e+03	1.087498e+02	2.772877e+00	1.658395e+00	-1.693594e-04	4.628693e-01	4.012972e-01	3.282192e-01	2.227064e-03	-6.135453e-02	-1.665779e-02
87	1.380610e+05	1.087514e+02	2.775690e+00	1.657004e+00	-5.834096e-04	4.615444e-01	4.010659e-01	3.242758e-01	1.076373e-03	-6.009775e-02	-1.498410e-02
88	5.938597e+03	1.112498e+02	2.834909e+00	1.670345e+00	5.020403e-04	4.599860e-01	3.997637e-01	3.253916e-01	-2.043978e-04	-6.050168e-02	-1.538284e-02
89	1.380610e+05	1.112511e+02	2.837651e+00	1.669443e+00	4.736852e-04	4.592461e-01	3.991527e-01	3.224093e-01	-1.511005e-03	-5.932045e-02	-1.380327e-02
90	5.938597e+03	1.137499e+02	2.899131e+00	1.683387e+00	-3.825650e-04	4.579916e-01	3.979229e-01	3.223278e-01	-3.103216e-03	-6.002556e-02	-1.400777e-02
91	1.380611e+05	1.137510e+02	2.900148e+00	1.683102e+00	-4.031657e-04	4.571970e-01	3.976329e-01	3.203600e-01	-4.220221e-03	-5.860381e-02	-1.271336e-02
92	5.938603e+03	1.162499e+02	2.965154e+00	1.695734e+00	2.156250e-04	4.550949e-01	3.979438e-01	3.187948e-01	-5.370944e-03	-5.907004e-02	-1.271977e-02
93	1.380610e+05	1.162507e+02	2.964700e+00	1.696360e+00	3.478723e-04	4.537984e-01	3.980235e-01	3.181278e-01	-6.112634e-03	-5.782185e-02	-1.159335e-02
94	5.938597e+03	1.187499e+02	3.031475e+00	1.708113e+00	-3.806416e-04	4.522656e-01	3.995679e-01	3.159519e-01	-7.660639e-03	-5.817145e-02	-1.150369e-02
95	1.380608e+05	1.187507e+02	3.030227e+00	1.708418e+00	-2.864324e-04	4.490500e-01	3.991638e-01	3.163852e-01	-7.704791e-03	-5.717797e-02	-1.061514e-02
96	5.938597e+03	1.212498e+02	3.098465e+00	1.721387e+00	1.638520e-04	4.484807e-01	4.024120e-01	3.135832e-01	-9.509237e-03	-5.714809e-02	-1.009914e-02
97	1.380609e+05	1.212507e+02	3.096900e+00	1.720385e+00	2.327363e-04	4.443186e-01	4.007647e-01	3.146979e-01	-9.145929e-03	-5.649819e-02	-9.654833e-03
98	5.938597e+03	1.237499e+02	3.168044e+00	1.735183e+00	-4.527979e-05	4.437590e-01	4.029262e-01	3.118095e-01	-1.140592e-02	-5.621210e-02	-8.800769e-03
99	1.380609e+05	1.237505e+02	3.164868e+00	1.733317e+00	-2.025294e-04	4.406471e-01	4.015924e-01	3.129960e-01	-1.053985e-02	-5.585531e-02	-8.722522e-03
100	5.938596e+03	1.262499e+02	3.236372e+00	1.746907e+00	2.882934e-04	4.413697e-01	4.026313e-01	3.097803e-01	-1.356712e-02	-5.561164e-02	-7.843147e-03
101	1.380609e+05	1.262508e+02	3.232611e+00	1.744958e+00	1.603456e-04	4.388897e-01	4.020206e-01	3.108540e-01	-1.248896e-02	-5.519354e-02	-7.831664e-03
102	5.938604e+03	1.287500e+02	3.302709e+00	1.756768e+00	-8.691203e-05	4.397230e-01	4.037888e-01	3.075300e-01	-1.549827e-02	-5.470791e-02	-6.966304e-03
103	1.380610e+05	1.287507e+02	3.299875e+00	1.755381e+00	-1.397396e-04	4.380251e-01	4.028820e-01	3.086070e-01	-1.499723e-02	-5.451144e-02	-6.934831e-03
104	5.938596e+03	1.312499e+02	3.369215e+00	1.765401e+00	1.714363e-04	4.373493e-01	4.055213e-01	3.051365e-01	-1.829179e-02	-5.356341e-02	-6.004049e-03
105	1.380610e+05	1.312504e+02	3.366339e+00	1.764535e+00	1.048745e-04	4.370752e-01	4.044242e-01	3.061659e-01	-1.730661e-02	-5.381631e-02	-6.110164e-03
106	5.938596e+03	1.337498e+02	3.434682e+00	1.773295e+00	-1.145827e-04	4.355581e-01	4.059477e-01	3.028181e-01	-2.071693e-02	-5.261199e-02	-4.794179e-03
107	1.380610e+05	1.337502e+02	3.431791e+00	1.772507e+00	-9.148249e-05	4.355820e-01	4.055638e-01	3.037683e-01	-1.892911e-02	-5.305124e-02	-5.265527e-03
108	5.938596e+03	1.362499e+02	3.500462e+00	1.780403e+00	-1.905302e-04	4.351625e-01	4.066419e-01	2.998668e-01	-2.325979e-02	-5.172669e-02	-3.950127e-03
109	1.380610e+05	1.362511e+02	3.497309e+00	1.779199e+00	7.493154e-05	4.349380e-01	4.060702e-01	3.010172e-01	-2.135781e-02	-5.231995e-02	-4.526665e-03
110	5.938595e+03	1.387499e+02	3.567526e+00	1.785108e+00	-5.757131e-04	4.347798e-01	4.068774e-01	2.970203e-01	-2.604953e-02	-5.096351e-02	-3.344723e-03
111	1.380609e+05	1.387506e+02	3.563629e+00	1.784666e+00	-2.553478e-05	4.340977e-01	4.059237e-01	2.981401e-01	-2.413752e-02	-5.156863e-02	-3.730832e-03
112	5.938596e+03	1.412499e+02	3.635129e+00	1.787906e+00	-5.432586e-04	4.333147e-01	4.056504e-01	2.941442e-01	-2.869664e-02	-5.023247e-02	-2.777344e-03
113	1.380608e+05	1.412516e+02	3.629896e+00	1.789539e+00	7.009616e-05	4.329429e-01	4.047312e-01	2.952737e-01	-2.717881e-02	-5.085539e-02	-2.940373e-03
114	5.938596e+03	1.437499e+02	3.702552e+00	1.788419e+00	-7.106862e-04	4.298944e-01	4.045337e-01	2.915480e-01	-3.110346e-02	-4.948158e-02	-2.280553e-03
115	1.380608e+05	1.437505e+02	3.697119e+00	1.792448e+00	-2.532589e-05	4.312613e-01	4.034620e-01	2.926658e-01	-3.023729e-02	-5.010548e-02	-2.198516e-03
116	5.938595e+03	1.462498e+02	3.768771e+00	1.789038e+00	-5.987661e-04	4.257224e-01	4.018082e-01	2.890834e-01	-3.294917e-02	-4.856875e-02	-1.880137e-03
117	1.380609e+05	1.462519e+02	3.764838e+00	1.793188e+00	6.883903e-05	4.284540e-01	4.017656e-01	2.900914e-01	-3.264090e-02	-4.940164e-02	-1.461932e-03
118	5.938595e+03	1.487499e+02	3.833665e+00	1.789434e+00	-7.004243e-04	4.222318e-01	4.002739e-01	2.863937e-01	-3.502160e-02	-4.789132e-02	-1.246330e-03
119	1.380609e+05	1.487505e+02	3.831001e+00	1.792649e+00	-3.260419e-06	4.251454e-01	4.007317e-01	2.873636e-01	-3.505213e-02	-4.866188e-02	-7.663270e-04
120	5.938609e+03	1.512500e+02	3.898273e+00	1.788736e+00	-4.810580e-04	4.204123e-01	4.017808e-01	2.837864e-01	-3.719864e-02	-4.724434e-02	-3.455822e-04
121	1.380609e+05	1.512518e+02	3.895253e+00	1.790464e+00	5.878681e-05	4.227017e-01	4.017133e-01	2.845561e-01	-3.724346e-02	-4.791193e-02	-9.841294e-05
122	5.938595e+03	1.537500e+02	3.960805e+00	1.785524e+00	-4.340520e-04	4.205368e-01	4.022497e-01	2.812369e-01	-3.871988e-02	-4.677339e-02	7.472871e-04
123	1.380609e+05	1.537509e+02	3.958217e+00	1.786420e+00	-2.758941e-05	4.212071e-01	4.022200e-01	2.819238e-01	-3.860947e-02	-4.712363e-02	4.671011e-04
124	5.938595e+03	1.562499e+02	4.021879e+00	1.781503e+00	-1.734161e-04	4.193734e-01	4.017721e-01	2.791623e-01	-4.088712e-02	-4.610425e-02	1.650200e-03
125	1.380610e+05	1.562517e+02	4.020970e+00	1.781461e+00	3.948508e-05	4.196600e-01	4.019665e-01	2.796069e-01	-4.031839e-02	-4.636007e-02	1.105851e-03
126	5.938595e+03	1.587499e+02	4.083427e+00	1.778368e+00	-2.512464e-04	4.183847e-01	4.009887e-01	2.767532e-01	-4.275566e-02	-4.534345e-02	2.336022e-03
127	1.380610e+05	1.587510e+02	4.084033e+00	1.777706e+00	-2.563789e-05	4.178729e-01	4.015634e-01	2.772063e-01	-4.231513e-02	-4.559618e-02	1.674708e-03
128	5.938594e+03	1.612499e+02	4.145991e+00	1.773448e+00	-3.343797e-04	4.174567e-01	4.007656e-01	2.738326e-01	-4.459816e-02	-4.432959e-02	2.648280e-03
129	1.380610e+05	1.612512e+02	4.147169e+00	1.772599e+00	4.733297e-05	4.162706e-01	4.016355e-01	2.743133e-01	-4.439868e-02	-4.487837e-02	2.240073e-03
130	5.938594e+03	1.637500e+02	4.209095e+00	1.768040e+00	-5.691684e-04	4.149888e-01	4.020317e-01	2.703017e-01	-4.701805e-02	-4.330155e-02	2.686793e-03
131	1.380610e+05	1.637513e+02	4.210624e+00	1.765673e+00	5.925874e-06	4.149404e-01	4.028867e-01	2.709267e-01	-4.643341e-02	-4.411510e-02	2.762837e-03
132	5.938594e+03	1.662499e+02	4.272923e+00	1.762406e+00	-7.176310e-04	4.117550e-01	4.031045e-01	2.668319e-01	-4.827495e-02	-4.221670e-02	2.776928e-03
133	1.380611e+05	1.662511e+02	4.273651e+00	1.758882e+00	4.411933e-05	4.132062e-01	4.038928e-01	2.676654e-01	-4.813501e-02	-4.339097e-02	3.292093e-03
134	5.938594e+03	1.687499e+02	4.336702e+00	1.756052e+00	-7.214595e-04	4.108251e-01	4.032620e-01	2.636154e-01	-4.899414e-02	-4.137818e-02	3.116866e-03
135	1.380611e+05	1.687513e+02	4.335738e+00	1.753143e+00	2.249715e-05	4.115953e-01	4.038967e-01	2.648154e-01	-4.907325e-02	-4.265191e-02	3.786884e-03
136	5.938594e+03	1.712500e+02	4.398293e+00	1.748801e+00	-6.318007e-04	4.095778e-01	4.032888e-01	2.608827e-01	-4.979834e-02	-4.078896e-02	3.479389e-03
137	1.380610e+05	1.712507e+02	4.397225e+00	1.747436e+00	2.956511e-05	4.095524e-01	4.041170e-01	2.620701e-01	-4.960116e-02	-4.186101e-02	4.246735e-03
138	5.938594e+03	1.737499e+02	4.462151e+00	1.740571e+00	-4.177204e-04	4.069865e-01	4.031815e-01	2.583308e-01	-5.086228e-02	-4.053525e-02	3.825120e-03
139	1.380611e+05	1.737507e+02	4.460439e+00	1.740175e+00	4.264369e-06	4.064596e-01	4.044057e-01	2.592769e-01	-5.030584e-02	-4.109105e-02	4.591114e-03
140	5.938594e+03	1.762499e+02	4.526597e+00	1.732666e+00	-1.532656e-04	4.046828e-01	4.019582e-01	2.554835e-01	-5.168382e-02	-4.019436e-02	4.456880e-03
141	1.380610e+05	1.762502e+02	4.523993e+00	1.731945e+00	1.576145e-05	4.038959e-01	4.035895e-01	2.562354e-01	-5.077686e-02	-4.033286e-02	4.986994e-03
142	5.938614e+03	1.787500e+02	4.590602e+00	1.722979e+00	1.705838e-04	4.029777e-01	4.013094e-01	2.520944e-01	-5.241126e-02	-3.932563e-02	5.075494e-03
143	1.380611e+05	1.787504e+02	4.588074e+00	1.722743e+00	-2.056611e-05	4.020461e-01	4.025533e-01	2.530421e-01	-5.158614e-02	-3.961412e-02	5.287626e-03
144	5.938594e+03	1.812500e+02	4.655373e+00	1.712217e+00	3.692558e-04	4.014537e-01	4.023985e-01	2.486374e-01	-5.357272e-02	-3.849408e-02	5.728000e-03
145	1.380611e+05	1.812503e+02	4.653406e+00	1.713444e+00	-1.646279e-05	4.003735e-01	4.020517e-01	2.499095e-01	-5.277172e-02	-3.884512e-02	5.659714e-03
146	5.938594e+03	1.837500e+02	4.721116e+00	1.701294e+00	5.485904e-04	3.987226e-01	4.044269e-01	2.453478e-01	-5.491190e-02	-3.789986e-02	6.270778e-03
147	1.380611e+05	1.837513e+02	4.719687e+00	1.702381e+00	-2.742511e-05	3.979981e-01	4.026164e-01	2.467861e-01	-5.384925e-02	-3.810585e-02	5.913178e-03
148	5.938595e+03	1.862500e+02	4.787439e+00	1.689615e+00	5.284595e-04	3.950239e-01	4.053684e-01	2.419709e-01	-5.603899e-02	-3.719609e-02	6.600176e-03
149	1.380611e+05	1.862505e+02	4.785748e+00	1.690114e+00	-1.772551e-05	3.951362e-01	4.041604e-01	2.433322e-01	-5.502382e-02	-3.736950e-02	6.276709e-03
150	5.938595e+03	1.887500e+02	4.853094e+00	1.676133e+00	5.017592e-04	3.911667e-01	4.042843e-01	2.384395e-01	-5.663810e-02	-3.634726e-02	6.793087e-03
151	1.380611e+05	1.887512e+02	4.851549e+00	1.677215e+00	-2.581075e-05	3.919780e-01	4.043081e-01	2.399366e-01	-5.581433e-02	-3.664453e-02	6.533900e-03
152	5.938595e+03	1.912500e+02	4.916897e+00	1.661748e+00	3.339636e-04	3.888487e-01	4.024535e-01	2.352651e-01	-5.592462e-02	-3.566459e-02	7.006733e-03
153	1.380612e+05	1.912511e+02	4.917019e+00	1.663327e+00	-1.413490e-05	3.889958e-01	4.025017e-01	2.369200e-01	-5.559787e-02	-3.592187e-02	6.803582e-03
154	5.938595e+03	1.937498e+02	4.980565e+00	1.649031e+00	2.827156e-04	3.867411e-01	4.007692e-01	2.324607e-01	-5.506001e-02	-3.475170e-02	6.946243e-03
155	1.380612e+05	1.937506e+02	4.981894e+00	1.650370e+00	-1.398135e-05	3.859921e-01	4.008145e-01	2.341046e-01	-5.536328e-02	-3.516740e-02	7.047844e-03
156	5.938595e+03	1.962500e+02	5.044565e+00	1.637159e+00	2.408335e-04	3.847595e-01	3.991188e-01	2.300275e-01	-5.529656e-02	-3.382670e-02	7.004611e-03
157	1.380611e+05	1.962514e+02	5.046011e+00	1.637789e+00	-3.188140e-06	3.843208e-01	3.993518e-01	2.313607e-01	-5.574755e-02	-3.443349e-02	7.303169e-03
158	5.938595e+03	1.987499e+02	5.110035e+00	1.625669e+00	2.265600e-04	3.841062e-01	3.976575e-01	2.281449e-01	-5.620880e-02	-3.298583e-02	7.143888e-03
159	1.380611e+05	1.987498e+02	5.110870e+00	1.625107e+00	-3.077875e-05	3.839131e-01	3.981375e-01	2.290950e-01	-5.616331e-02	-3.366387e-02	7.516778e-03
160	5.938595e+03	2.012500e+02	5.176720e+00	1.613592e+00	3.633107e-04	3.833415e-01	3.972586e-01	2.265682e-01	-5.823630e-02	-3.227611e-02	7.552702e-03
161	1.380611e+05	2.012525e+02	5.176137e+00	1.612402e+00	9.660437e-06	3.834471e-01	3.969473e-01	2.269800e-01	-5.715623e-02	-3.286780e-02	7.766034e-03
162	5.938595e+03	2.037500e+02	5.243826e+00	1.600150e+00	4.070899e-04	3.816554e-01	3.965680e-01	2.249388e-01	-5.962474e-02	-3.142197e-02	7.969619e-03
163	1.380612e+05	2.037489e+02	5.242599e+00	1.599284e+00	-4.135985e-05	3.826765e-01	3.956308e-01	2.247023e-01	-5.882326e-02	-3.201873e-02	7.993306e-03
164	5.938609e+03	2.062500e+02	5.309317e+00	1.584318e+00	4.780545e-04	3.807249e-01	3.962066e-01	2.229403e-01	-6.102619e-02	-3.052326e-02	8.177739e-03
165	1.380613e+05	2.062519e+02	5.308867e+00	1.583911e+00	-1.658608e-06	3.827275e-01	3.947670e-01	2.222484e-01	-6.093641e-02	-3.122062e-02	8.193772e-03
166	5.938595e+03	2.087499e+02	5.373751e+00	1.565476e+00	3.175298e-04	3.805433e-01	3.954000e-01	2.197820e-01	-6.316065e-02	-2.973676e-02	8.081520e-03
167	1.380613e+05	2.087485e+02	5.374309e+00	1.564943e+00	-3.435005e-05	3.830316e-01	3.939087e-01	2.191338e-01	-6.358439e-02	-3.034962e-02	8.362452e-03
168	5.938595e+03	2.112497e+02	5.439700e+00	1.543804e+00	2.381202e-04	3.796934e-01	3.933854e-01	2.159420e-01	-6.495255e-02	-2.916264e-02	7.953361e-03
169	1.380613e+05	2.112510e+02	5.441010e+00	1.543048e+00	1.135837e-05	3.819816e-01	3.926582e-01	2.153452e-01	-6.584387e-02	-2.951339e-02	8.526798e-03
170	5.938594e+03	2.137500e+02	5.507460e+00	1.519930e+00	2.952395e-04	3.785490e-01	3.911924e-01	2.123376e-01	-6.584619e-02	-2.840339e-02	8.235736e-03
171	1.380613e+05	2.137484e+02	5.509350e+00	1.519659e+00	-3.597129e-05	3.794766e-01	3.907276e-01	2.115192e-01	-6.697512e-02	-2.862538e-02	8.653013e-03
172	5.938594e+03	2.162500e+02	5.577320e+00	1.496940e+00	5.300833e-04	3.764932e-01	3.881978e-01	2.088275e-01	-6.676099e-02	-2.763442e-02	8.698296e-03
173	1.380613e+05	2.162503e+02	5.579133e+00	1.496464e+00	-5.405930e-06	3.770364e-01	3.877934e-01	2.079895e-01	-6.777123e-02	-2.779575e-02	8.763635e-03
174	5.938593e+03	2.187500e+02	5.647691e+00	1.474051e+00	3.812961e-04	3.725465e-01	3.841301e-01	2.052735e-01	-6.685586e-02	-2.685223e-02	8.978876e-03
175	1.380612e+05	2.187495e+02	5.648759e+00	1.473401e+00	-4.644861e-05	3.739732e-01	3.848165e-01	2.046883e-01	-6.775897e-02	-2.690977e-02	8.840926e-03
176	5.938594e+03	2.212499e+02	5.719104e+00	1.450742e+00	3.973495e-04	3.700533e-01	3.828169e-01	2.016198e-01	-6.705440e-02	-2.603142e-02	9.059105e-03
177	1.380612e+05	2.212503e+02	5.719238e+00	1.450901e+00	1.685688e-06	3.719392e-01	3.833645e-01	2.013658e-01	-6.769826e-02	-2.596551e-02	8.931078e-03
178	5.938593e+03	2.237500e+02	5.790216e+00	1.426890e+00	1.751864e-04	3.684061e-01	3.830729e-01	1.979729e-01	-6.807890e-02	-2.518221e-02	8.994200e-03
179	1.380612e+05	2.237503e+02	5.790174e+00	1.427432e+00	-1.875576e-05	3.697603e-01	3.820376e-01	1.979436e-01	-6.801116e-02	-2.510059e-02	8.984803e-03
180	5.938594e+03	2.262500e+02	5.860072e+00	1.404121e+00	5.326672e-05	3.664289e-01	3.820489e-01	1.950342e-01	-6.956898e-02	-2.421884e-02	8.797453e-03
181	1.380614e+05	2.262497e+02	5.860499e+00	1.404376e+00	5.135594e-06	3.677207e-01	3.801913e-01	1.947117e-01	-6.940499e-02	-2.418829e-02	9.007510e-03
182	5.938594e+03	2.287500e+02	5.931653e+00	1.380184e+00	-1.075101e-05	3.646700e-01	3.814523e-01	1.927340e-01	-7.136733e-02	-2.340755e-02	8.748391e-03
183	1.380617e+05	2.287503e+02	5.932436e+00	1.380704e+00	-1.240548e-05	3.657454e-01	3.792746e-01	1.918922e-01	-7.131557e-02	-2.328423e-02	8.980761e-03
184	5.938593e+03	2.312500e+02	6.005147e+00	1.353573e+00	1.577716e-05	3.626896e-01	3.820863e-01	1.901268e-01	-7.330082e-02	-2.266636e-02	8.750172e-03
185	1.380617e+05	2.312492e+02	6.006276e+00	1.354486e+00	1.626736e-06	3.632808e-01	3.797945e-01	1.891928e-01	-7.321313e-02	-2.238320e-02	8.931354e-03
186	5.938612e+03	2.337500e+02	6.080456e+00	1.325507e+00	7.640803e-05	3.611652e-01	3.828109e-01	1.867827e-01	-7.507563e-02	-2.195320e-02	8.735979e-03
187	1.380617e+05	2.337504e+02	6.081057e+00	1.326201e+00	-1.294093e-05	3.606935e-01	3.805915e-01	1.862576e-01	-7.452495e-02	-2.147645e-02	8.857328e-03
188	5.938593e+03	2.362501e+02	6.154956e+00	1.297536e+00	4.580565e-05	3.583015e-01	3.805732e-01	1.831373e-01	-7.569862e-02	-2.094565e-02	8.719319e-03
189	1.380616e+05	2.362493e+02	6.155276e+00	1.297307e+00	1.070850e-05	3.582408e-01	3.795672e-01	1.829131e-01	-7.518551e-02	-2.058805e-02	8.738946e-03
190	5.938593e+03	2.387501e+02	6.228015e+00	1.269035e+00	-1.628782e-04	3.542768e-01	3.767395e-01	1.789830e-01	-7.510935e-02	-1.970497e-02	8.505140e-03
191	1.380617e+05	2.387489e+02	6.228532e+00	1.268204e+00	-9.256251e-06	3.553534e-01	3.776090e-01	1.791758e-01	-7.511692e-02	-1.966706e-02	8.599559e-03
192	5.938593e+03	2.412500e+02	6.300835e+00	1.240743e+00	-2.407139e-04	3.508249e-01	3.754246e-01	1.747559e-01	-7.526896e-02	-1.861743e-02	8.229380e-03
193	1.380616e+05	2.412493e+02	6.301236e+00	1.240030e+00	2.955311e-05	3.520360e-01	3.767390e-01	1.755439e-01	-7.542769e-02	-1.878704e-02	8.416100e-03
194	5.938593e+03	2.437500e+02	6.373037e+00	1.212024e+00	-2.807957e-04	3.476463e-01	3.752683e-01	1.703941e-01	-7.573435e-02	-1.750768e-02	7.971726e-03
195	1.380614e+05	2.437498e+02	6.373135e+00	1.211410e+00	-5.143068e-06	3.493232e-01	3.762720e-01	1.717735e-01	-7.646434e-02	-1.789780e-02	8.151434e-03
196	5.938590e+03	2.462502e+02	6.446105e+00	1.181832e+00	-2.525740e-04	3.454100e-01	3.758072e-01	1.660415e-01	-7.678026e-02	-1.646269e-02	7.808698e-03
197	1.380613e+05	2.462488e+02	6.445835e+00	1.180653e+00	2.594368e-05	3.472610e-01	3.762653e-01	1.678673e-01	-7.764521e-02	-1.699277e-02	7.860133e-03
198	5.938590e+03	2.487501e+02	6.519646e+00	1.149271e+00	-3.109615e-04	3.456316e-01	3.762322e-01	1.612924e-01	-7.886954e-02	-1.553039e-02	7.626209e-03
199	1.380609e+05	2.487514e+02	6.518808e+00	1.148808e+00	-1.887265e-05	3.465666e-01	3.766478e-01	1.635375e-01	-7.935324e-02	-1.611199e-02	7.557726e-03
200	5.938590e+03	2.512502e+02	6.593567e+00	1.114421e+00	-3.634859e-04	3.474281e-01	3.753722e-01	1.565921e-01	-8.161421e-02	-1.475660e-02	7.481289e-03
201	1.380608e+05	2.512509e+02	6.591990e+00	1.114686e+00	4.054035e-05	3.466612e-01	3.768008e-01	1.589867e-01	-8.148594e-02	-1.517324e-02	7.229783e-03
202	5.938590e+03	2.537502e+02	6.667987e+00	1.077286e+00	-3.860585e-04	3.496346e-01	3.741590e-01	1.521686e-01	-8.429120e-02	-1.425305e-02	7.295151e-03
203	1.380604e+05	2.537523e+02	6.666773e+00	1.078343e+00	-1.739591e-05	3.481441e-01	3.760886e-01	1.542932e-01	-8.394647e-02	-1.422968e-02	6.900846e-03
204	5.938609e+03	2.562502e+02	6.743181e+00	1.039547e+00	-4.034027e-04	3.505423e-01	3.723612e-01	1.479580e-01	-8.675664e-02	-1.350061e-02	7.053156e-03
205	1.380602e+05	2.562509e+02	6.742128e+00	1.040977e+00	5.322518e-05	3.502578e-01	3.739906e-01	1.495796e-01	-8.661526e-02	-1.332890e-02	6.589120e-03
206	5.938592e+03	2.587503e+02	6.819604e+00	1.001761e+00	-5.041683e-04	3.526466e-01	3.702404e-01	1.434286e-01	-8.992220e-02	-1.246066e-02	6.677055e-03
207	1.380604e+05	2.587500e+02	6.816936e+00	1.003694e+00	-2.134199e-05	3.520893e-01	3.716149e-01	1.447216e-01	-8.953893e-02	-1.241315e-02	6.270328e-03
208	5.938592e+03	2.612499e+02	6.895682e+00	9.645340e-01	-5.531322e-04	3.554022e-01	3.668419e-01	1.386881e-01	-9.301183e-02	-1.142028e-02	6.372481e-03
209	1.380605e+05	2.612502e+02	6.892109e+00	9.666860e-01	6.932206e-05	3.555288e-01	3.688724e-01	1.399177e-01	-9.284697e-02	-1.149236e-02	5.916901e-03
210	5.938592e+03	2.637501e+02	6.969201e+00	9.281946e-01	-5.648814e-04	3.583757e-01	3.646277e-01	1.338855e-01	-9.653163e-02	-1.057000e-02	6.065584e-03
211	1.380606e+05	2.637532e+02	6.966960e+00	9.294649e-01	-1.747989e-05	3.604785e-01	3.667469e-01	1.350488e-01	-9.678205e-02	-1.053839e-02	5.559966e-03
212	5.938591e+03	2.662501e+02	7.042976e+00	8.923519e-01	-5.048128e-04	3.604136e-01	3.639953e-01	1.293156e-01	-9.985312e-02	-9.883567e-03	5.704643e-03
213	1.380606e+05	2.662517e+02	7.042700e+00	8.931449e-01	6.399487e-05	3.630770e-01	3.653387e-01	1.303211e-01	-1.002510e-01	-9.607428e-03	5.167995e-03
214	5.938591e+03	2.687502e+02	7.118275e+00	8.563821e-01	-5.307560e-04	3.613938e-01	3.617953e-01	1.246258e-01	-1.013807e-01	-9.076598e-03	5.290536e-03
215	1.380606e+05	2.687522e+02	7.118857e+00	8.568943e-01	-1.541291e-05	3.647742e-01	3.614576e-01	1.255666e-01	-1.022614e-01	-8.677855e-03	4.749120e-03
216	5.938592e+03	2.712501e+02	7.196259e+00	8.207985e-01	-4.119863e-04	3.586802e-01	3.561742e-01	1.196100e-01	-1.010098e-01	-8.066043e-03	4.838317e-03
217	1.380608e+05	2.712499e+02	7.195864e+00	8.206493e-01	5.190830e-05	3.627983e-01	3.554293e-01	1.208697e-01	-1.020525e-01	-7.760303e-03	4.326217e-03
218	5.938591e+03	2.737502e+02	7.274704e+00	7.835427e-01	-4.431925e-04	3.519798e-01	3.465355e-01	1.142617e-01	-9.761890e-02	-7.007858e-03	4.347298e-03
219	1.380608e+05	2.737520e+02	7.273258e+00	7.832974e-01	-1.845669e-05	3.559399e-01	3.469507e-01	1.159709e-01	-9.896912e-02	-6.857783e-03	3.922353e-03
220	5.938591e+03	2.762502e+02	7.351572e+00	7.455275e-01	-5.200508e-04	3.432401e-01	3.353153e-01	1.090377e-01	-9.250528e-02	-6.103483e-03	3.850738e-03
221	1.380609e+05	2.762510e+02	7.349699e+00	7.461087e-01	6.224218e-05	3.448804e-01	3.360546e-01	1.109179e-01	-9.329135e-02	-6.002252e-03	3.551881e-03
222	5.938592e+03	2.787501e+02	7.425292e+00	7.089785e-01	-5.692983e-04	3.291733e-01	3.230805e-01	1.041496e-01	-8.563866e-02	-5.297067e-03	3.421852e-03
223	1.380609e+05	2.787518e+02	7.423925e+00	7.092670e-01	-1.842416e-05	3.286531e-01	3.227040e-01	1.058845e-01	-8.521032e-02	-5.173004e-03	3.167784e-03
224	5.938593e+03	2.812499e+02	7.496703e+00	6.724879e-01	-5.158997e-04	3.077137e-01	3.080642e-01	9.971508e-02	-7.631945e-02	-4.594799e-03	3.135107e-03
225	1.380609e+05	2.812503e+02	7.495370e+00	6.723467e-01	6.918397e-05	3.072492e-01	3.071329e-01	1.008905e-01	-7.556064e-02	-4.426271e-03	2.820461e-03
226	5.938593e+03	2.837501e+02	7.562297e+00	6.366005e-01	-4.676008e-04	2.835810e-01	2.902483e-01	9.505467e-02	-6.538679e-02	-3.944443e-03	2.900433e-03
227	1.380609e+05	2.837511e+02	7.561133e+00	6.361812e-01	-1.556398e-05	2.832914e-01	2.895036e-01	9.574708e-02	-6.477020e-02	-3.706705e-03	2.464625e-03
228	5.938592e+03	2.862500e+02	7.620562e+00	6.024193e-01	-3.796048e-04	2.585094e-01	2.716157e-01	9.022606e-02	-5.446193e-02	-3.391068e-03	2.565160e-03
229	1.380610e+05	2.862509e+02	7.620918e+00	6.018238e-01	6.161048e-05	2.575643e-01	2.709990e-01	9.046971e-02	-5.397170e-02	-3.095208e-03	2.143502e-03
230	5.938592e+03	2.887500e+02	7.673397e+00	5.694335e-01	-4.313840e-04	2.322699e-01	2.511291e-01	8.540142e-02	-4.400786e-02	-2.795829e-03	2.177352e-03
231	1.380610e+05	2.887527e+02	7.674796e+00	5.691332e-01	-1.504968e-05	2.307200e-01	2.510526e-01	8.516575e-02	-4.367688e-02	-2.516739e-03	1.816458e-03
232	5.938592e+03	2.912500e+02	7.723991e+00	5.390571e-01	-3.834210e-04	2.020533e-01	2.297136e-01	8.087745e-02	-3.375673e-02	-2.219725e-03	1.859807e-03
233	1.380611e+05	2.912509e+02	7.724635e+00	5.387052e-01	5.628051e-05	2.014668e-01	2.301838e-01	8.018985e-02	-3.362092e-02	-2.010546e-03	1.548204e-03
234	5.938592e+03	2.937501e+02	7.770922e+00	5.120036e-01	-4.811611e-04	1.711628e-01	2.091802e-01	7.638305e-02	-2.458267e-02	-1.679459e-03	1.447738e-03
235	1.380612e+05	2.937516e+02	7.770891e+00	5.113130e-01	-1.227822e-05	1.708064e-01	2.088122e-01	7.539617e-02	-2.423063e-02	-1.572869e-03	1.252939e-03
236	5.938592e+03	2.962502e+02	7.812470e+00	4.868164e-01	-4.700605e-04	1.399433e-01	1.882586e-01	7.167486e-02	-1.642801e-02	-1.292745e-03	1.067970e-03
237	1.380612e+05	2.962488e+02	7.812288e+00	4.862519e-01	5.737671e-05	1.392939e-01	1.876443e-01	7.070410e-02	-1.606768e-02	-1.197553e-03	1.008477e-03
238	5.938592e+03	2.987500e+02	7.846329e+00	4.645827e-01	-4.543991e-04	1.131414e-01	1.673845e-01	6.664640e-02	-1.002879e-02	-9.785077e-04	8.215294e-04
239	1.380612e+05	2.987515e+02	7.846213e+00	4.640464e-01	-1.070938e-05	1.125884e-01	1.670871e-01	6.586567e-02	-9.803249e-03	-8.972514e-04	7.730671e-04
240	5.938592e+03	3.012502e+02	7.873106e+00	4.464011e-01	-3.577995e-04	9.249558e-02	1.487553e-01	6.193375e-02	-5.533801e-03	-6.747681e-04	6.252711e-04
241	1.380612e+05	3.012519e+02	7.872697e+00	4.457576e-01	5.584932e-05	9.177823e-02	1.486785e-01	6.122841e-02	-5.295767e-03	-6.194201e-04	5.611569e-04
242	5.938634e+03	3.037501e+02	7.894945e+00	4.316436e-01	-3.349366e-04	7.696118e-02	1.315476e-01	5.739788e-02	-2.225730e-03	-4.212696e-04	4.523309e-04
243	1.380612e+05	3.037509e+02	7.894437e+00	4.312772e-01	-1.847865e-05	7.544497e-02	1.321176e-01	5.666025e-02	-1.966021e-03	-4.124191e-04	3.825639e-04
244	5.938592e+03	3.062501e+02	7.911303e+00	4.205928e-01	-2.177349e-04	6.429707e-02	1.170710e-01	5.305589e-02	2.245214e-05	-2.492936e-04	3.289077e-04
245	1.380612e+05	3.062515e+02	7.910425e+00	4.205993e-01	4.778949e-05	6.431840e-02	1.182724e-01	5.227016e-02	1.634194e-04	-2.542753e-04	2.285698e-04
246	5.938591e+03	3.087501e+02	7.923525e+00	4.135787e-01	-2.471061e-04	5.811957e-02	1.071870e-01	4.862994e-02	1.131490e-03	-1.610272e-04	2.165798e-04
247	1.380612e+05	3.087502e+02	7.922216e+00	4.135788e-01	-2.184601e-05	5.876091e-02	1.082765e-01	4.806830e-02	1.328318e-03	-1.431137e-04	1.257232e-04
248	5.938592e+03	3.112502e+02	7.932093e+00	4.095635e-01	-2.506685e-04	5.595810e-02	1.011550e-01	4.448307e-02	1.528451e-03	-7.177547e-05	1.056689e-04
249	1.380612e+05	3.112521e+02	7.930840e+00	4.093016e-01	4.793827e-05	5.700353e-02	1.020121e-01	4.411266e-02	1.811238e-03	-7.408598e-05	5.080895e-05
250	5.938592e+03	3.137501e+02	7.937676e+00	4.071914e-01	-3.122975e-04	5.513782e-02	9.751628e-02	4.060714e-02	1.599367e-03	-3.164775e-05	6.296847e-05
251	1.380611e+05	3.137506e+02	7.936447e+00	4.068168e-01	-1.784823e-05	5.601166e-02	9.847995e-02	4.046768e-02	1.919808e-03	-3.383587e-05	1.299149e-05
252	5.938592e+03	3.162502e+02	7.940857e+00	4.058408e-01	-2.848690e-04	5.528862e-02	9.580501e-02	3.726848e-02	1.577690e-03	-1.226945e-05	3.052267e-05
253	1.380612e+05	3.162525e+02	7.939603e+00	4.054648e-01	4.701881e-05	5.513361e-02	9.672341e-02	3.723841e-02	1.914366e-03	-1.154709e-05	-1.170619e-05
254	5.938592e+03	3.187502e+02	7.942717e+00	4.048580e-01	-3.074540e-04	5.202103e-02	9.543757e-02	3.425959e-02	1.518453e-03	-6.084216e-06	1.875701e-05
255	1.380612e+05	3.187487e+02	7.941655e+00	4.045032e-01	-1.983092e-05	5.462965e-02	9.591137e-02	3.433708e-02	1.862415e-03	-4.582260e-06	-1.608101e-05
256	5.938592e+03	3.212503e+02	7.944165e+00	4.048813e-01	-2.544934e-04	5.286982e-02	9.532141e-02	3.184773e-02	1.486144e-03	-3.767076e-06	4.270184e-06
257	1.380612e+05	3.212524e+02	7.943130e+00	4.044929e-01	4.511262e-05	5.347736e-02	9.550428e-02	3.187770e-02	1.809716e-03	-1.328357e-07	-1.877807e-05
258	5.938592e+03	3.237500e+02	7.945818e+00	4.061923e-01	-2.818333e-04	5.237312e-02	9.520214e-02	2.984305e-02	1.500576e-03	-5.941217e-06	-6.255704e-06
259	1.380612e+05	3.237514e+02	7.944960e+00	4.056739e-01	-1.987454e-05	5.236878e-02	9.529684e-02	2.983449e-02	1.784197e-03	2.516796e-06	-1.456063e-05
260	5.938592e+03	3.262500e+02	7.948050e+00	4.086309e-01	-2.092747e-04	5.069809e-02	9.504830e-02	2.836757e-02	1.566919e-03	-6.532082e-06	-3.010494e-05
261	1.380612e+05	3.262539e+02	7.947372e+00	4.080113e-01	4.286777e-05	5.061270e-02	9.523632e-02	2.827523e-02	1.794446e-03	4.927569e-06	-1.744357e-05
262	5.938592e+03	3.287502e+02	7.950885e+00	4.122346e-01	-2.134170e-04	5.007625e-02	9.478667e-02	2.713241e-02	1.672984e-03	-8.802516e-06	-4.939293e-05
263	1.380611e+05	3.287492e+02	7.950484e+00	4.115801e-01	-2.448746e-05	5.080928e-02	9.525683e-02	2.700145e-02	1.822502e-03	7.645435e-06	-1.633206e-05
264	5.938592e+03	3.312499e+02	7.953367e+00	4.171717e-01	-1.100518e-04	5.191623e-02	9.474518e-02	2.618866e-02	1.766357e-03	-1.633631e-05	-7.730097e-05
265	1.380611e+05	3.312509e+02	7.953280e+00	4.165255e-01	3.937941e-05	4.976012e-02	9.541985e-02	2.601061e-02	1.816572e-03	7.878354e-06	-2.355995e-05
266	5.938593e+03	3.337501e+02	7.955527e+00	4.231934e-01	-1.230721e-04	4.881593e-02	9.466133e-02	2.534399e-02	1.829466e-03	-2.427401e-05	-9.055343e-05
267	1.380610e+05	3.337522e+02	7.955756e+00	4.225306e-01	-2.889270e-05	5.002223e-02	9.555403e-02	2.515377e-02	1.819042e-03	9.145114e-06	-2.396283e-05
268	5.938592e+03	3.362501e+02	7.957632e+00	4.294617e-01	-2.778841e-05	5.199691e-02	9.437627e-02	2.469897e-02	1.912099e-03	-3.410051e-05	-1.128077e-04
269	1.380608e+05	3.362543e+02	7.958023e+00	4.287120e-01	3.708195e-05	5.047861e-02	9.554219e-02	2.449071e-02	1.878367e-03	7.607222e-06	-3.191491e-05
270	5.938593e+03	3.387501e+02	7.960040e+00	4.352575e-01	-3.126709e-05	5.414658e-02	9.407403e-02	2.415845e-02	2.001187e-03	-4.059080e-05	-1.258911e-04
271	1.380606e+05	3.387507e+02	7.960351e+00	4.344671e-01	-3.457742e-05	5.236657e-02	9.543326e-02	2.391943e-02	1.973290e-03	7.528309e-06	-3.188098e-05
272	5.938592e+03	3.412500e+02	7.962768e+00	4.398688e-01	7.862759e-05	5.177204e-02	9.394211e-02	2.379541e-02	2.032726e-03	-4.957724e-05	-1.530462e-04
273	1.380605e+05	3.412509e+02	7.962990e+00	4.391209e-01	3.388299e-05	5.207949e-02	9.539725e-02	2.351978e-02	2.030599e-03	3.469775e-06	-3.958116e-05
274	5.938591e+03	3.437503e+02	7.965317e+00	4.428741e-01	5.961232e-05	5.067313e-02	9.376203e-02	2.354773e-02	2.015581e-03	-5.359553e-05	-1.654233e-04
275	1.380605e+05	3.437544e+02	7.965326e+00	4.421747e-01	-4.139176e-05	5.233454e-02	9.529302e-02	2.324801e-02	2.033980e-03	3.050442e-06	-3.847305e-05
276	5.938592e+03	3.462502e+02	7.967405e+00	4.442675e-01	1.686175e-04	4.962832e-02	9.343178e-02	2.346290e-02	1.979056e-03	-6.090353e-05	-1.825413e-04
277	1.380604e+05	3.462555e+02	7.967451e+00	4.435745e-01	3.290636e-05	5.247214e-02	9.512348e-02	2.316604e-02	2.013968e-03	-7.892924e-07	-4.546845e-05
278	5.938592e+03	3.487503e+02	7.969120e+00	4.442613e-01	1.328647e-04	5.057571e-02	9.300647e-02	2.349075e-02	1.938049e-03	-6.309542e-05	-1.834073e-04
279	1.380605e+05	3.487531e+02	7.969157e+00	4.435401e-01	-4.747893e-05	5.249156e-02	9.496014e-02	2.321978e-02	1.976261e-03	-1.194709e-06	-4.163645e-05
280	5.938591e+03	3.512501e+02	7.971056e+00	4.432915e-01	2.277382e-04	5.049082e-02	9.262338e-02	2.366892e-02	1.877008e-03	-6.976910e-05	-1.923024e-04
281	1.380606e+05	3.512485e+02	7.971234e+00	4.426014e-01	3.350137e-05	5.107232e-02	9.466607e-02	2.345129e-02	1.900428e-03	-5.660792e-06	-4.566195e-05
282	5.938592e+03	3.537502e+02	7.973589e+00	4.421729e-01	1.470124e-04	5.254010e-02	9.217446e-02	2.391225e-02	1.826235e-03	-6.818010e-05	-1.877506e-04
283	1.380606e+05	3.537528e+02	7.973749e+00	4.416003e-01	-5.113862e-05	5.090311e-02	9.399190e-02	2.377214e-02	1.831843e-03	-4.519168e-06	-3.822018e-05
284	5.938592e+03	3.562502e+02	7.976378e+00	4.416825e-01	2.162607e-04	5.278936e-02	9.166014e-02	2.422087e-02	1.805707e-03	-7.072194e-05	-1.926117e-04
285	1.380606e+05	3.562535e+02	7.976454e+00	4.413062e-01	3.702544e-05	5.194739e-02	9.300213e-02	2.417058e-02	1.808490e-03	-8.738568e-06	-3.912090e-05
286	5.938626e+03	3.587500e+02	7.978919e+00	4.419928e-01	1.227616e-04	5.308945e-02	9.120361e-02	2.452263e-02	1.828843e-03	-6.727476e-05	-1.837558e-04
287	1.380607e+05	3.587545e+02	7.978989e+00	4.418163e-01	-5.285316e-05	5.302741e-02	9.197945e-02	2.456041e-02	1.829774e-03	-6.275491e-06	-2.917938e-05
288	5.938592e+03	3.612502e+02	7.981339e+00	4.426948e-01	2.054827e-04	5.112238e-02	9.077007e-02	2.482369e-02	1.849620e-03	-6.864448e-05	-1.868332e-04
289	1.380607e+05	3.612486e+02	7.981225e+00	4.427295e-01	4.099289e-05	5.086640e-02	9.097333e-02	2.494795e-02	1.853679e-03	-9.405173e-06	-2.888129e-05
290	5.938592e+03	3.637501e+02	7.983527e+00	4.434530e-01	1.192236e-04	5.623032e-02	9.044075e-02	2.509695e-02	1.846755e-03	-5.981309e-05	-1.799004e-04
291	1.380607e+05	3.637521e+02	7.983233e+00	4.437023e-01	-5.669835e-05	5.342100e-02	9.007663e-02	2.529149e-02	1.878505e-03	-6.248731e-06	-1.698086e-05
292	5.938592e+03	3.662503e+02	7.985519e+00	4.442107e-01	2.321232e-04	4.916743e-02	9.049997e-02	2.537174e-02	1.787528e-03	-6.034199e-05	-1.878208e-04
293	1.380607e+05	3.662535e+02	7.984904e+00	4.446519e-01	4.354903e-05	5.202231e-02	8.966060e-02	2.562470e-02	1.877192e-03	-9.090806e-06	-1.619965e-05
294	5.938592e+03	3.687502e+02	7.987047e+00	4.447189e-01	1.507338e-04	4.568645e-02	9.084205e-02	2.561984e-02	1.724657e-03	-5.676514e-05	-1.812842e-04
295	1.380608e+05	3.687544e+02	7.986375e+00	4.452906e-01	-6.288625e-05	5.147812e-02	8.974874e-02	2.593140e-02	1.862577e-03	-4.289027e-06	-3.865394e-06
296	5.938592e+03	3.712501e+02	7.987795e+00	4.449478e-01	2.756313e-04	5.168239e-02	9.139558e-02	2.588720e-02	1.675761e-03	-6.311092e-05	-1.886753e-04
297	1.380608e+05	3.712490e+02	7.987260e+00	4.455966e-01	4.742395e-05	5.141106e-02	9.018025e-02	2.625898e-02	1.834835e-03	-7.500730e-06	-6.036136e-06
298	5.938591e+03	3.737502e+02	7.987781e+00	4.451000e-01	1.833157e-04	5.530066e-02	9.220371e-02	2.618305e-02	1.637334e-03	-6.131714e-05	-1.820532e-04
299	1.380609e+05	3.737505e+02	7.987354e+00	4.457243e-01	-6.985343e-05	5.297428e-02	9.086208e-02	2.659479e-02	1.811663e-03	-2.643998e-06	3.962736e-06
300	5.938590e+03	3.762503e+02	7.987282e+00	4.451173e-01	3.231380e-04	5.154266e-02	9.318095e-02	2.654484e-02	1.592544e-03	-6.727632e-05	-1.950910e-04
301	1.380610e+05	3.762519e+02	7.986919e+00	4.456461e-01	5.110192e-05	5.212837e-02	9.165196e-02	2.697875e-02	1.774373e-03	-6.177244e-06	-3.271226e-06
302	5.938592e+03	3.787503e+02	7.986609e+00	4.448267e-01	2.310097e-04	5.040918e-02	9.425946e-02	2.697311e-02	1.585051e-03	-6.479181e-05	-1.921528e-04
303	1.380609e+05	3.787531e+02	7.986322e+00	4.452531e-01	-7.795374e-05	4.997550e-02	9.250095e-02	2.741231e-02	1.741608e-03	4.800911e-08	3.717214e-06
304	5.938592e+03	3.812502e+02	7.985967e+00	4.442189e-01	4.076683e-04	5.251148e-02	9.547596e-02	2.747653e-02	1.599313e-03	-7.224107e-05	-2.087090e-04
305	1.380609e+05	3.812508e+02	7.985720e+00	4.446149e-01	5.390620e-05	5.139081e-02	9.346230e-02	2.792761e-02	1.722680e-03	-3.244892e-06	-6.901123e-06
306	5.938593e+03	3.837501e+02	7.985544e+00	4.434754e-01	3.271818e-04	5.045184e-02	9.662370e-02	2.803211e-02	1.612720e-03	-6.868785e-05	-2.091543e-04
307	1.380609e+05	3.837502e+02	7.985337e+00	4.438692e-01	-8.843371e-05	4.871731e-02	9.439077e-02	2.848091e-02	1.692808e-03	3.262106e-06	1.048116e-06
308	5.938592e+03	3.862502e+02	7.985449e+00	4.428062e-01	5.372784e-04	5.097526e-02	9.752800e-02	2.859948e-02	1.637526e-03	-7.616147e-05	-2.369857e-04
309	1.380610e+05	3.862532e+02	7.985325e+00	4.431914e-01	5.435877e-05	5.335153e-02	9.524045e-02	2.903949e-02	1.688250e-03	-4.993906e-07	-9.778715e-06
310	5.938593e+03	3.887502e+02	7.985713e+00	4.425784e-01	4.483903e-04	4.822386e-02	9.801108e-02	2.913095e-02	1.688580e-03	-7.780430e-05	-2.494813e-04
311	1.380610e+05	3.887514e+02	7.985678e+00	4.429310e-01	-1.000476e-04	5.041362e-02	9.583259e-02	2.955650e-02	1.695910e-03	6.072002e-06	-7.640138e-07
312	5.938593e+03	3.912502e+02	7.986171e+00	4.429215e-01	6.634775e-04	4.982073e-02	9.790847e-02	2.959623e-02	1.772859e-03	-9.231678e-05	-2.898677e-04
313	1.380610e+05	3.912506e+02	7.986218e+00	4.432568e-01	5.564894e-05	4.870054e-02	9.590694e-02	3.000412e-02	1.733857e-03	1.509019e-06	-1.403628e-05
314	5.938591e+03	3.937502e+02	7.986953e+00	4.437040e-01	5.486144e-04	5.276391e-02	9.718265e-02	2.995204e-02	1.878702e-03	-9.385907e-05	-3.042373e-04
315	1.380609e+05	3.937495e+02	7.987041e+00	4.440700e-01	-1.124858e-04	5.095325e-02	9.545176e-02	3.036847e-02	1.792353e-03	8.043526e-06	-4.370517e-06
316	5.938590e+03	3.962502e+02	7.988317e+00	4.446833e-01	7.794218e-04	4.905420e-02	9.599242e-02	3.026629e-02	1.970420e-03	-1.070769e-04	-3.409078e-04
317	1.380609e+05	3.962515e+02	7.988412e+00	4.450965e-01	5.948917e-05	5.322404e-02	9.453268e-02	3.068576e-02	1.843921e-03	1.970278e-06	-1.855097e-05
318	5.938590e+03	3.987500e+02	7.990062e+00	4.452647e-01	6.445378e-04	5.232894e-02	9.483683e-02	3.056131e-02	2.028260e-03	-1.017290e-04	-3.439971e-04
319	1.380607e+05	3.987528e+02	7.990310e+00	4.457483e-01	-1.250768e-04	5.190960e-02	9.361369e-02	3.101187e-02	1.840487e-03	9.287152e-06	-6.900329e-06
320	5.938591e+03	4.012504e+02	7.992122e+00	4.451055e-01	8.935554e-04	5.142615e-02	9.386799e-02	3.095211e-02	2.007002e-03	-1.082548e-04	-3.762141e-04
321	1.380607e+05	4.012512e+02	7.992349e+00	4.455796e-01	6.278659e-05	5.076176e-02	9.299485e-02	3.140004e-02	1.801565e-03	3.861097e-06	-1.951094e-05
322	5.938591e+03	4.037500e+02	7.994120e+00	4.443141e-01	7.356460e-04	5.167056e-02	9.308197e-02	3.139357e-02	1.980757e-03	-9.689397e-05	-3.771677e-04
323	1.380610e+05	4.037503e+02	7.994373e+00	4.445863e-01	-1.373132e-04	5.093561e-02	9.269397e-02	3.184155e-02	1.776976e-03	1.379736e-05	-4.878525e-06
324	5.938591e+03	4.062503e+02	7.995779e+00	4.431822e-01	9.883934e-04	5.122407e-02	9.246338e-02	3.194240e-02	1.951245e-03	-1.012945e-04	-4.094852e-04
325	1.380610e+05	4.062507e+02	7.996044e+00	4.432111e-01	6.721858e-05	5.249515e-02	9.246232e-02	3.233753e-02	1.784149e-03	1.047877e-05	-1.816200e-05
326	5.938591e+03	4.087503e+02	7.996979e+00	4.418515e-01	8.031364e-04	5.418578e-02	9.197688e-02	3.251448e-02	1.941878e-03	-8.678357e-05	-4.099947e-04
327	1.380610e+05	4.087514e+02	7.997287e+00	4.417073e-01	-1.482570e-04	5.115734e-02	9.211648e-02	3.287504e-02	1.807060e-03	2.409728e-05	-3.225571e-06
328	5.938591e+03	4.112502e+02	7.998030e+00	4.405041e-01	1.060174e-03	5.011353e-02	9.161675e-02	3.313396e-02	1.891739e-03	-8.927990e-05	-4.426018e-04
329	1.380610e+05	4.112524e+02	7.998211e+00	4.403215e-01	7.246292e-05	5.132968e-02	9.165645e-02	3.340929e-02	1.821320e-03	2.176693e-05	-1.803147e-05
330	5.938637e+03	4.137497e+02	7.999253e+00	4.393597e-01	8.617039e-04	5.115616e-02	9.127893e-02	3.367415e-02	1.819984e-03	-7.471383e-05	-4.410429e-04
331	1.380610e+05	4.137509e+02	7.999341e+00	4.392355e-01	-1.589315e-04	5.246496e-02	9.115031e-02	3.389365e-02	1.793987e-03	3.649278e-05	-2.440346e-06
332	2.234485e+03	4.162498e+02	8.000875e+00	4.387553e-01	1.234904e-03	5.370057e-02	9.117348e-02	3.411289e-02	1.733506e-03	-9.342696e-05	-5.124314e-04
333	1.417652e+05	4.162498e+02	8.000922e+00	4.387352e-01	1.029237e-04	5.280827e-02	9.085806e-02	3.427776e-02	1.731147e-03	2.975061e-05	-2.898777e-05
334	2.203242e+03	4.187498e+02	8.002832e+00	4.390859e-01	1.015697e-03	5.279318e-02	9.122808e-02	3.444152e-02	1.652597e-03	-8.574837e-05	-5.023081e-04
335	1.417965e+05	4.187496e+02	8.002822e+00	4.391057e-01	-1.418829e-04	5.306535e-02	9.080423e-02	3.453762e-02	1.668131e-03	4.136319e-05	-1.284482e-05
336	2.203242e+03	4.212498e+02	8.004807e+00	4.405883e-01	1.303222e-03	5.511777e-02	9.126732e-02	3.466450e-02	1.633846e-03	-1.052229e-04	-5.318290e-04
337	1.417964e+05	4.212515e+02	8.004948e+00	4.406574e-01	1.104125e-04	5.276565e-02	9.075987e-02	3.464737e-02	1.639208e-03	3.299207e-05	-2.844803e-05
338	2.203242e+03	4.237500e+02	8.006715e+00	4.433198e-01	1.070108e-03	5.305987e-02	9.117321e-02	3.470053e-02	1.651567e-03	-1.099593e-04	-5.187051e-04
339	1.417964e+05	4.237534e+02	8.006887e+00	4.434074e-01	-1.527737e-04	5.214162e-02	9.057162e-02	3.461690e-02	1.653705e-03	4.066972e-05	-9.268442e-06
340	2.203242e+03	4.262499e+02	8.008413e+00	4.470449e-01	1.390588e-03	5.191421e-02	9.118389e-02	3.467980e-02	1.716743e-03	-1.310860e-04	-5.374300e-04
341	1.417966e+05	4.262489e+02	8.008738e+00	4.470234e-01	1.207872e-04	5.338547e-02	9.043528e-02	3.445062e-02	1.702022e-03	2.726632e-05	-2.530993e-05
342	2.203242e+03	4.287498e+02	8.009983e+00	4.514070e-01	1.150787e-03	5.245489e-02	9.138960e-02	3.450580e-02	1.808482e-03	-1.237348e-04	-5.058585e-04
343	1.417966e+05	4.287495e+02	8.010345e+00	4.512013e-01	-1.673883e-04	5.343521e-02	9.054288e-02	3.420506e-02	1.766888e-03	3.192971e-05	-2.161845e-06
344	2.218864e+03	4.312499e+02	8.011250e+00	4.560066e-01	1.498435e-03	5.330423e-02	9.161678e-02	3.429779e-02	1.903796e-03	-1.348823e-04	-5.214078e-04
345	1.417811e+05	4.312480e+02	8.011424e+00	4.557223e-01	1.332884e-04	5.573997e-02	9.067575e-02	3.387847e-02	1.843246e-03	1.328913e-05	-1.754137e-05
346	2.203242e+03	4.337498e+02	8.011960e+00	4.603755e-01	1.173313e-03	5.121721e-02	9.169050e-02	3.394989e-02	1.982566e-03	-1.200843e-04	-4.879726e-04
347	1.417967e+05	4.337530e+02	8.011938e+00	4.602298e-01	-1.832304e-04	5.541539e-02	9.078353e-02	3.353815e-02	1.904517e-03	1.710535e-05	1.319170e-05
348	2.218864e+03	4.362499e+02	8.011915e+00	4.643828e-01	1.494989e-03	5.175902e-02	9.147304e-02	3.362123e-02	2.031441e-03	-1.372159e-04	-5.165832e-04
349	1.417810e+05	4.362494e+02	8.011760e+00	4.644784e-01	1.501064e-04	5.572501e-02	9.077004e-02	3.314554e-02	1.957079e-03	-3.168961e-06	-4.247401e-06
350	2.203242e+03	4.387498e+02	8.011377e+00	4.679534e-01	1.109545e-03	5.752592e-02	9.121119e-02	3.319760e-02	2.042639e-03	-1.235736e-04	-4.760206e-04
351	1.417967e+05	4.387514e+02	8.011184e+00	4.682041e-01	-2.007125e-04	5.672294e-02	9.065017e-02	3.276002e-02	1.990274e-03	7.668979e-06	3.098537e-05
352	2.203242e+03	4.412499e+02	8.010572e+00	4.711801e-01	1.469869e-03	5.582099e-02	9.086092e-02	3.286814e-02	2.008728e-03	-1.430702e-04	-4.988028e-04
353	1.417967e+05	4.412484e+02	8.010269e+00	4.714445e-01	1.712071e-04	5.750321e-02	9.037336e-02	3.234846e-02	2.001303e-03	-8.806795e-06	5.241581e-06
354	2.203242e+03	4.437498e+02	8.009548e+00	4.741080e-01	1.074211e-03	5.237548e-02	9.057971e-02	3.246060e-02	1.940368e-03	-1.275186e-04	-4.486525e-04
355	1.417967e+05	4.437531e+02	8.009257e+00	4.742669e-01	-2.218128e-04	5.409606e-02	9.016885e-02	3.198606e-02	1.979935e-03	1.183022e-05	4.384513e-05
356	2.218864e+03	4.462499e+02	8.008497e+00	4.764548e-01	1.498381e-03	5.559368e-02	9.030632e-02	3.215823e-02	1.883877e-03	-1.466542e-04	-4.768980e-04
357	1.417810e+05	4.462492e+02	8.008192e+00	4.765079e-01	1.939103e-04	5.436449e-02	8.994164e-02	3.160750e-02	1.962244e-03	-2.643436e-06	9.445242e-06
358	2.250106e+03	4.487498e+02	8.007533e+00	4.779266e-01	1.068797e-03	5.459763e-02	8.987278e-02	3.174939e-02	1.821172e-03	-1.233671e-04	-4.280271e-04
359	1.417497e+05	4.487515e+02	8.007038e+00	4.778979e-01	-2.479460e-04	5.470338e-02	8.958339e-02	3.128256e-02	1.950817e-03	2.165698e-05	5.170708e-05
360	2.203242e+03	4.512499e+02	8.006689e+00	4.784213e-01	1.515210e-03	5.520508e-02	8.941142e-02	3.144211e-02	1.796678e-03	-1.389686e-04	-4.568225e-04
361	1.417966e+05	4.512477e+02	8.006060e+00	4.783077e-01	2.238505e-04	5.361889e-02	8.920303e-02	3.091014e-02	1.958616e-03	1.906751e-06	6.856486e-06
362	2.218863e+03	4.537500e+02	8.005941e+00	4.779216e-01	1.006455e-03	5.496870e-02	8.918952e-02	3.092241e-02	1.800711e-03	-1.144999e-04	-3.957037e-04
363	1.417810e+05	4.537528e+02	8.005246e+00	4.777323e-01	-2.806211e-04	5.647480e-02	8.906785e-02	3.051401e-02	1.990518e-03	2.162245e-05	5.565137e-05
364	2.203242e+03	4.562500e+02	8.005247e+00	4.766855e-01	1.529494e-03	5.172355e-02	8.945356e-02	3.042742e-02	1.797148e-03	-1.384474e-04	-4.328885e-04
365	1.417966e+05	4.562491e+02	8.004635e+00	4.765770e-01	2.634583e-04	5.533890e-02	8.929054e-02	2.995746e-02	1.999538e-03	-9.200868e-06	7.950431e-07
366	2.203241e+03	4.587501e+02	8.004745e+00	4.750281e-01	9.007373e-04	5.523250e-02	9.021863e-02	2.958507e-02	1.793099e-03	-1.128632e-04	-3.516689e-04
367	1.417966e+05	4.587503e+02	8.004162e+00	4.750760e-01	-3.259386e-04	5.546325e-02	8.999753e-02	2.931809e-02	1.978911e-03	9.963491e-06	6.022700e-05
368	2.203241e+03	4.612500e+02	8.004498e+00	4.734151e-01	1.497929e-03	5.776589e-02	9.131361e-02	2.880727e-02	1.765979e-03	-1.438561e-04	-3.995811e-04
369	1.417967e+05	4.612487e+02	8.003802e+00	4.736929e-01	3.161281e-04	5.692935e-02	9.097386e-02	2.848744e-02	1.929397e-03	-2.560307e-05	-7.726017e-06
370	2.218863e+03	4.637499e+02	8.004346e+00	4.719256e-01	7.271417e-04	4.885386e-02	9.246308e-02	2.761807e-02	1.678557e-03	-1.103690e-04	-2.973018e-04
371	1.417811e+05	4.637518e+02	8.003549e+00	4.723430e-01	-3.793635e-04	5.423611e-02	9.214219e-02	2.757058e-02	1.839429e-03	1.890447e-06	6.528578e-05
372	2.218863e+03	4.662501e+02	8.004004e+00	4.707177e-01	1.420840e-03	5.211686e-02	9.334152e-02	2.661477e-02	1.656139e-03	-1.399165e-04	-3.641460e-04
373	1.417811e+05	4.662520e+02	8.003338e+00	4.711725e-01	3.774214e-04	5.377255e-02	9.316202e-02	2.647251e-02	1.761246e-03	-2.908963e-05	-2.128372e-05
375	1.439998e+05	4.687493e+02	8.002857e+00	4.692509e-01	-4.246786e-04	5.313295e-02	9.405524e-02	2.532003e-02	1.724779e-03	9.257196e-06	6.297438e-05
377	1.439998e+05	4.712500e+02	8.001561e+00	4.662789e-01	4.631448e-04	5.404778e-02	9.445973e-02	2.403459e-02	1.737783e-03	-2.348008e-05	-4.462522e-05
379	1.439999e+05	4.737495e+02	7.999518e+00	4.614161e-01	-5.007634e-04	5.085187e-02	9.445768e-02	2.273371e-02	1.801725e-03	2.594034e-05	6.429812e-05
381	1.439999e+05	4.762510e+02	7.996840e+00	4.550619e-01	5.464747e-04	5.756442e-02	9.425570e-02	2.131451e-02	1.906644e-03	-1.981738e-05	-6.344632e-05
383	1.439999e+05	4.787487e+02	7.993640e+00	4.476620e-01	-5.962754e-04	5.388649e-02	9.408434e-02	1.982799e-02	1.936536e-03	3.694838e-05	7.010805e-05
385	1.439999e+05	4.812499e+02	7.990130e+00	4.408412e-01	6.541223e-04	5.041386e-02	9.434921e-02	1.814844e-02	1.888684e-03	-2.313048e-05	-7.923279e-05
387	1.439999e+05	4.837498e+02	7.986074e+00	4.342665e-01	-7.184547e-04	5.438026e-02	9.482304e-02	1.634176e-02	1.801716e-03	4.000251e-05	8.263950e-05
389	1.439999e+05	4.862520e+02	7.981430e+00	4.281473e-01	7.877921e-04	5.022000e-02	9.547634e-02	1.432614e-02	1.693447e-03	-3.004581e-05	-9.818024e-05
391	1.439999e+05	4.887517e+02	7.975603e+00	4.225592e-01	-8.692010e-04	5.050539e-02	9.616907e-02	1.216175e-02	1.664788e-03	3.727863e-05	1.037515e-04
393	1.439999e+05	4.912503e+02	7.969241e+00	4.176383e-01	9.580148e-04	5.324335e-02	9.652267e-02	9.786411e-03	1.771684e-03	-4.419592e-05	-1.171727e-04
395	1.439999e+05	4.937491e+02	7.963879e+00	4.117410e-01	-1.062977e-03	5.134268e-02	9.710110e-02	7.393585e-03	1.882662e-03	4.763381e-05	1.286949e-04
397	1.439999e+05	4.962469e+02	7.959014e+00	4.064254e-01	1.168809e-03	4.859695e-02	9.771620e-02	4.928814e-03	1.880924e-03	-5.329274e-05	-1.423628e-04
399	1.439999e+05	4.987468e+02	7.955271e+00	4.021251e-01	-1.293722e-03	5.038716e-02	9.854130e-02	2.906909e-03	1.849414e-03	5.477605e-05	1.542437e-04
