Time (s)	1.008750e+04	dt_sampled - EXTRA_TIME	3.837500e+03
 i	 Vol	 Z	 Uavg	 Vavg	 Wavg	 Urms	 Vrms	 Wrms	 UVmean	 UWmean	 VWmean
0	6.299841e+04	6.250091e-01	2.311655e-01	1.694294e-01	-4.955532e-02	5.334348e-01	5.443327e-01	1.485582e-01	-3.209194e-02	-4.406646e-04	4.408617e-05
1	6.299841e+04	1.875173e+00	3.572811e-01	1.992126e-01	2.061703e-02	4.815138e-01	4.914403e-01	2.550578e-01	-2.261352e-02	-7.674984e-03	-3.180888e-03
2	6.299841e+04	3.125400e+00	4.168294e-01	2.124091e-01	-1.171452e-02	4.641372e-01	4.754758e-01	3.119316e-01	-2.006103e-02	-1.189093e-02	-5.708090e-03
3	6.299841e+04	4.375069e+00	4.537313e-01	2.214144e-01	8.200575e-03	4.594408e-01	4.704913e-01	3.453433e-01	-1.852619e-02	-1.515680e-02	-8.088067e-03
4	6.299848e+04	5.625588e+00	4.783064e-01	2.301704e-01	-5.103060e-03	4.576339e-01	4.685561e-01	3.672167e-01	-1.683547e-02	-1.945861e-02	-1.130837e-02
5	6.299848e+04	6.875798e+00	4.964619e-01	2.392913e-01	3.533806e-03	4.566382e-01	4.669582e-01	3.812171e-01	-1.437456e-02	-2.287503e-02	-1.404425e-02
6	6.299851e+04	8.125542e+00	5.137483e-01	2.502974e-01	-2.447901e-03	4.568784e-01	4.663803e-01	3.940424e-01	-1.152970e-02	-2.760088e-02	-1.763583e-02
7	6.299850e+04	9.375190e+00	5.300238e-01	2.638129e-01	1.774829e-03	4.584860e-01	4.666959e-01	4.029900e-01	-8.083576e-03	-3.188011e-02	-2.095787e-02
8	6.300080e+04	1.062495e+01	5.480464e-01	2.808851e-01	-1.296686e-03	4.610037e-01	4.676856e-01	4.116707e-01	-4.403478e-03	-3.721422e-02	-2.505524e-02
9	6.300080e+04	1.187444e+01	5.685657e-01	3.011263e-01	9.991942e-04	4.637864e-01	4.692498e-01	4.181208e-01	-7.770790e-04	-4.259027e-02	-2.912420e-02
10	6.300071e+04	1.312418e+01	5.942882e-01	3.258717e-01	-8.258805e-04	4.675273e-01	4.714913e-01	4.239534e-01	3.007627e-03	-4.896798e-02	-3.372251e-02
11	6.300113e+04	1.437415e+01	6.248155e-01	3.548969e-01	7.101317e-04	4.726597e-01	4.744326e-01	4.280289e-01	6.748446e-03	-5.579794e-02	-3.838152e-02
12	6.300076e+04	1.562402e+01	6.635102e-01	3.896538e-01	-8.138077e-04	4.803523e-01	4.787208e-01	4.305758e-01	1.027864e-02	-6.363719e-02	-4.340010e-02
13	6.300066e+04	1.687446e+01	7.101350e-01	4.294355e-01	7.892246e-04	4.906206e-01	4.849904e-01	4.310059e-01	1.450596e-02	-7.220281e-02	-4.866447e-02
14	6.299325e+04	1.812432e+01	7.756257e-01	4.793705e-01	-1.213326e-03	5.046957e-01	4.942331e-01	4.290027e-01	2.054613e-02	-8.183974e-02	-5.425729e-02
15	6.299300e+04	1.937633e+01	8.600422e-01	5.395958e-01	7.867113e-04	5.257924e-01	5.075772e-01	4.248634e-01	3.005704e-02	-9.164750e-02	-6.000393e-02
16	7.200361e+04	2.062462e+01	9.766299e-01	6.328412e-01	7.360590e-03	5.610877e-01	5.333674e-01	3.903839e-01	5.142675e-02	-8.480780e-02	-5.445198e-02
17	7.200321e+04	2.187835e+01	1.081366e+00	6.852995e-01	-3.463346e-03	5.700808e-01	5.365936e-01	3.883146e-01	4.360107e-02	-8.895098e-02	-5.431991e-02
18	7.197987e+04	2.312083e+01	1.157516e+00	7.307720e-01	2.563622e-03	5.725958e-01	5.376844e-01	3.893818e-01	3.848580e-02	-8.680546e-02	-5.270317e-02
19	7.197969e+04	2.437657e+01	1.221252e+00	7.675332e-01	-1.926394e-03	5.737430e-01	5.371820e-01	3.912168e-01	3.304077e-02	-8.788075e-02	-5.253346e-02
20	7.197967e+04	2.561959e+01	1.277278e+00	8.019076e-01	1.469919e-03	5.744872e-01	5.368042e-01	3.910269e-01	2.998455e-02	-8.664617e-02	-5.148024e-02
21	7.197979e+04	2.687571e+01	1.329119e+00	8.330076e-01	-1.171824e-03	5.753393e-01	5.359079e-01	3.918445e-01	2.711435e-02	-8.716648e-02	-5.109030e-02
22	7.197970e+04	2.811882e+01	1.377611e+00	8.624349e-01	9.205303e-04	5.764044e-01	5.348896e-01	3.915259e-01	2.505348e-02	-8.645190e-02	-5.022349e-02
23	7.198013e+04	2.937435e+01	1.423763e+00	8.898635e-01	-7.493620e-04	5.780503e-01	5.337944e-01	3.919218e-01	2.314092e-02	-8.673169e-02	-4.971438e-02
24	7.198037e+04	3.061723e+01	1.467489e+00	9.160093e-01	5.869921e-04	5.796316e-01	5.328365e-01	3.915543e-01	2.158886e-02	-8.623534e-02	-4.889816e-02
25	7.198065e+04	3.187208e+01	1.509780e+00	9.410587e-01	-4.891350e-04	5.811225e-01	5.321703e-01	3.915869e-01	2.010050e-02	-8.634728e-02	-4.829684e-02
26	7.198070e+04	3.311946e+01	1.550713e+00	9.650091e-01	3.849184e-04	5.826156e-01	5.317599e-01	3.912203e-01	1.865516e-02	-8.597484e-02	-4.752342e-02
27	7.198106e+04	3.436686e+01	1.590846e+00	9.877309e-01	-3.342579e-04	5.840561e-01	5.315300e-01	3.912274e-01	1.684460e-02	-8.595480e-02	-4.689728e-02
28	7.198121e+04	3.561568e+01	1.630057e+00	1.009527e+00	2.614511e-04	5.856081e-01	5.311294e-01	3.909476e-01	1.491614e-02	-8.562049e-02	-4.614584e-02
29	7.198105e+04	3.686962e+01	1.668418e+00	1.030762e+00	-2.334665e-04	5.874999e-01	5.305852e-01	3.908979e-01	1.288368e-02	-8.551090e-02	-4.547593e-02
30	7.213562e+04	3.812094e+01	1.706140e+00	1.051037e+00	1.859672e-04	5.897573e-01	5.299524e-01	3.906903e-01	1.094477e-02	-8.521190e-02	-4.473888e-02
31	7.213605e+04	3.937129e+01	1.743296e+00	1.069746e+00	-1.738859e-04	5.920106e-01	5.291532e-01	3.907086e-01	8.867905e-03	-8.503689e-02	-4.408946e-02
32	7.200341e+04	4.062430e+01	1.780032e+00	1.087102e+00	1.301642e-04	5.942589e-01	5.285002e-01	3.907025e-01	6.486775e-03	-8.473700e-02	-4.334544e-02
33	7.200330e+04	4.187168e+01	1.816449e+00	1.103800e+00	-1.155352e-04	5.964569e-01	5.280529e-01	3.908136e-01	3.996970e-03	-8.450863e-02	-4.266693e-02
34	7.200296e+04	4.312790e+01	1.852489e+00	1.119909e+00	8.672399e-05	5.986418e-01	5.276088e-01	3.908950e-01	1.619777e-03	-8.418319e-02	-4.193133e-02
35	7.200295e+04	4.438206e+01	1.888121e+00	1.135365e+00	-7.998056e-05	6.007112e-01	5.271522e-01	3.911612e-01	-9.730584e-04	-8.392452e-02	-4.125716e-02
36	7.200309e+04	4.562483e+01	1.923749e+00	1.150407e+00	5.188930e-05	6.024711e-01	5.268880e-01	3.914216e-01	-3.889476e-03	-8.358476e-02	-4.053537e-02
37	7.200324e+04	4.687191e+01	1.959288e+00	1.164908e+00	-5.128262e-05	6.039500e-01	5.267734e-01	3.916697e-01	-7.204303e-03	-8.332377e-02	-3.987222e-02
38	7.200378e+04	4.812636e+01	1.994759e+00	1.178963e+00	2.770624e-05	6.053425e-01	5.267600e-01	3.917415e-01	-1.089371e-02	-8.300141e-02	-3.917775e-02
39	7.200376e+04	4.938316e+01	2.030384e+00	1.192433e+00	-3.619352e-05	6.067461e-01	5.270818e-01	3.917280e-01	-1.476600e-02	-8.273660e-02	-3.851603e-02
40	7.200414e+04	5.062899e+01	2.066052e+00	1.205464e+00	2.025375e-05	6.085139e-01	5.274980e-01	3.915525e-01	-1.854454e-02	-8.242577e-02	-3.782268e-02
41	7.200419e+04	5.187096e+01	2.101586e+00	1.218123e+00	-2.354144e-05	6.104996e-01	5.277424e-01	3.913935e-01	-2.192029e-02	-8.217285e-02	-3.717371e-02
42	7.200458e+04	5.312433e+01	2.136896e+00	1.230461e+00	8.791971e-06	6.125520e-01	5.276579e-01	3.911921e-01	-2.510044e-02	-8.189375e-02	-3.651401e-02
43	7.200457e+04	5.438137e+01	2.171744e+00	1.243090e+00	-1.495625e-05	6.147456e-01	5.272833e-01	3.910400e-01	-2.802015e-02	-8.163369e-02	-3.585816e-02
44	7.200427e+04	5.563274e+01	2.206065e+00	1.255809e+00	4.522931e-06	6.168315e-01	5.266671e-01	3.908772e-01	-3.087332e-02	-8.135136e-02	-3.522867e-02
45	7.200415e+04	5.687240e+01	2.240454e+00	1.268459e+00	-1.411523e-05	6.186060e-01	5.263937e-01	3.907345e-01	-3.371070e-02	-8.109070e-02	-3.458876e-02
46	7.200428e+04	5.812349e+01	2.274821e+00	1.281073e+00	9.986884e-07	6.203086e-01	5.268975e-01	3.904750e-01	-3.675995e-02	-8.081751e-02	-3.397631e-02
47	7.200430e+04	5.938029e+01	2.308945e+00	1.294032e+00	-3.506312e-06	6.221425e-01	5.282242e-01	3.901286e-01	-4.003068e-02	-8.058083e-02	-3.335931e-02
48	7.200389e+04	6.063459e+01	2.342730e+00	1.307276e+00	-1.144390e-05	6.237699e-01	5.299205e-01	3.897437e-01	-4.327943e-02	-8.031030e-02	-3.277921e-02
49	7.200379e+04	6.187809e+01	2.376450e+00	1.320254e+00	6.526856e-06	6.251681e-01	5.315677e-01	3.893427e-01	-4.645262e-02	-8.006543e-02	-3.219881e-02
50	7.200360e+04	6.312520e+01	2.409777e+00	1.332374e+00	-1.809604e-05	6.262143e-01	5.332626e-01	3.889354e-01	-4.930442e-02	-7.980988e-02	-3.165309e-02
51	7.200369e+04	6.437863e+01	2.442334e+00	1.343750e+00	1.512348e-05	6.268249e-01	5.347820e-01	3.885634e-01	-5.193014e-02	-7.957317e-02	-3.108729e-02
52	7.200364e+04	6.563102e+01	2.474595e+00	1.354807e+00	-2.547841e-05	6.268569e-01	5.360026e-01	3.881081e-01	-5.423900e-02	-7.929225e-02	-3.054176e-02
53	7.200366e+04	6.687630e+01	2.506581e+00	1.365294e+00	2.183705e-05	6.268470e-01	5.368837e-01	3.877921e-01	-5.622796e-02	-7.905143e-02	-3.000130e-02
54	7.200340e+04	6.812001e+01	2.538751e+00	1.375359e+00	-3.904642e-05	6.271154e-01	5.374428e-01	3.874531e-01	-5.823082e-02	-7.872982e-02	-2.946287e-02
55	7.200313e+04	6.937585e+01	2.570519e+00	1.385116e+00	3.331683e-05	6.275203e-01	5.379636e-01	3.872579e-01	-6.032639e-02	-7.846905e-02	-2.894482e-02
56	7.200341e+04	7.063453e+01	2.602462e+00	1.395178e+00	-4.669622e-05	6.277689e-01	5.383281e-01	3.868718e-01	-6.238840e-02	-7.811902e-02	-2.839983e-02
57	7.200344e+04	7.189005e+01	2.634009e+00	1.404801e+00	3.517483e-05	6.276729e-01	5.385077e-01	3.866430e-01	-6.421621e-02	-7.788420e-02	-2.789792e-02
58	7.200252e+04	7.313580e+01	2.666351e+00	1.414623e+00	-5.028624e-05	6.272383e-01	5.385441e-01	3.857312e-01	-6.593929e-02	-7.748151e-02	-2.731333e-02
59	7.200253e+04	7.438148e+01	2.697429e+00	1.423782e+00	1.097377e-05	6.267543e-01	5.385263e-01	3.852103e-01	-6.773079e-02	-7.733966e-02	-2.684426e-02
60	7.200269e+04	7.562762e+01	2.729597e+00	1.433709e+00	-1.268627e-05	6.260470e-01	5.384836e-01	3.826235e-01	-6.964980e-02	-7.681942e-02	-2.621160e-02
61	7.200242e+04	7.687481e+01	2.759202e+00	1.442988e+00	-1.220585e-04	6.245823e-01	5.380437e-01	3.815341e-01	-7.135129e-02	-7.690891e-02	-2.583628e-02
62	7.191646e+04	7.813601e+01	2.790106e+00	1.452957e+00	2.427959e-04	6.225037e-01	5.374774e-01	3.749614e-01	-7.332110e-02	-7.607942e-02	-2.506866e-02
63	7.191644e+04	7.938412e+01	2.816471e+00	1.460526e+00	-8.271343e-04	6.200277e-01	5.366089e-01	3.745815e-01	-7.486930e-02	-7.672589e-02	-2.500353e-02
64	5.938594e+03	8.124998e+01	2.855655e+00	1.468527e+00	2.307368e-03	6.098497e-01	5.240099e-01	3.554208e-01	-7.507952e-02	-7.567639e-02	-2.280493e-02
65	1.380607e+05	8.125045e+01	2.856953e+00	1.469470e+00	2.467877e-03	6.097004e-01	5.260327e-01	3.575258e-01	-7.623013e-02	-7.492776e-02	-2.378476e-02
66	5.938870e+03	8.374987e+01	2.919628e+00	1.486113e+00	-2.851638e-03	6.091947e-01	5.273889e-01	3.525438e-01	-7.867416e-02	-7.541753e-02	-2.099920e-02
67	1.380616e+05	8.374939e+01	2.920464e+00	1.486770e+00	-3.159522e-03	6.097460e-01	5.281938e-01	3.542322e-01	-7.863388e-02	-7.442088e-02	-2.261078e-02
68	5.938869e+03	8.624988e+01	2.985552e+00	1.503950e+00	3.359305e-03	6.070961e-01	5.290608e-01	3.498089e-01	-8.366169e-02	-7.490046e-02	-1.969432e-02
69	1.380613e+05	8.624984e+01	2.984565e+00	1.505078e+00	2.505906e-03	6.083910e-01	5.296373e-01	3.505326e-01	-8.306725e-02	-7.429508e-02	-2.185158e-02
70	5.938878e+03	8.874988e+01	3.050523e+00	1.521222e+00	-1.091766e-03	6.063613e-01	5.340160e-01	3.497314e-01	-8.780820e-02	-7.369044e-02	-1.858880e-02
71	1.380615e+05	8.874944e+01	3.049557e+00	1.524394e+00	-2.186425e-03	6.070504e-01	5.324637e-01	3.499524e-01	-8.795081e-02	-7.356387e-02	-2.069623e-02
72	5.938868e+03	9.124990e+01	3.114282e+00	1.538797e+00	3.043965e-03	6.052259e-01	5.375819e-01	3.490778e-01	-9.181128e-02	-7.275597e-02	-1.763992e-02
73	1.380613e+05	9.124996e+01	3.114213e+00	1.542976e+00	1.759574e-03	6.065501e-01	5.345625e-01	3.492388e-01	-9.231295e-02	-7.316977e-02	-1.983836e-02
74	5.938868e+03	9.374991e+01	3.174995e+00	1.557127e+00	-2.685087e-04	6.027595e-01	5.410202e-01	3.489773e-01	-9.678730e-02	-7.176188e-02	-1.646410e-02
75	1.380611e+05	9.374995e+01	3.175730e+00	1.560994e+00	-1.561235e-03	6.055201e-01	5.380449e-01	3.488697e-01	-9.607074e-02	-7.268315e-02	-1.883415e-02
76	5.938868e+03	9.624992e+01	3.233093e+00	1.574868e+00	2.470823e-03	6.004015e-01	5.455877e-01	3.487225e-01	-1.005095e-01	-7.126933e-02	-1.551528e-02
77	1.380611e+05	9.624971e+01	3.234754e+00	1.578308e+00	1.204394e-03	6.033169e-01	5.429454e-01	3.485388e-01	-9.869290e-02	-7.218681e-02	-1.787866e-02
78	5.938868e+03	9.874995e+01	3.291533e+00	1.590640e+00	-1.207119e-04	5.975927e-01	5.493045e-01	3.481051e-01	-1.018154e-01	-7.088090e-02	-1.483853e-02
79	1.380611e+05	9.875003e+01	3.293669e+00	1.593904e+00	-1.108834e-03	5.990896e-01	5.471034e-01	3.480573e-01	-1.005870e-01	-7.163185e-02	-1.695224e-02
80	5.938876e+03	1.012499e+02	3.351506e+00	1.605132e+00	1.537703e-03	5.943617e-01	5.519940e-01	3.471569e-01	-1.009928e-01	-7.039391e-02	-1.427206e-02
81	1.380612e+05	1.012499e+02	3.353021e+00	1.607927e+00	8.687783e-04	5.928699e-01	5.505692e-01	3.472741e-01	-1.013977e-01	-7.109407e-02	-1.610551e-02
82	5.938868e+03	1.037499e+02	3.410314e+00	1.618806e+00	-3.920120e-04	5.889091e-01	5.533218e-01	3.458810e-01	-9.951652e-02	-6.960056e-02	-1.384600e-02
83	1.380612e+05	1.037502e+02	3.410730e+00	1.621500e+00	-7.689851e-04	5.853657e-01	5.528935e-01	3.462278e-01	-1.008737e-01	-7.056540e-02	-1.516683e-02
84	5.938868e+03	1.062499e+02	3.467074e+00	1.632672e+00	9.068529e-04	5.812482e-01	5.555900e-01	3.443000e-01	-9.870356e-02	-6.871440e-02	-1.350183e-02
85	1.380611e+05	1.062500e+02	3.465868e+00	1.634574e+00	6.359224e-04	5.780514e-01	5.550846e-01	3.451214e-01	-1.004013e-01	-6.996572e-02	-1.435974e-02
86	5.938868e+03	1.087499e+02	3.521254e+00	1.646458e+00	-4.460946e-04	5.740731e-01	5.593562e-01	3.424860e-01	-9.885659e-02	-6.798530e-02	-1.306806e-02
87	1.380612e+05	1.087498e+02	3.518782e+00	1.646796e+00	-5.513849e-04	5.715638e-01	5.574673e-01	3.441007e-01	-1.006468e-01	-6.943678e-02	-1.346031e-02
88	5.938867e+03	1.112499e+02	3.573380e+00	1.658348e+00	5.742544e-04	5.673025e-01	5.628295e-01	3.407227e-01	-9.935319e-02	-6.729142e-02	-1.278425e-02
89	1.380609e+05	1.112497e+02	3.570882e+00	1.657788e+00	4.583882e-04	5.657300e-01	5.604476e-01	3.430361e-01	-1.011254e-01	-6.875808e-02	-1.269283e-02
90	5.938868e+03	1.137499e+02	3.623013e+00	1.668727e+00	-7.901341e-05	5.606362e-01	5.663337e-01	3.394508e-01	-9.987492e-02	-6.701067e-02	-1.205530e-02
91	1.380609e+05	1.137497e+02	3.621576e+00	1.667919e+00	-4.091809e-04	5.595153e-01	5.641143e-01	3.417831e-01	-1.011549e-01	-6.816012e-02	-1.187482e-02
92	5.938876e+03	1.162499e+02	3.671201e+00	1.678756e+00	9.631466e-04	5.539731e-01	5.696204e-01	3.386102e-01	-1.001829e-01	-6.679637e-02	-1.116669e-02
93	1.380608e+05	1.162498e+02	3.670623e+00	1.678096e+00	3.150216e-04	5.525115e-01	5.677460e-01	3.403255e-01	-1.010469e-01	-6.747247e-02	-1.116938e-02
94	5.938869e+03	1.187499e+02	3.718295e+00	1.689330e+00	4.620623e-04	5.464068e-01	5.725390e-01	3.382505e-01	-1.002399e-01	-6.643929e-02	-1.014104e-02
95	1.380609e+05	1.187498e+02	3.718663e+00	1.688344e+00	-3.344484e-04	5.449919e-01	5.721155e-01	3.391996e-01	-1.008527e-01	-6.689721e-02	-1.038455e-02
96	5.938871e+03	1.212499e+02	3.762664e+00	1.698958e+00	1.007670e-03	5.388357e-01	5.762522e-01	3.382282e-01	-1.002656e-01	-6.611614e-02	-9.658729e-03
97	1.380610e+05	1.212507e+02	3.764700e+00	1.697649e+00	2.267254e-04	5.368785e-01	5.771331e-01	3.380458e-01	-1.011029e-01	-6.625518e-02	-9.707946e-03
98	5.938872e+03	1.237498e+02	3.804846e+00	1.708847e+00	3.837149e-04	5.318741e-01	5.823454e-01	3.381544e-01	-9.928531e-02	-6.608877e-02	-9.018595e-03
99	1.380610e+05	1.237505e+02	3.809168e+00	1.706807e+00	-2.483213e-04	5.287333e-01	5.830343e-01	3.371031e-01	-1.012955e-01	-6.564299e-02	-8.967824e-03
100	5.938871e+03	1.262499e+02	3.847207e+00	1.718671e+00	5.639503e-04	5.253750e-01	5.892463e-01	3.378400e-01	-9.754986e-02	-6.604193e-02	-8.774671e-03
101	1.380609e+05	1.262500e+02	3.852990e+00	1.715357e+00	1.703244e-04	5.216247e-01	5.898963e-01	3.361833e-01	-1.010327e-01	-6.500953e-02	-8.355601e-03
102	5.938877e+03	1.287499e+02	3.890139e+00	1.726997e+00	2.420420e-04	5.189967e-01	5.943760e-01	3.370769e-01	-9.621955e-02	-6.554763e-02	-8.342072e-03
103	1.380610e+05	1.287502e+02	3.896418e+00	1.723182e+00	-1.737713e-04	5.160545e-01	5.961946e-01	3.349101e-01	-9.982026e-02	-6.438217e-02	-7.601603e-03
104	5.938870e+03	1.312499e+02	3.933267e+00	1.733112e+00	5.795637e-04	5.122932e-01	5.988870e-01	3.354569e-01	-9.351845e-02	-6.477021e-02	-7.938023e-03
105	1.380615e+05	1.312491e+02	3.938929e+00	1.729254e+00	1.225055e-04	5.108874e-01	6.013609e-01	3.330473e-01	-9.707179e-02	-6.380079e-02	-6.997133e-03
106	5.938870e+03	1.337499e+02	3.976229e+00	1.735996e+00	2.490910e-04	5.067495e-01	6.031698e-01	3.334976e-01	-8.991172e-02	-6.420210e-02	-7.368846e-03
107	1.380616e+05	1.337493e+02	3.980638e+00	1.731894e+00	-1.510543e-04	5.061495e-01	6.051936e-01	3.310499e-01	-9.335995e-02	-6.319582e-02	-6.352939e-03
108	5.938869e+03	1.362499e+02	4.018275e+00	1.737846e+00	5.169937e-04	5.027815e-01	6.060284e-01	3.315096e-01	-8.559338e-02	-6.368724e-02	-6.816502e-03
109	1.380612e+05	1.362499e+02	4.021856e+00	1.734045e+00	1.011984e-04	5.023671e-01	6.076820e-01	3.289643e-01	-8.913801e-02	-6.267431e-02	-5.739616e-03
110	5.938871e+03	1.387499e+02	4.060676e+00	1.738411e+00	1.565909e-04	4.998775e-01	6.067182e-01	3.294301e-01	-8.084317e-02	-6.309938e-02	-6.567412e-03
111	1.380611e+05	1.387500e+02	4.063322e+00	1.735928e+00	-1.191868e-04	4.994866e-01	6.090307e-01	3.271767e-01	-8.464010e-02	-6.215185e-02	-5.128830e-03
112	5.938870e+03	1.412499e+02	4.102058e+00	1.736906e+00	3.902915e-04	4.975465e-01	6.051750e-01	3.271048e-01	-7.492312e-02	-6.242465e-02	-6.250106e-03
113	1.380611e+05	1.412511e+02	4.104481e+00	1.736411e+00	8.656249e-05	4.971081e-01	6.083425e-01	3.255221e-01	-7.978199e-02	-6.163017e-02	-4.584226e-03
114	5.938871e+03	1.437498e+02	4.141790e+00	1.736254e+00	1.753986e-04	4.935561e-01	6.044106e-01	3.250668e-01	-6.857450e-02	-6.153743e-02	-5.942261e-03
115	1.380610e+05	1.437503e+02	4.144319e+00	1.736602e+00	-9.811583e-05	4.940217e-01	6.077052e-01	3.238429e-01	-7.466523e-02	-6.116693e-02	-3.992928e-03
116	5.938871e+03	1.462499e+02	4.178846e+00	1.735822e+00	3.646290e-04	4.883127e-01	6.053803e-01	3.234395e-01	-6.322314e-02	-6.057276e-02	-5.417465e-03
117	1.380610e+05	1.462506e+02	4.181952e+00	1.736396e+00	5.642243e-05	4.901141e-01	6.079544e-01	3.221931e-01	-6.951361e-02	-6.065542e-02	-3.439396e-03
118	5.938872e+03	1.487498e+02	4.215168e+00	1.736405e+00	2.537604e-04	4.833600e-01	6.074026e-01	3.220302e-01	-5.885916e-02	-5.969610e-02	-4.685896e-03
119	1.380610e+05	1.487496e+02	4.218879e+00	1.736547e+00	-8.893711e-05	4.861124e-01	6.092339e-01	3.207037e-01	-6.459482e-02	-6.014475e-02	-2.890065e-03
120	5.938889e+03	1.512497e+02	4.251421e+00	1.737417e+00	4.164028e-04	4.790780e-01	6.101698e-01	3.208675e-01	-5.481060e-02	-5.873900e-02	-4.049413e-03
121	1.380611e+05	1.512503e+02	4.255189e+00	1.737133e+00	4.612207e-05	4.820802e-01	6.111835e-01	3.193109e-01	-5.962900e-02	-5.965867e-02	-2.303202e-03
122	5.938873e+03	1.537498e+02	4.287941e+00	1.738171e+00	2.657601e-04	4.744513e-01	6.122069e-01	3.196160e-01	-5.034298e-02	-5.797001e-02	-3.522274e-03
123	1.380607e+05	1.537506e+02	4.291368e+00	1.738379e+00	-6.131244e-05	4.781105e-01	6.129478e-01	3.179103e-01	-5.467357e-02	-5.915524e-02	-1.735404e-03
124	5.938873e+03	1.562498e+02	4.324113e+00	1.738953e+00	3.275437e-04	4.709679e-01	6.145337e-01	3.179329e-01	-4.588038e-02	-5.749861e-02	-2.844497e-03
125	1.380610e+05	1.562498e+02	4.327104e+00	1.739993e+00	3.364604e-05	4.749591e-01	6.151606e-01	3.163437e-01	-4.983062e-02	-5.866265e-02	-1.181392e-03
126	5.938874e+03	1.587498e+02	4.358763e+00	1.741244e+00	7.460134e-05	4.702647e-01	6.166009e-01	3.163150e-01	-4.264963e-02	-5.742826e-02	-2.142822e-03
127	1.380610e+05	1.587496e+02	4.362226e+00	1.742473e+00	-4.658914e-05	4.726612e-01	6.166627e-01	3.146565e-01	-4.607755e-02	-5.818376e-02	-6.280409e-04
128	5.938874e+03	1.612497e+02	4.392075e+00	1.744502e+00	2.083059e-04	4.697886e-01	6.184143e-01	3.144009e-01	-4.040219e-02	-5.734833e-02	-1.254248e-03
129	1.380611e+05	1.612502e+02	4.395625e+00	1.745928e+00	3.756280e-05	4.703019e-01	6.182883e-01	3.128645e-01	-4.324705e-02	-5.771621e-02	-1.145688e-04
130	5.938874e+03	1.637498e+02	4.425971e+00	1.748644e+00	8.894690e-05	4.684293e-01	6.200230e-01	3.125434e-01	-3.855160e-02	-5.717563e-02	-5.114248e-04
131	1.380611e+05	1.637503e+02	4.428632e+00	1.750118e+00	-4.436813e-05	4.677971e-01	6.205485e-01	3.111038e-01	-4.040124e-02	-5.724821e-02	4.085539e-04
132	5.938874e+03	1.662498e+02	4.459658e+00	1.753786e+00	1.287566e-04	4.661537e-01	6.227976e-01	3.106718e-01	-3.628504e-02	-5.682478e-02	2.417653e-04
133	1.380611e+05	1.662504e+02	4.461865e+00	1.754842e+00	3.158077e-05	4.658432e-01	6.233078e-01	3.093629e-01	-3.769885e-02	-5.686647e-02	9.172836e-04
134	5.938874e+03	1.687498e+02	4.492877e+00	1.758065e+00	-1.978606e-05	4.635968e-01	6.275713e-01	3.090811e-01	-3.360148e-02	-5.644839e-02	1.158090e-03
135	1.380611e+05	1.687502e+02	4.494829e+00	1.759189e+00	-3.505330e-05	4.648355e-01	6.267295e-01	3.077023e-01	-3.526244e-02	-5.653216e-02	1.429475e-03
136	5.938872e+03	1.712499e+02	4.524946e+00	1.762385e+00	2.194188e-04	4.606513e-01	6.329026e-01	3.076315e-01	-3.108615e-02	-5.610039e-02	1.937465e-03
137	1.380611e+05	1.712499e+02	4.527161e+00	1.763696e+00	3.325183e-05	4.638172e-01	6.305131e-01	3.061275e-01	-3.282562e-02	-5.622371e-02	1.924752e-03
138	5.938872e+03	1.737498e+02	4.557112e+00	1.766253e+00	2.050818e-04	4.583996e-01	6.375816e-01	3.066649e-01	-2.756352e-02	-5.577295e-02	2.393775e-03
139	1.380610e+05	1.737507e+02	4.559351e+00	1.767619e+00	-5.372859e-05	4.625236e-01	6.341976e-01	3.048671e-01	-2.997755e-02	-5.597687e-02	2.401540e-03
140	5.938872e+03	1.762498e+02	4.591049e+00	1.768831e+00	2.673597e-04	4.577469e-01	6.408639e-01	3.058298e-01	-2.426199e-02	-5.558056e-02	2.886489e-03
141	1.380609e+05	1.762499e+02	4.591864e+00	1.770477e+00	2.913290e-05	4.612342e-01	6.372043e-01	3.038226e-01	-2.673644e-02	-5.569821e-02	2.833626e-03
142	5.938890e+03	1.787498e+02	4.625676e+00	1.770952e+00	1.429472e-04	4.573116e-01	6.431265e-01	3.048654e-01	-2.195719e-02	-5.553827e-02	3.595585e-03
143	1.380610e+05	1.787502e+02	4.624532e+00	1.772748e+00	-5.076646e-05	4.591163e-01	6.395572e-01	3.030170e-01	-2.337685e-02	-5.544137e-02	3.304149e-03
144	5.938872e+03	1.812499e+02	4.658567e+00	1.772808e+00	1.432413e-04	4.560105e-01	6.448553e-01	3.039438e-01	-1.902815e-02	-5.544669e-02	3.823518e-03
145	1.380610e+05	1.812497e+02	4.657928e+00	1.773752e+00	2.683680e-05	4.562858e-01	6.412807e-01	3.021366e-01	-2.032670e-02	-5.514675e-02	3.664658e-03
146	5.938873e+03	1.837498e+02	4.690332e+00	1.773989e+00	-3.072950e-05	4.527989e-01	6.458288e-01	3.031898e-01	-1.604947e-02	-5.522960e-02	3.980965e-03
147	1.380613e+05	1.837497e+02	4.691403e+00	1.773630e+00	-3.166901e-05	4.532554e-01	6.433107e-01	3.009875e-01	-1.766384e-02	-5.488156e-02	4.102600e-03
148	5.938872e+03	1.862498e+02	4.722419e+00	1.774822e+00	5.240036e-05	4.499969e-01	6.463982e-01	3.024814e-01	-1.399581e-02	-5.510025e-02	4.118463e-03
149	1.380613e+05	1.862501e+02	4.724590e+00	1.773163e+00	3.195950e-05	4.509234e-01	6.458173e-01	2.996517e-01	-1.517773e-02	-5.461702e-02	4.391223e-03
150	5.938872e+03	1.887498e+02	4.754974e+00	1.774405e+00	1.231291e-04	4.484027e-01	6.464993e-01	3.015046e-01	-1.195031e-02	-5.495641e-02	4.432496e-03
151	1.380613e+05	1.887497e+02	4.756978e+00	1.771714e+00	-3.582759e-05	4.487961e-01	6.480228e-01	2.983152e-01	-1.277307e-02	-5.436578e-02	4.749800e-03
152	5.938872e+03	1.912498e+02	4.788721e+00	1.772789e+00	2.768751e-04	4.472214e-01	6.460510e-01	3.005776e-01	-9.093742e-03	-5.462113e-02	4.574445e-03
153	1.380613e+05	1.912501e+02	4.789305e+00	1.769584e+00	2.896925e-05	4.465626e-01	6.486599e-01	2.972044e-01	-9.896375e-03	-5.410666e-02	5.011445e-03
154	5.938872e+03	1.937498e+02	4.821916e+00	1.770816e+00	1.162158e-04	4.464627e-01	6.466495e-01	2.999047e-01	-6.564714e-03	-5.436071e-02	4.681458e-03
155	1.380611e+05	1.937496e+02	4.821982e+00	1.768009e+00	-5.712970e-05	4.446917e-01	6.487971e-01	2.964571e-01	-7.595912e-03	-5.387315e-02	5.356341e-03
156	5.938870e+03	1.962498e+02	4.853984e+00	1.769013e+00	6.133597e-05	4.449132e-01	6.477638e-01	2.991112e-01	-4.789393e-03	-5.401294e-02	4.643689e-03
157	1.380616e+05	1.962487e+02	4.854502e+00	1.766241e+00	4.852046e-05	4.432452e-01	6.499161e-01	2.961365e-01	-5.676783e-03	-5.362748e-02	5.615798e-03
158	5.938870e+03	1.987499e+02	4.886207e+00	1.765659e+00	-6.712127e-05	4.429688e-01	6.513355e-01	2.982289e-01	-3.683679e-03	-5.370763e-02	4.987608e-03
159	1.380616e+05	1.987486e+02	4.887395e+00	1.763450e+00	-5.370384e-05	4.421574e-01	6.532055e-01	2.961985e-01	-3.996959e-03	-5.339100e-02	5.981809e-03
160	5.938868e+03	2.012499e+02	4.918748e+00	1.760338e+00	4.416902e-05	4.411943e-01	6.560997e-01	2.969875e-01	-2.975127e-03	-5.333027e-02	5.231079e-03
161	1.380615e+05	2.012505e+02	4.920941e+00	1.759977e+00	5.941368e-05	4.411561e-01	6.567785e-01	2.964892e-01	-2.984955e-03	-5.315123e-02	6.266336e-03
162	5.938868e+03	2.037499e+02	4.950670e+00	1.754038e+00	-1.318919e-04	4.397595e-01	6.602275e-01	2.961728e-01	-2.735248e-03	-5.299223e-02	5.702218e-03
163	1.380613e+05	2.037500e+02	4.954043e+00	1.755268e+00	-5.752113e-05	4.403428e-01	6.600863e-01	2.968149e-01	-2.776567e-03	-5.292904e-02	6.613636e-03
164	5.938882e+03	2.062500e+02	4.983602e+00	1.747944e+00	-2.689382e-05	4.393966e-01	6.639724e-01	2.957916e-01	-4.293151e-03	-5.260674e-02	6.117404e-03
165	1.380615e+05	2.062513e+02	4.987225e+00	1.750119e+00	6.202502e-05	4.400222e-01	6.636360e-01	2.970544e-01	-3.729330e-03	-5.267877e-02	6.932692e-03
166	5.938867e+03	2.087500e+02	5.016757e+00	1.741319e+00	-1.340410e-04	4.385276e-01	6.676368e-01	2.960821e-01	-7.098378e-03	-5.224898e-02	6.430060e-03
167	1.380611e+05	2.087498e+02	5.020070e+00	1.743836e+00	-5.803035e-05	4.392019e-01	6.671911e-01	2.973542e-01	-6.319527e-03	-5.246901e-02	7.197897e-03
168	5.938865e+03	2.112500e+02	5.049301e+00	1.734519e+00	9.208570e-05	4.371580e-01	6.701201e-01	2.965710e-01	-1.037606e-02	-5.208676e-02	6.951155e-03
169	1.380612e+05	2.112510e+02	5.052500e+00	1.736286e+00	5.496024e-05	4.378336e-01	6.694198e-01	2.976189e-01	-1.004723e-02	-5.220701e-02	7.505619e-03
170	5.938865e+03	2.137500e+02	5.082422e+00	1.727845e+00	7.316019e-05	4.358759e-01	6.714553e-01	2.970967e-01	-1.309937e-02	-5.203998e-02	7.512986e-03
171	1.380610e+05	2.137504e+02	5.085372e+00	1.728775e+00	-5.982385e-05	4.363155e-01	6.708031e-01	2.979209e-01	-1.336695e-02	-5.193741e-02	7.794296e-03
172	5.938865e+03	2.162500e+02	5.116096e+00	1.719075e+00	4.195906e-04	4.334860e-01	6.726303e-01	2.977787e-01	-1.637628e-02	-5.194841e-02	8.111545e-03
173	1.380609e+05	2.162505e+02	5.118345e+00	1.719882e+00	3.643752e-05	4.344880e-01	6.726903e-01	2.981804e-01	-1.670005e-02	-5.166802e-02	8.069369e-03
174	5.938865e+03	2.187501e+02	5.150718e+00	1.709800e+00	3.513996e-04	4.297526e-01	6.732659e-01	2.982481e-01	-2.001082e-02	-5.163683e-02	8.514436e-03
175	1.380609e+05	2.187507e+02	5.152835e+00	1.710150e+00	-6.306195e-05	4.316880e-01	6.745721e-01	2.983832e-01	-2.064887e-02	-5.138785e-02	8.360416e-03
176	5.938867e+03	2.212501e+02	5.185499e+00	1.699916e+00	5.406595e-04	4.258533e-01	6.750875e-01	2.983389e-01	-2.315493e-02	-5.148167e-02	8.582598e-03
177	1.380607e+05	2.212506e+02	5.188457e+00	1.699748e+00	2.247415e-05	4.284529e-01	6.770226e-01	2.984138e-01	-2.486210e-02	-5.113937e-02	8.597453e-03
178	5.938867e+03	2.237500e+02	5.220742e+00	1.688865e+00	6.263529e-04	4.231107e-01	6.784772e-01	2.979949e-01	-2.726855e-02	-5.122272e-02	8.830088e-03
179	1.380607e+05	2.237507e+02	5.224367e+00	1.688560e+00	-7.093287e-05	4.260455e-01	6.803901e-01	2.983977e-01	-2.924515e-02	-5.085879e-02	8.873085e-03
180	5.938867e+03	2.262501e+02	5.257520e+00	1.677063e+00	9.999759e-04	4.212271e-01	6.829625e-01	2.973649e-01	-3.311388e-02	-5.090041e-02	9.055946e-03
181	1.380606e+05	2.262513e+02	5.261080e+00	1.676301e+00	-5.122745e-06	4.239923e-01	6.843913e-01	2.981189e-01	-3.435988e-02	-5.057928e-02	9.099616e-03
182	5.938868e+03	2.287500e+02	5.295244e+00	1.664897e+00	1.059716e-03	4.188811e-01	6.876398e-01	2.965668e-01	-3.801281e-02	-5.036905e-02	9.405637e-03
183	1.380609e+05	2.287506e+02	5.298054e+00	1.663785e+00	-8.148848e-05	4.215392e-01	6.886389e-01	2.976957e-01	-3.858839e-02	-5.029517e-02	9.361505e-03
184	5.938867e+03	2.312499e+02	5.331353e+00	1.652950e+00	1.352202e-03	4.153779e-01	6.924349e-01	2.957173e-01	-4.115490e-02	-4.964423e-02	9.865023e-03
185	1.380609e+05	2.312505e+02	5.334833e+00	1.652037e+00	-2.627788e-05	4.190122e-01	6.936302e-01	2.970878e-01	-4.217877e-02	-4.999034e-02	9.621929e-03
186	5.938889e+03	2.337499e+02	5.367099e+00	1.641299e+00	1.248218e-03	4.128701e-01	6.973783e-01	2.946617e-01	-4.422592e-02	-4.895348e-02	1.012359e-02
187	1.380610e+05	2.337502e+02	5.370975e+00	1.640475e+00	-8.247427e-05	4.165757e-01	6.986523e-01	2.960590e-01	-4.528124e-02	-4.963771e-02	9.883382e-03
188	5.938866e+03	2.362500e+02	5.403143e+00	1.630128e+00	1.128103e-03	4.109205e-01	7.017663e-01	2.931199e-01	-4.691492e-02	-4.843117e-02	1.020348e-02
189	1.380611e+05	2.362496e+02	5.406264e+00	1.628929e+00	-3.180201e-05	4.142176e-01	7.032528e-01	2.946632e-01	-4.817859e-02	-4.932041e-02	1.010633e-02
190	5.938864e+03	2.387502e+02	5.439063e+00	1.618847e+00	1.010280e-03	4.084268e-01	7.063407e-01	2.910226e-01	-4.978022e-02	-4.794169e-02	1.048579e-02
191	1.380610e+05	2.387494e+02	5.440955e+00	1.617749e+00	-5.799146e-05	4.118209e-01	7.075273e-01	2.928800e-01	-5.092521e-02	-4.898474e-02	1.033288e-02
192	5.938865e+03	2.412500e+02	5.475919e+00	1.607968e+00	1.154218e-03	4.056648e-01	7.114539e-01	2.886464e-01	-5.356582e-02	-4.757660e-02	1.071211e-02
193	1.380609e+05	2.412504e+02	5.476654e+00	1.607265e+00	-2.601992e-05	4.088712e-01	7.115405e-01	2.909538e-01	-5.366446e-02	-4.857756e-02	1.047028e-02
194	5.938868e+03	2.437499e+02	5.513505e+00	1.598743e+00	1.111120e-03	4.031761e-01	7.152772e-01	2.865299e-01	-5.774135e-02	-4.730293e-02	1.105811e-02
195	1.380609e+05	2.437517e+02	5.512925e+00	1.597875e+00	-5.748314e-05	4.056576e-01	7.153007e-01	2.889872e-01	-5.687590e-02	-4.819441e-02	1.057545e-02
196	5.938867e+03	2.462501e+02	5.550636e+00	1.590284e+00	9.936613e-04	4.008392e-01	7.178571e-01	2.845290e-01	-6.178004e-02	-4.671754e-02	1.119163e-02
197	1.380610e+05	2.462503e+02	5.549126e+00	1.589862e+00	-3.550083e-05	4.024301e-01	7.180144e-01	2.871123e-01	-6.040339e-02	-4.777171e-02	1.063938e-02
198	5.938866e+03	2.487502e+02	5.586320e+00	1.581897e+00	6.415598e-04	3.983536e-01	7.212614e-01	2.829047e-01	-6.584806e-02	-4.609855e-02	1.145619e-02
199	1.380609e+05	2.487506e+02	5.584579e+00	1.582464e+00	-2.666901e-05	3.998889e-01	7.205629e-01	2.854574e-01	-6.417359e-02	-4.736765e-02	1.071886e-02
200	5.938864e+03	2.512502e+02	5.623064e+00	1.573133e+00	5.006185e-04	3.962552e-01	7.242992e-01	2.814596e-01	-7.008060e-02	-4.542974e-02	1.137281e-02
201	1.380607e+05	2.512512e+02	5.620595e+00	1.575136e+00	-2.173537e-05	3.979289e-01	7.219234e-01	2.838568e-01	-6.867219e-02	-4.687935e-02	1.077298e-02
202	5.938866e+03	2.537500e+02	5.660824e+00	1.565128e+00	3.426524e-04	3.950516e-01	7.246178e-01	2.802902e-01	-7.429076e-02	-4.509509e-02	1.117091e-02
203	1.380609e+05	2.537501e+02	5.657424e+00	1.567684e+00	-2.372560e-05	3.967086e-01	7.218270e-01	2.824111e-01	-7.310905e-02	-4.643546e-02	1.084487e-02
204	5.938883e+03	2.562502e+02	5.697424e+00	1.558184e+00	2.995370e-04	3.939792e-01	7.228737e-01	2.790624e-01	-7.830690e-02	-4.472149e-02	1.121558e-02
205	1.380610e+05	2.562504e+02	5.694472e+00	1.560077e+00	-8.112423e-06	3.957335e-01	7.214245e-01	2.808057e-01	-7.713801e-02	-4.591593e-02	1.091179e-02
206	5.938867e+03	2.587499e+02	5.733344e+00	1.550738e+00	1.592389e-04	3.940744e-01	7.202938e-01	2.779799e-01	-8.344101e-02	-4.447256e-02	1.142721e-02
207	1.380607e+05	2.587505e+02	5.731184e+00	1.551852e+00	-1.018545e-05	3.952389e-01	7.205788e-01	2.792381e-01	-8.144846e-02	-4.542674e-02	1.094768e-02
208	5.938867e+03	2.612501e+02	5.768295e+00	1.542691e+00	-6.049179e-05	3.948666e-01	7.176288e-01	2.767918e-01	-8.895352e-02	-4.442573e-02	1.164000e-02
209	1.380609e+05	2.612506e+02	5.766813e+00	1.543125e+00	2.492344e-06	3.946779e-01	7.193324e-01	2.774509e-01	-8.619423e-02	-4.488213e-02	1.097583e-02
210	5.938868e+03	2.637500e+02	5.802577e+00	1.535523e+00	-2.350832e-04	3.947308e-01	7.158968e-01	2.754692e-01	-9.403029e-02	-4.442038e-02	1.187907e-02
211	1.380609e+05	2.637528e+02	5.802732e+00	1.535310e+00	1.323146e-05	3.942331e-01	7.180229e-01	2.753249e-01	-9.103230e-02	-4.436018e-02	1.097402e-02
212	5.938865e+03	2.662501e+02	5.835859e+00	1.530425e+00	-3.012673e-04	3.942025e-01	7.140267e-01	2.739021e-01	-9.807376e-02	-4.429550e-02	1.207087e-02
213	1.380610e+05	2.662494e+02	5.837548e+00	1.528591e+00	4.460670e-06	3.934383e-01	7.166257e-01	2.730729e-01	-9.518286e-02	-4.385857e-02	1.098252e-02
214	5.938865e+03	2.687502e+02	5.869152e+00	1.525575e+00	-1.394153e-04	3.929604e-01	7.134225e-01	2.723640e-01	-1.008394e-01	-4.405241e-02	1.210978e-02
215	1.380610e+05	2.687511e+02	5.871934e+00	1.522410e+00	2.570839e-05	3.917388e-01	7.162712e-01	2.710495e-01	-9.880582e-02	-4.332031e-02	1.096979e-02
216	5.938865e+03	2.712501e+02	5.903171e+00	1.518721e+00	-3.560758e-05	3.921357e-01	7.133346e-01	2.705119e-01	-1.028611e-01	-4.362267e-02	1.213658e-02
217	1.380610e+05	2.712502e+02	5.906275e+00	1.515494e+00	-1.605737e-05	3.902901e-01	7.157212e-01	2.693571e-01	-1.016482e-01	-4.280334e-02	1.092584e-02
218	5.938865e+03	2.737501e+02	5.936779e+00	1.510346e+00	3.935236e-05	3.915661e-01	7.128032e-01	2.688593e-01	-1.040231e-01	-4.317840e-02	1.219958e-02
219	1.380610e+05	2.737513e+02	5.939654e+00	1.508124e+00	1.579472e-05	3.894971e-01	7.140250e-01	2.680283e-01	-1.033987e-01	-4.227580e-02	1.092095e-02
220	5.938865e+03	2.762501e+02	5.968768e+00	1.501056e+00	-6.850454e-06	3.904195e-01	7.120013e-01	2.670750e-01	-1.041130e-01	-4.277172e-02	1.210516e-02
221	1.380611e+05	2.762489e+02	5.971935e+00	1.500774e+00	-1.712621e-05	3.889108e-01	7.115554e-01	2.666424e-01	-1.040622e-01	-4.175813e-02	1.088038e-02
222	5.938867e+03	2.787501e+02	6.000482e+00	1.491289e+00	3.979982e-05	3.894983e-01	7.103913e-01	2.654462e-01	-1.046421e-01	-4.219230e-02	1.201965e-02
223	1.380612e+05	2.787502e+02	6.003253e+00	1.492701e+00	6.275472e-06	3.888876e-01	7.083393e-01	2.652014e-01	-1.042900e-01	-4.123328e-02	1.088011e-02
224	5.938867e+03	2.812501e+02	6.032522e+00	1.482039e+00	9.340936e-06	3.889798e-01	7.081096e-01	2.636137e-01	-1.052522e-01	-4.167803e-02	1.189005e-02
225	1.380614e+05	2.812491e+02	6.034428e+00	1.484218e+00	-7.253465e-06	3.890265e-01	7.053535e-01	2.633529e-01	-1.044418e-01	-4.071732e-02	1.085451e-02
226	5.938866e+03	2.837501e+02	6.064806e+00	1.471799e+00	1.757202e-05	3.893598e-01	7.058352e-01	2.617429e-01	-1.055896e-01	-4.127682e-02	1.179596e-02
227	1.380614e+05	2.837507e+02	6.066133e+00	1.474612e+00	-1.000279e-06	3.891349e-01	7.035307e-01	2.613441e-01	-1.044951e-01	-4.018583e-02	1.085020e-02
228	5.938866e+03	2.862502e+02	6.096618e+00	1.462278e+00	4.933404e-05	3.904465e-01	7.039283e-01	2.597624e-01	-1.070577e-01	-4.080426e-02	1.181017e-02
229	1.380614e+05	2.862473e+02	6.097596e+00	1.465484e+00	5.763121e-06	3.893484e-01	7.023433e-01	2.592225e-01	-1.056718e-01	-3.964392e-02	1.083710e-02
230	5.938866e+03	2.887501e+02	6.127596e+00	1.453024e+00	1.640341e-04	3.915986e-01	7.022401e-01	2.582844e-01	-1.095266e-01	-4.023043e-02	1.174444e-02
231	1.380613e+05	2.887500e+02	6.127102e+00	1.456277e+00	-7.072578e-06	3.897947e-01	7.010168e-01	2.574447e-01	-1.073758e-01	-3.912466e-02	1.085629e-02
232	5.938866e+03	2.912500e+02	6.158230e+00	1.443322e+00	2.215299e-04	3.929476e-01	7.011955e-01	2.568344e-01	-1.127971e-01	-3.962246e-02	1.170724e-02
233	1.380611e+05	2.912495e+02	6.155838e+00	1.445661e+00	-1.039782e-05	3.908376e-01	7.007701e-01	2.558220e-01	-1.097160e-01	-3.854695e-02	1.083296e-02
234	5.938866e+03	2.937502e+02	6.187143e+00	1.432777e+00	2.483297e-04	3.932592e-01	7.010653e-01	2.557365e-01	-1.157878e-01	-3.917092e-02	1.174419e-02
235	1.380611e+05	2.937518e+02	6.183846e+00	1.434128e+00	-4.573120e-06	3.915716e-01	7.014490e-01	2.544990e-01	-1.124587e-01	-3.803229e-02	1.087170e-02
236	5.938866e+03	2.962500e+02	6.213256e+00	1.421900e+00	1.655259e-04	3.937361e-01	7.010128e-01	2.550189e-01	-1.186824e-01	-3.875111e-02	1.183301e-02
237	1.380610e+05	2.962476e+02	6.210262e+00	1.422228e+00	-1.476736e-05	3.919134e-01	7.023203e-01	2.533143e-01	-1.157672e-01	-3.744209e-02	1.086554e-02
238	5.938867e+03	2.987502e+02	6.238441e+00	1.411009e+00	3.389972e-05	3.934970e-01	7.008095e-01	2.545939e-01	-1.223038e-01	-3.826566e-02	1.200705e-02
239	1.380610e+05	2.987504e+02	6.236841e+00	1.409518e+00	1.068175e-05	3.916643e-01	7.032755e-01	2.526307e-01	-1.196996e-01	-3.687361e-02	1.085614e-02
240	5.938868e+03	3.012499e+02	6.262878e+00	1.398953e+00	-1.518894e-04	3.919215e-01	7.015648e-01	2.536730e-01	-1.246162e-01	-3.767421e-02	1.208776e-02
241	1.380608e+05	3.012518e+02	6.262950e+00	1.396486e+00	-2.634543e-06	3.907241e-01	7.041534e-01	2.519887e-01	-1.226131e-01	-3.629994e-02	1.083511e-02
242	5.938910e+03	3.037499e+02	6.288133e+00	1.385018e+00	-3.863087e-04	3.908703e-01	7.037622e-01	2.523080e-01	-1.257240e-01	-3.697164e-02	1.192201e-02
243	1.380605e+05	3.037530e+02	6.288712e+00	1.383005e+00	3.007379e-05	3.898562e-01	7.059119e-01	2.513997e-01	-1.248100e-01	-3.572942e-02	1.080580e-02
244	5.938868e+03	3.062502e+02	6.314012e+00	1.371083e+00	-7.578935e-04	3.897709e-01	7.072245e-01	2.504728e-01	-1.272808e-01	-3.613404e-02	1.157598e-02
245	1.380605e+05	3.062513e+02	6.314211e+00	1.369888e+00	1.976914e-05	3.886461e-01	7.089099e-01	2.505310e-01	-1.273264e-01	-3.516366e-02	1.080516e-02
246	5.938867e+03	3.087499e+02	6.340441e+00	1.359450e+00	-9.782498e-04	3.895603e-01	7.112508e-01	2.484073e-01	-1.299235e-01	-3.517593e-02	1.131745e-02
247	1.380605e+05	3.087505e+02	6.340313e+00	1.358357e+00	5.219327e-05	3.882529e-01	7.129245e-01	2.494842e-01	-1.301664e-01	-3.459148e-02	1.076765e-02
248	5.938868e+03	3.112500e+02	6.366302e+00	1.348196e+00	-1.061558e-03	3.897253e-01	7.164921e-01	2.461480e-01	-1.327564e-01	-3.424606e-02	1.122708e-02
249	1.380606e+05	3.112520e+02	6.366534e+00	1.347006e+00	3.935078e-05	3.883005e-01	7.181229e-01	2.479808e-01	-1.330494e-01	-3.402755e-02	1.072031e-02
250	5.938868e+03	3.137499e+02	6.391932e+00	1.337154e+00	-1.007914e-03	3.903430e-01	7.219027e-01	2.440413e-01	-1.356547e-01	-3.342707e-02	1.135818e-02
251	1.380605e+05	3.137529e+02	6.392832e+00	1.335825e+00	4.887605e-05	3.883160e-01	7.232560e-01	2.461309e-01	-1.356046e-01	-3.347626e-02	1.065477e-02
252	5.938869e+03	3.162500e+02	6.418436e+00	1.326681e+00	-7.045901e-04	3.913796e-01	7.268817e-01	2.418501e-01	-1.390691e-01	-3.282265e-02	1.164229e-02
253	1.380604e+05	3.162505e+02	6.419278e+00	1.325331e+00	2.896251e-05	3.878038e-01	7.280029e-01	2.439416e-01	-1.375594e-01	-3.291291e-02	1.059747e-02
254	5.938870e+03	3.187498e+02	6.445699e+00	1.317580e+00	-3.386500e-04	3.913316e-01	7.306616e-01	2.399155e-01	-1.425979e-01	-3.239271e-02	1.194683e-02
255	1.380605e+05	3.187509e+02	6.445790e+00	1.315879e+00	1.403660e-05	3.869689e-01	7.331954e-01	2.417170e-01	-1.400890e-01	-3.235753e-02	1.052225e-02
256	5.938869e+03	3.212500e+02	6.472445e+00	1.308420e+00	5.866181e-05	3.886097e-01	7.349379e-01	2.383440e-01	-1.444478e-01	-3.184977e-02	1.202651e-02
257	1.380607e+05	3.212513e+02	6.472543e+00	1.306401e+00	-3.126108e-06	3.848118e-01	7.386467e-01	2.396553e-01	-1.422458e-01	-3.177972e-02	1.045175e-02
258	5.938868e+03	3.237501e+02	6.500270e+00	1.299415e+00	2.825506e-04	3.841935e-01	7.403272e-01	2.369086e-01	-1.459503e-01	-3.134480e-02	1.187147e-02
259	1.380607e+05	3.237502e+02	6.500437e+00	1.297418e+00	-9.778628e-06	3.812777e-01	7.443755e-01	2.377623e-01	-1.439921e-01	-3.122623e-02	1.039100e-02
260	5.938870e+03	3.262499e+02	6.529263e+00	1.290748e+00	4.487041e-04	3.792652e-01	7.452124e-01	2.353287e-01	-1.477681e-01	-3.083032e-02	1.146760e-02
261	1.380610e+05	3.262502e+02	6.528981e+00	1.288907e+00	-2.302132e-05	3.771468e-01	7.490379e-01	2.359884e-01	-1.456589e-01	-3.066827e-02	1.030406e-02
262	5.938870e+03	3.287499e+02	6.557835e+00	1.282582e+00	6.585317e-04	3.740393e-01	7.496382e-01	2.335036e-01	-1.487709e-01	-3.022969e-02	1.099793e-02
263	1.380610e+05	3.287496e+02	6.556154e+00	1.280832e+00	-2.455754e-05	3.727673e-01	7.524467e-01	2.342478e-01	-1.463034e-01	-3.014361e-02	1.023206e-02
264	5.938871e+03	3.312497e+02	6.584139e+00	1.273991e+00	8.957277e-04	3.700517e-01	7.522507e-01	2.316591e-01	-1.492632e-01	-2.966136e-02	1.064008e-02
265	1.380612e+05	3.312502e+02	6.582217e+00	1.272166e+00	-3.860571e-05	3.688186e-01	7.541160e-01	2.325005e-01	-1.465459e-01	-2.962657e-02	1.009726e-02
266	5.938872e+03	3.337498e+02	6.609644e+00	1.263860e+00	1.194022e-03	3.671107e-01	7.533740e-01	2.295765e-01	-1.506502e-01	-2.903762e-02	1.039138e-02
267	1.380609e+05	3.337495e+02	6.607942e+00	1.262389e+00	-5.696856e-05	3.657780e-01	7.543379e-01	2.306470e-01	-1.474122e-01	-2.913927e-02	9.978289e-03
268	5.938869e+03	3.362500e+02	6.635805e+00	1.253098e+00	1.184277e-03	3.649859e-01	7.537165e-01	2.273960e-01	-1.521475e-01	-2.850249e-02	1.026393e-02
269	1.380609e+05	3.362498e+02	6.633153e+00	1.252409e+00	-4.771073e-05	3.630627e-01	7.537498e-01	2.288324e-01	-1.476698e-01	-2.867272e-02	9.819202e-03
270	5.938870e+03	3.387498e+02	6.660268e+00	1.242592e+00	1.111400e-03	3.628688e-01	7.535316e-01	2.257102e-01	-1.527439e-01	-2.796687e-02	1.004088e-02
271	1.380612e+05	3.387489e+02	6.657538e+00	1.242767e+00	-5.236552e-05	3.607260e-01	7.527167e-01	2.270806e-01	-1.475327e-01	-2.822137e-02	9.686868e-03
272	5.938869e+03	3.412499e+02	6.684124e+00	1.232081e+00	9.132541e-04	3.606378e-01	7.525177e-01	2.243976e-01	-1.526648e-01	-2.739170e-02	9.911831e-03
273	1.380612e+05	3.412489e+02	6.681455e+00	1.233242e+00	-3.862145e-05	3.586993e-01	7.511716e-01	2.254466e-01	-1.471318e-01	-2.776104e-02	9.540716e-03
274	5.938869e+03	3.437500e+02	6.708117e+00	1.220978e+00	8.150921e-04	3.581231e-01	7.509587e-01	2.233144e-01	-1.517638e-01	-2.681869e-02	9.669156e-03
275	1.380612e+05	3.437506e+02	6.704972e+00	1.222960e+00	-3.259503e-05	3.560253e-01	7.492410e-01	2.239956e-01	-1.458355e-01	-2.727845e-02	9.439376e-03
276	5.938869e+03	3.462500e+02	6.733055e+00	1.208264e+00	6.031067e-04	3.550548e-01	7.493466e-01	2.221199e-01	-1.504224e-01	-2.619009e-02	9.526934e-03
277	1.380614e+05	3.462499e+02	6.729059e+00	1.210868e+00	-2.837593e-05	3.524142e-01	7.470791e-01	2.227013e-01	-1.437925e-01	-2.679847e-02	9.305981e-03
278	5.938868e+03	3.487499e+02	6.757603e+00	1.194923e+00	5.180116e-04	3.500414e-01	7.477676e-01	2.207791e-01	-1.473940e-01	-2.560114e-02	9.459171e-03
279	1.380617e+05	3.487484e+02	6.753322e+00	1.198216e+00	-1.538778e-05	3.476473e-01	7.446629e-01	2.214176e-01	-1.410479e-01	-2.631871e-02	9.239268e-03
280	5.938869e+03	3.512500e+02	6.780761e+00	1.182253e+00	3.802619e-04	3.438939e-01	7.458544e-01	2.195563e-01	-1.432884e-01	-2.514643e-02	9.484583e-03
281	1.380617e+05	3.512483e+02	6.776976e+00	1.185398e+00	-2.444007e-05	3.425615e-01	7.421737e-01	2.200600e-01	-1.379802e-01	-2.580884e-02	9.100947e-03
282	5.938869e+03	3.537499e+02	6.802804e+00	1.171063e+00	1.810248e-04	3.383470e-01	7.430283e-01	2.182387e-01	-1.396547e-01	-2.474827e-02	9.575639e-03
283	1.380616e+05	3.537484e+02	6.799995e+00	1.173019e+00	1.465119e-06	3.380404e-01	7.397317e-01	2.185876e-01	-1.352977e-01	-2.526933e-02	9.000822e-03
284	5.938868e+03	3.562501e+02	6.825364e+00	1.160374e+00	1.015715e-04	3.341146e-01	7.403809e-01	2.165169e-01	-1.367979e-01	-2.434409e-02	9.418233e-03
285	1.380617e+05	3.562490e+02	6.823007e+00	1.162058e+00	-1.842462e-05	3.344210e-01	7.375538e-01	2.167727e-01	-1.331773e-01	-2.473573e-02	8.895036e-03
286	5.938905e+03	3.587497e+02	6.848707e+00	1.149588e+00	-4.039464e-05	3.311441e-01	7.377741e-01	2.142343e-01	-1.345426e-01	-2.379037e-02	9.248191e-03
287	1.380618e+05	3.587492e+02	6.846093e+00	1.152309e+00	2.218348e-05	3.313138e-01	7.351205e-01	2.145791e-01	-1.311173e-01	-2.420202e-02	8.781240e-03
288	5.938869e+03	3.612499e+02	6.870525e+00	1.139974e+00	9.062197e-06	3.283643e-01	7.365553e-01	2.117355e-01	-1.321474e-01	-2.311090e-02	9.048119e-03
289	1.380618e+05	3.612489e+02	6.868631e+00	1.143481e+00	-1.698008e-05	3.283597e-01	7.338665e-01	2.121550e-01	-1.289944e-01	-2.367896e-02	8.693738e-03
290	5.938869e+03	3.637500e+02	6.891390e+00	1.130999e+00	1.640117e-04	3.258017e-01	7.361651e-01	2.093748e-01	-1.304376e-01	-2.259699e-02	8.806475e-03
291	1.380618e+05	3.637484e+02	6.890231e+00	1.134698e+00	1.682449e-05	3.256850e-01	7.333718e-01	2.097290e-01	-1.276111e-01	-2.314322e-02	8.564986e-03
292	5.938868e+03	3.662502e+02	6.912532e+00	1.122877e+00	2.138302e-04	3.231497e-01	7.359231e-01	2.074147e-01	-1.293691e-01	-2.222069e-02	8.582193e-03
293	1.380617e+05	3.662469e+02	6.911570e+00	1.125871e+00	-4.033120e-05	3.226111e-01	7.332823e-01	2.075211e-01	-1.268937e-01	-2.260900e-02	8.488309e-03
294	5.938868e+03	3.687499e+02	6.933512e+00	1.115001e+00	-1.062491e-06	3.207208e-01	7.361134e-01	2.059578e-01	-1.295675e-01	-2.184063e-02	8.611225e-03
295	1.380617e+05	3.687483e+02	6.932220e+00	1.116613e+00	3.585279e-05	3.196821e-01	7.338633e-01	2.056151e-01	-1.270897e-01	-2.207187e-02	8.346626e-03
296	5.938868e+03	3.712499e+02	6.953743e+00	1.106359e+00	-3.716257e-04	3.180867e-01	7.363590e-01	2.046046e-01	-1.303737e-01	-2.140093e-02	8.831665e-03
297	1.380620e+05	3.712480e+02	6.952355e+00	1.106629e+00	-1.615459e-05	3.167873e-01	7.351720e-01	2.039502e-01	-1.280466e-01	-2.155462e-02	8.263573e-03
298	5.938868e+03	3.737502e+02	6.973605e+00	1.095621e+00	-6.123109e-04	3.162504e-01	7.368417e-01	2.027973e-01	-1.318737e-01	-2.094041e-02	8.888801e-03
299	1.380620e+05	3.737477e+02	6.972305e+00	1.095205e+00	6.486405e-05	3.143366e-01	7.364401e-01	2.023693e-01	-1.297069e-01	-2.100592e-02	8.104105e-03
300	5.938868e+03	3.762500e+02	6.993169e+00	1.083987e+00	-1.024126e-03	3.140019e-01	7.380781e-01	2.009182e-01	-1.332985e-01	-2.049424e-02	8.973045e-03
301	1.380623e+05	3.762460e+02	6.992172e+00	1.083035e+00	-2.215052e-06	3.122388e-01	7.378625e-01	2.006198e-01	-1.313596e-01	-2.049535e-02	8.045185e-03
302	5.938869e+03	3.787502e+02	7.014144e+00	1.071790e+00	-1.168495e-03	3.119742e-01	7.392697e-01	1.988674e-01	-1.356117e-01	-1.996210e-02	8.772915e-03
303	1.380618e+05	3.787482e+02	7.012113e+00	1.070412e+00	9.895983e-05	3.106515e-01	7.391320e-01	1.985361e-01	-1.334053e-01	-1.996433e-02	7.883252e-03
304	5.938868e+03	3.812500e+02	7.034440e+00	1.058355e+00	-1.319072e-03	3.101201e-01	7.397082e-01	1.965431e-01	-1.375736e-01	-1.942602e-02	8.604549e-03
305	1.380617e+05	3.812485e+02	7.031965e+00	1.056958e+00	2.732481e-06	3.091237e-01	7.398396e-01	1.963001e-01	-1.357798e-01	-1.947208e-02	7.811334e-03
306	5.938868e+03	3.837502e+02	7.053278e+00	1.045624e+00	-1.261636e-03	3.079502e-01	7.389896e-01	1.937675e-01	-1.385092e-01	-1.888064e-02	8.369759e-03
307	1.380612e+05	3.837506e+02	7.051199e+00	1.043964e+00	1.171213e-04	3.078104e-01	7.399641e-01	1.938136e-01	-1.376441e-01	-1.896678e-02	7.640352e-03
308	5.938868e+03	3.862501e+02	7.072639e+00	1.033586e+00	-1.310356e-03	3.062889e-01	7.385246e-01	1.909036e-01	-1.394931e-01	-1.837214e-02	8.225105e-03
309	1.380613e+05	3.862486e+02	7.070815e+00	1.031562e+00	-1.389718e-05	3.068296e-01	7.401454e-01	1.911268e-01	-1.389757e-01	-1.847828e-02	7.567472e-03
310	5.938868e+03	3.887501e+02	7.092183e+00	1.022022e+00	-1.185252e-03	3.055757e-01	7.381368e-01	1.879113e-01	-1.400748e-01	-1.798397e-02	8.074596e-03
311	1.380612e+05	3.887494e+02	7.090634e+00	1.019780e+00	1.325750e-04	3.056277e-01	7.403949e-01	1.883210e-01	-1.395843e-01	-1.797635e-02	7.359594e-03
312	5.938868e+03	3.912501e+02	7.112041e+00	1.010706e+00	-1.406574e-03	3.045776e-01	7.383845e-01	1.847864e-01	-1.408242e-01	-1.765793e-02	8.084059e-03
313	1.380611e+05	3.912491e+02	7.110518e+00	1.008920e+00	-2.699540e-05	3.037645e-01	7.404361e-01	1.854275e-01	-1.397663e-01	-1.749464e-02	7.290349e-03
314	5.938867e+03	3.937499e+02	7.131151e+00	1.000487e+00	-1.206049e-03	3.020034e-01	7.389334e-01	1.817808e-01	-1.411113e-01	-1.717860e-02	7.877702e-03
315	1.380611e+05	3.937502e+02	7.129816e+00	9.993176e-01	1.491516e-04	3.010457e-01	7.406282e-01	1.824689e-01	-1.396566e-01	-1.699821e-02	7.043419e-03
316	5.938867e+03	3.962503e+02	7.149887e+00	9.909725e-01	-1.358430e-03	2.982147e-01	7.386620e-01	1.788949e-01	-1.409147e-01	-1.676609e-02	7.731901e-03
317	1.380611e+05	3.962503e+02	7.148779e+00	9.900838e-01	-4.983913e-05	2.979853e-01	7.409245e-01	1.794082e-01	-1.396317e-01	-1.655503e-02	6.984448e-03
318	5.938866e+03	3.987501e+02	7.168320e+00	9.809366e-01	-1.233360e-03	2.953307e-01	7.380192e-01	1.759508e-01	-1.410142e-01	-1.638815e-02	7.433736e-03
319	1.380612e+05	3.987510e+02	7.166852e+00	9.804503e-01	1.751681e-04	2.950372e-01	7.407348e-01	1.763755e-01	-1.395849e-01	-1.605837e-02	6.701567e-03
320	5.938866e+03	4.012501e+02	7.185888e+00	9.712247e-01	-1.436176e-03	2.926996e-01	7.373787e-01	1.731315e-01	-1.410946e-01	-1.598645e-02	7.489061e-03
321	1.380612e+05	4.012471e+02	7.183999e+00	9.707804e-01	-6.974900e-05	2.922741e-01	7.399383e-01	1.733980e-01	-1.393507e-01	-1.563442e-02	6.653546e-03
322	5.938866e+03	4.037505e+02	7.202535e+00	9.635696e-01	-8.666465e-04	2.900275e-01	7.357391e-01	1.705943e-01	-1.405760e-01	-1.537857e-02	7.285436e-03
323	1.380610e+05	4.037501e+02	7.200388e+00	9.623571e-01	1.836116e-04	2.892222e-01	7.383650e-01	1.704013e-01	-1.385077e-01	-1.515144e-02	6.341414e-03
324	5.938868e+03	4.062500e+02	7.218177e+00	9.578506e-01	-8.932226e-04	2.877972e-01	7.331799e-01	1.682564e-01	-1.397269e-01	-1.487407e-02	7.286747e-03
325	1.380610e+05	4.062506e+02	7.215703e+00	9.549292e-01	-1.189032e-04	2.868482e-01	7.368459e-01	1.674631e-01	-1.378596e-01	-1.476082e-02	6.333758e-03
326	5.938869e+03	4.087501e+02	7.233603e+00	9.516911e-01	-3.104071e-04	2.858362e-01	7.308733e-01	1.657109e-01	-1.383854e-01	-1.429728e-02	6.824878e-03
327	1.380613e+05	4.087514e+02	7.231003e+00	9.475753e-01	1.826982e-04	2.852328e-01	7.351419e-01	1.644787e-01	-1.374476e-01	-1.428862e-02	6.011645e-03
328	5.938867e+03	4.112500e+02	7.248179e+00	9.440730e-01	-4.418733e-04	2.836041e-01	7.297433e-01	1.629575e-01	-1.373952e-01	-1.374013e-02	6.620172e-03
329	1.380612e+05	4.112475e+02	7.246038e+00	9.398584e-01	-1.635934e-04	2.837965e-01	7.334544e-01	1.616269e-01	-1.371630e-01	-1.390213e-02	6.024713e-03
330	5.938911e+03	4.137496e+02	7.262380e+00	9.349055e-01	1.316158e-04	2.811575e-01	7.287354e-01	1.601184e-01	-1.370114e-01	-1.308057e-02	6.033215e-03
331	1.380611e+05	4.137491e+02	7.260872e+00	9.317351e-01	1.974621e-04	2.820833e-01	7.311174e-01	1.590379e-01	-1.371213e-01	-1.343096e-02	5.686020e-03
332	2.421907e+03	4.162498e+02	7.275634e+00	9.247878e-01	5.280619e-05	2.790931e-01	7.271300e-01	1.573810e-01	-1.368619e-01	-1.266491e-02	5.800932e-03
333	1.415780e+05	4.162502e+02	7.275372e+00	9.236498e-01	-2.131481e-04	2.804314e-01	7.284016e-01	1.568360e-01	-1.370561e-01	-1.305970e-02	5.748217e-03
334	2.406289e+03	4.187498e+02	7.288551e+00	9.159068e-01	6.695188e-04	2.771734e-01	7.250743e-01	1.552659e-01	-1.368866e-01	-1.217869e-02	5.356676e-03
335	1.415936e+05	4.187507e+02	7.289185e+00	9.156995e-01	2.150506e-04	2.786697e-01	7.257717e-01	1.548834e-01	-1.370613e-01	-1.259012e-02	5.395276e-03
336	2.421907e+03	4.212501e+02	7.300133e+00	9.082389e-01	3.785461e-04	2.754223e-01	7.235456e-01	1.530727e-01	-1.371355e-01	-1.175492e-02	5.379612e-03
337	1.415781e+05	4.212511e+02	7.301948e+00	9.084479e-01	-2.547568e-04	2.768790e-01	7.235678e-01	1.529141e-01	-1.373022e-01	-1.225798e-02	5.464660e-03
338	2.421906e+03	4.237501e+02	7.311091e+00	9.014942e-01	8.801065e-04	2.733904e-01	7.221617e-01	1.508783e-01	-1.369604e-01	-1.125080e-02	5.092268e-03
339	1.415781e+05	4.237487e+02	7.313676e+00	9.021121e-01	2.448870e-04	2.748511e-01	7.218419e-01	1.508987e-01	-1.373960e-01	-1.178532e-02	5.097702e-03
340	2.421906e+03	4.262502e+02	7.322549e+00	8.956639e-01	2.761593e-04	2.713905e-01	7.214574e-01	1.487041e-01	-1.367803e-01	-1.095626e-02	5.267340e-03
341	1.415779e+05	4.262518e+02	7.324970e+00	8.963606e-01	-2.836734e-04	2.724278e-01	7.209148e-01	1.489016e-01	-1.372523e-01	-1.146118e-02	5.181589e-03
342	2.437528e+03	4.287501e+02	7.333977e+00	8.911512e-01	6.729033e-04	2.695030e-01	7.210250e-01	1.464899e-01	-1.364657e-01	-1.053747e-02	4.902688e-03
343	1.415620e+05	4.287528e+02	7.336210e+00	8.915274e-01	2.911543e-04	2.695992e-01	7.202980e-01	1.469395e-01	-1.365885e-01	-1.099276e-02	4.770806e-03
344	2.468771e+03	4.312501e+02	7.345010e+00	8.873925e-01	9.949691e-06	2.669702e-01	7.199736e-01	1.443900e-01	-1.357727e-01	-1.025575e-02	4.923120e-03
345	1.415309e+05	4.312499e+02	7.346975e+00	8.873792e-01	-3.240051e-04	2.664019e-01	7.195808e-01	1.450683e-01	-1.357347e-01	-1.067654e-02	4.885497e-03
346	2.421906e+03	4.337501e+02	7.355579e+00	8.833832e-01	7.059303e-04	2.636614e-01	7.187761e-01	1.423362e-01	-1.346135e-01	-9.834946e-03	4.376805e-03
347	1.415779e+05	4.337509e+02	7.357510e+00	8.830246e-01	3.341842e-04	2.633046e-01	7.189307e-01	1.431147e-01	-1.350476e-01	-1.018727e-02	4.421399e-03
348	2.421906e+03	4.362501e+02	7.365765e+00	8.790313e-01	2.063734e-04	2.594440e-01	7.176367e-01	1.401074e-01	-1.327958e-01	-9.516702e-03	4.347770e-03
349	1.415780e+05	4.362517e+02	7.367774e+00	8.786386e-01	-3.751382e-04	2.593949e-01	7.177687e-01	1.411352e-01	-1.337293e-01	-9.876788e-03	4.576734e-03
350	2.421906e+03	4.387501e+02	7.376492e+00	8.749736e-01	1.130387e-03	2.548125e-01	7.160937e-01	1.376213e-01	-1.311803e-01	-9.002477e-03	3.721755e-03
351	1.415776e+05	4.387532e+02	7.377948e+00	8.743542e-01	3.862343e-04	2.552579e-01	7.163864e-01	1.388610e-01	-1.322464e-01	-9.369548e-03	4.077246e-03
352	2.421906e+03	4.412500e+02	7.387348e+00	8.706974e-01	3.686043e-04	2.507000e-01	7.146542e-01	1.351163e-01	-1.299778e-01	-8.730272e-03	3.808167e-03
353	1.415778e+05	4.412483e+02	7.388026e+00	8.699808e-01	-4.392941e-04	2.511571e-01	7.150249e-01	1.364079e-01	-1.307247e-01	-9.076951e-03	4.278856e-03
354	2.437527e+03	4.437501e+02	7.397825e+00	8.656719e-01	1.153774e-03	2.468112e-01	7.129416e-01	1.325337e-01	-1.288027e-01	-8.310561e-03	3.287428e-03
355	1.415622e+05	4.437503e+02	7.398287e+00	8.653869e-01	4.451903e-04	2.473905e-01	7.132410e-01	1.338516e-01	-1.295369e-01	-8.564799e-03	3.716839e-03
356	2.437527e+03	4.462502e+02	7.407285e+00	8.607906e-01	2.772557e-05	2.440404e-01	7.117898e-01	1.300403e-01	-1.281989e-01	-8.127968e-03	3.730189e-03
357	1.415622e+05	4.462509e+02	7.407851e+00	8.612742e-01	-4.991874e-04	2.444042e-01	7.114953e-01	1.313946e-01	-1.288075e-01	-8.293078e-03	3.962216e-03
358	2.406288e+03	4.487499e+02	7.416607e+00	8.556815e-01	8.428533e-04	2.419686e-01	7.117611e-01	1.274953e-01	-1.281611e-01	-7.632342e-03	3.312393e-03
359	1.415936e+05	4.487526e+02	7.417003e+00	8.570994e-01	5.173651e-04	2.417586e-01	7.101955e-01	1.288671e-01	-1.281817e-01	-7.774102e-03	3.327860e-03
360	2.406288e+03	4.512500e+02	7.426005e+00	8.509953e-01	-4.988891e-04	2.395417e-01	7.115579e-01	1.252382e-01	-1.276469e-01	-7.340948e-03	3.827957e-03
361	1.415935e+05	4.512496e+02	7.426181e+00	8.529562e-01	-5.653038e-04	2.389774e-01	7.089961e-01	1.264831e-01	-1.274637e-01	-7.522465e-03	3.649467e-03
362	2.421906e+03	4.537502e+02	7.434254e+00	8.470050e-01	4.184172e-04	2.371971e-01	7.105236e-01	1.230013e-01	-1.270220e-01	-6.768365e-03	3.280350e-03
363	1.415779e+05	4.537487e+02	7.434598e+00	8.489376e-01	6.107910e-04	2.363724e-01	7.081307e-01	1.240014e-01	-1.269448e-01	-6.990883e-03	2.938209e-03
364	2.453151e+03	4.562502e+02	7.441745e+00	8.426224e-01	-1.019786e-03	2.347630e-01	7.090060e-01	1.210838e-01	-1.260632e-01	-6.549998e-03	3.789372e-03
365	1.415466e+05	4.562509e+02	7.442449e+00	8.442738e-01	-6.411654e-04	2.339321e-01	7.074101e-01	1.217090e-01	-1.263501e-01	-6.738380e-03	3.312637e-03
366	2.437527e+03	4.587502e+02	7.448977e+00	8.382210e-01	7.350964e-05	2.319368e-01	7.079363e-01	1.189051e-01	-1.252022e-01	-6.072898e-03	3.110921e-03
367	1.415623e+05	4.587507e+02	7.449976e+00	8.394805e-01	7.043106e-04	2.316209e-01	7.071458e-01	1.192699e-01	-1.258695e-01	-6.185273e-03	2.541698e-03
368	2.437527e+03	4.612500e+02	7.455775e+00	8.343614e-01	-1.563498e-03	2.287200e-01	7.076530e-01	1.167797e-01	-1.246455e-01	-5.856558e-03	3.549507e-03
369	1.415623e+05	4.612520e+02	7.456754e+00	8.351893e-01	-7.271624e-04	2.291342e-01	7.072201e-01	1.169753e-01	-1.253467e-01	-5.955425e-03	3.000264e-03
370	2.437527e+03	4.637500e+02	7.463078e+00	8.302290e-01	-2.020674e-04	2.253679e-01	7.074558e-01	1.144022e-01	-1.235601e-01	-5.251751e-03	2.669785e-03
371	1.415623e+05	4.637509e+02	7.463879e+00	8.308081e-01	8.085732e-04	2.258414e-01	7.072507e-01	1.144415e-01	-1.243395e-01	-5.374519e-03	2.150893e-03
372	2.437528e+03	4.662500e+02	7.469987e+00	8.258717e-01	-1.906796e-03	2.215051e-01	7.077635e-01	1.119790e-01	-1.219662e-01	-5.031481e-03	3.175080e-03
373	1.415623e+05	4.662505e+02	7.470659e+00	8.264393e-01	-8.287235e-04	2.220375e-01	7.078865e-01	1.119100e-01	-1.229106e-01	-5.177094e-03	2.705163e-03
375	1.439997e+05	4.687498e+02	7.477438e+00	8.217375e-01	9.006434e-04	2.179579e-01	7.085324e-01	1.091229e-01	-1.211429e-01	-4.573524e-03	1.779702e-03
377	1.439997e+05	4.712521e+02	7.484030e+00	8.168979e-01	-9.553978e-04	2.142436e-01	7.096207e-01	1.064602e-01	-1.197325e-01	-4.404355e-03	2.436955e-03
379	1.439997e+05	4.737513e+02	7.490790e+00	8.118898e-01	1.012036e-03	2.111577e-01	7.109259e-01	1.036712e-01	-1.188565e-01	-3.791230e-03	1.411184e-03
381	1.439997e+05	4.762521e+02	7.497458e+00	8.069608e-01	-1.075353e-03	2.088464e-01	7.125251e-01	1.008983e-01	-1.186066e-01	-3.645761e-03	2.165902e-03
383	1.439997e+05	4.787506e+02	7.503679e+00	8.013402e-01	1.137312e-03	2.067497e-01	7.143148e-01	9.767435e-02	-1.186707e-01	-3.010466e-03	1.024155e-03
385	1.439997e+05	4.812523e+02	7.509103e+00	7.964729e-01	-1.211012e-03	2.047385e-01	7.162067e-01	9.424818e-02	-1.187529e-01	-2.898572e-03	1.874352e-03
387	1.439997e+05	4.837506e+02	7.513823e+00	7.919939e-01	1.283840e-03	2.023894e-01	7.175212e-01	9.011644e-02	-1.183207e-01	-2.241659e-03	6.042671e-04
389	1.439997e+05	4.862498e+02	7.517468e+00	7.884924e-01	-1.365374e-03	2.007927e-01	7.184114e-01	8.539649e-02	-1.179302e-01	-2.160833e-03	1.556178e-03
391	1.439997e+05	4.887502e+02	7.520647e+00	7.851709e-01	1.447735e-03	1.999415e-01	7.195511e-01	7.919132e-02	-1.176804e-01	-1.484353e-03	1.644918e-04
393	1.439997e+05	4.912517e+02	7.523544e+00	7.821476e-01	-1.561497e-03	1.992947e-01	7.211158e-01	7.144056e-02	-1.174819e-01	-1.440539e-03	1.258582e-03
395	1.439997e+05	4.937511e+02	7.525928e+00	7.786210e-01	1.663847e-03	1.991149e-01	7.220666e-01	6.033536e-02	-1.166156e-01	-7.242496e-04	-2.912807e-04
397	1.439997e+05	4.962509e+02	7.528617e+00	7.757750e-01	-1.871155e-03	2.022484e-01	7.244897e-01	4.472554e-02	-1.162215e-01	-7.041072e-04	1.051158e-03
399	1.439997e+05	4.987523e+02	7.532382e+00	7.681303e-01	2.208356e-03	2.081473e-01	7.234379e-01	1.882348e-02	-1.129852e-01	7.134805e-05	-7.757249e-04
