Time (s)	9.600000e+03	dt_sampled - EXTRA_TIME	3.600000e+03
 i	 Vol	 Z	 Uavg	 Vavg	 Wavg	 Urms	 Vrms	 Wrms	 UVmean	 UWmean	 VWmean
0	6.299784e+04	6.250523e-01	2.492124e-01	8.476578e-03	-3.913017e-02	7.612640e-01	7.481751e-01	2.104496e-01	-6.290611e-03	-1.473620e-04	-2.696061e-04
1	6.299783e+04	1.875121e+00	4.701059e-01	1.073635e-02	1.562162e-02	6.745519e-01	6.620428e-01	3.416256e-01	-1.885659e-03	-1.507649e-02	1.216123e-04
2	6.299784e+04	3.125299e+00	5.695888e-01	1.209969e-02	-7.950175e-03	6.474670e-01	6.320264e-01	4.159080e-01	1.788853e-04	-2.422470e-02	-5.102275e-04
3	6.299784e+04	4.375255e+00	6.297710e-01	1.253382e-02	6.032320e-03	6.441109e-01	6.170263e-01	4.594895e-01	2.050018e-03	-2.782403e-02	-5.158568e-04
4	6.299784e+04	5.625647e+00	6.649072e-01	1.313883e-02	-3.650970e-03	6.447753e-01	6.079528e-01	4.882406e-01	3.746933e-03	-3.528590e-02	-9.273147e-04
5	6.299786e+04	6.875608e+00	6.867210e-01	1.356507e-02	2.586771e-03	6.462619e-01	6.006576e-01	5.076393e-01	4.362839e-03	-3.920526e-02	-1.113887e-03
6	6.299783e+04	8.125446e+00	7.025026e-01	1.453857e-02	-1.741999e-03	6.495957e-01	5.965991e-01	5.247909e-01	4.320631e-03	-4.605913e-02	-1.446009e-03
7	6.299782e+04	9.375257e+00	7.160597e-01	1.538337e-02	1.279394e-03	6.543219e-01	5.944754e-01	5.376040e-01	4.174090e-03	-5.097599e-02	-1.629763e-03
8	6.299949e+04	1.062479e+01	7.304445e-01	1.607730e-02	-8.505100e-04	6.603483e-01	5.942263e-01	5.498797e-01	3.930431e-03	-5.751574e-02	-1.789140e-03
9	6.299946e+04	1.187454e+01	7.459134e-01	1.650134e-02	6.444001e-04	6.665536e-01	5.955607e-01	5.599710e-01	3.998204e-03	-6.311755e-02	-1.897116e-03
10	6.299949e+04	1.312445e+01	7.635715e-01	1.701413e-02	-4.257095e-04	6.732139e-01	5.977813e-01	5.699399e-01	4.065619e-03	-6.972054e-02	-1.954137e-03
11	6.299938e+04	1.437473e+01	7.829670e-01	1.697032e-02	3.473984e-04	6.804616e-01	6.006091e-01	5.787377e-01	4.128092e-03	-7.590462e-02	-1.906326e-03
12	6.299890e+04	1.562502e+01	8.037388e-01	1.615384e-02	-2.139701e-04	6.881939e-01	6.040711e-01	5.874587e-01	4.134434e-03	-8.277240e-02	-1.855996e-03
13	6.299915e+04	1.687572e+01	8.261656e-01	1.440742e-02	1.790028e-04	6.965050e-01	6.077527e-01	5.955998e-01	3.852381e-03	-8.943286e-02	-1.751409e-03
14	6.299370e+04	1.812448e+01	8.502819e-01	1.254014e-02	-1.075124e-04	7.051979e-01	6.114690e-01	6.036977e-01	3.177117e-03	-9.638017e-02	-1.644463e-03
15	6.299370e+04	1.937678e+01	8.758551e-01	1.049563e-02	1.002028e-04	7.145436e-01	6.155581e-01	6.113091e-01	3.037028e-03	-1.033019e-01	-1.486054e-03
16	6.273099e+04	2.062250e+01	9.033923e-01	8.518180e-03	-9.195397e-05	7.247851e-01	6.205558e-01	6.187682e-01	3.122011e-03	-1.106014e-01	-1.188416e-03
17	6.273081e+04	2.186706e+01	9.334326e-01	6.547349e-03	6.838432e-05	7.353840e-01	6.260911e-01	6.258467e-01	3.587608e-03	-1.180533e-01	-8.113005e-04
18	6.276318e+04	2.311179e+01	9.656768e-01	4.769844e-03	-5.673384e-05	7.461914e-01	6.318479e-01	6.329176e-01	3.649893e-03	-1.259739e-01	-3.971592e-04
19	6.276320e+04	2.435723e+01	9.995412e-01	3.075040e-03	4.846606e-05	7.571959e-01	6.382981e-01	6.398627e-01	3.422535e-03	-1.342186e-01	-4.134160e-05
20	6.298276e+04	2.560505e+01	1.035240e+00	1.234000e-03	-1.911930e-05	7.682658e-01	6.453585e-01	6.465899e-01	3.144298e-03	-1.432459e-01	2.074345e-04
21	6.298271e+04	2.685461e+01	1.073237e+00	-8.792258e-04	4.842431e-05	7.802857e-01	6.524873e-01	6.533614e-01	2.293715e-03	-1.527228e-01	3.593845e-04
22	6.310253e+04	2.810490e+01	1.114326e+00	-2.782061e-03	-8.406612e-05	7.925182e-01	6.586917e-01	6.601221e-01	9.655299e-04	-1.629047e-01	4.597546e-04
23	6.310250e+04	2.935710e+01	1.158946e+00	-4.332417e-03	7.222082e-05	8.052450e-01	6.646711e-01	6.670352e-01	2.421448e-04	-1.738370e-01	6.109360e-04
24	6.310306e+04	3.060934e+01	1.207949e+00	-5.357416e-03	-1.642893e-04	8.184822e-01	6.705793e-01	6.737542e-01	4.903202e-04	-1.859359e-01	8.181114e-04
25	6.310311e+04	3.186057e+01	1.260882e+00	-6.307523e-03	1.772384e-04	8.322366e-01	6.766254e-01	6.804640e-01	1.148270e-03	-1.991675e-01	1.017939e-03
26	6.310338e+04	3.311409e+01	1.320382e+00	-7.087237e-03	-3.996482e-04	8.475175e-01	6.825512e-01	6.865627e-01	2.125864e-03	-2.142373e-01	1.219398e-03
27	6.310340e+04	3.436449e+01	1.385974e+00	-7.323992e-03	4.278631e-04	8.657278e-01	6.892247e-01	6.919852e-01	3.425582e-03	-2.315774e-01	1.460393e-03
28	6.310352e+04	3.561813e+01	1.464759e+00	-7.302453e-03	-8.765734e-04	8.881149e-01	6.965672e-01	6.955694e-01	4.429134e-03	-2.517525e-01	1.619207e-03
29	6.310347e+04	3.686981e+01	1.555631e+00	-7.431209e-03	8.572052e-04	9.163792e-01	7.061037e-01	6.978744e-01	5.371943e-03	-2.748351e-01	1.879444e-03
30	6.305648e+04	3.812090e+01	1.677426e+00	-8.118846e-03	-1.451313e-03	9.543990e-01	7.182035e-01	6.969118e-01	7.149053e-03	-3.014824e-01	2.258451e-03
31	6.305654e+04	3.937189e+01	1.830652e+00	-9.077284e-03	1.233278e-03	1.008159e+00	7.356648e-01	6.974305e-01	8.638036e-03	-3.295541e-01	2.670125e-03
32	7.200617e+04	4.062586e+01	1.996349e+00	-1.172689e-02	1.554307e-02	1.094257e+00	7.841541e-01	6.483710e-01	1.067462e-02	-3.013963e-01	2.409609e-03
33	7.200606e+04	4.187104e+01	2.226264e+00	-1.403167e-02	-7.388945e-03	1.124351e+00	7.900690e-01	6.518594e-01	1.282954e-02	-3.300180e-01	2.438686e-03
34	7.200596e+04	4.312565e+01	2.386703e+00	-1.594986e-02	5.456736e-03	1.131688e+00	7.937602e-01	6.565918e-01	1.469382e-02	-3.205686e-01	2.424873e-03
35	7.200592e+04	4.437776e+01	2.523388e+00	-1.721816e-02	-4.039804e-03	1.134485e+00	7.950359e-01	6.642495e-01	1.602430e-02	-3.273701e-01	2.357870e-03
36	7.200595e+04	4.562721e+01	2.639992e+00	-1.748033e-02	3.030012e-03	1.136096e+00	7.949117e-01	6.665953e-01	1.706724e-02	-3.208769e-01	2.401618e-03
37	7.200602e+04	4.687171e+01	2.747164e+00	-1.685442e-02	-2.383341e-03	1.138724e+00	7.938446e-01	6.712395e-01	1.818324e-02	-3.228332e-01	2.414135e-03
38	7.200611e+04	4.812513e+01	2.846723e+00	-1.544186e-02	1.842648e-03	1.142150e+00	7.921235e-01	6.727573e-01	1.953165e-02	-3.180145e-01	2.498103e-03
39	7.200598e+04	4.937845e+01	2.942104e+00	-1.358048e-02	-1.500008e-03	1.146492e+00	7.909239e-01	6.760300e-01	2.054095e-02	-3.180494e-01	2.519983e-03
40	7.200619e+04	5.062893e+01	3.033336e+00	-1.161582e-02	1.159419e-03	1.150869e+00	7.898633e-01	6.774252e-01	2.235038e-02	-3.140462e-01	2.548532e-03
41	7.200608e+04	5.187349e+01	3.121078e+00	-9.681896e-03	-9.712194e-04	1.155494e+00	7.886977e-01	6.799954e-01	2.554011e-02	-3.129135e-01	2.469148e-03
42	7.200605e+04	5.312360e+01	3.205488e+00	-7.807701e-03	7.524943e-04	1.159994e+00	7.873057e-01	6.812568e-01	2.952342e-02	-3.091848e-01	2.447579e-03
43	7.200623e+04	5.437890e+01	3.287776e+00	-6.009460e-03	-6.456250e-04	1.164230e+00	7.851228e-01	6.833116e-01	3.445923e-02	-3.071989e-01	2.378781e-03
44	7.200628e+04	5.563035e+01	3.367422e+00	-4.670335e-03	4.849859e-04	1.168141e+00	7.828746e-01	6.844882e-01	3.980714e-02	-3.035157e-01	2.288121e-03
45	7.200623e+04	5.687693e+01	3.445379e+00	-3.473895e-03	-4.331821e-04	1.171988e+00	7.811238e-01	6.860278e-01	4.487737e-02	-3.010018e-01	2.207840e-03
46	7.200616e+04	5.812374e+01	3.522224e+00	-2.041152e-03	3.263341e-04	1.175406e+00	7.791281e-01	6.867640e-01	4.833703e-02	-2.974469e-01	2.183445e-03
47	7.200629e+04	5.937850e+01	3.598379e+00	-8.148960e-04	-3.041057e-04	1.177863e+00	7.773129e-01	6.876844e-01	5.102008e-02	-2.946598e-01	2.103692e-03
48	7.200624e+04	6.063251e+01	3.673159e+00	3.312641e-04	2.293545e-04	1.179239e+00	7.751802e-01	6.880318e-01	5.314194e-02	-2.911927e-01	2.061997e-03
49	7.200613e+04	6.188033e+01	3.746197e+00	1.709561e-03	-2.296727e-04	1.179158e+00	7.722867e-01	6.885584e-01	5.434423e-02	-2.881671e-01	1.958853e-03
50	7.200618e+04	6.312585e+01	3.817276e+00	3.622781e-03	1.638086e-04	1.178110e+00	7.687664e-01	6.886603e-01	5.496842e-02	-2.846800e-01	1.879516e-03
51	7.200623e+04	6.437816e+01	3.886564e+00	6.089297e-03	-1.732024e-04	1.176802e+00	7.648982e-01	6.888031e-01	5.570136e-02	-2.814732e-01	1.804542e-03
52	7.200641e+04	6.562878e+01	3.953728e+00	8.904238e-03	1.250131e-04	1.174928e+00	7.609698e-01	6.885727e-01	5.599360e-02	-2.779594e-01	1.705167e-03
53	7.200645e+04	6.687804e+01	4.018883e+00	1.183896e-02	-1.388455e-04	1.172587e+00	7.570918e-01	6.882905e-01	5.565304e-02	-2.746205e-01	1.547085e-03
54	7.200638e+04	6.812241e+01	4.082837e+00	1.501752e-02	1.035146e-04	1.170170e+00	7.528918e-01	6.875641e-01	5.463782e-02	-2.712023e-01	1.337807e-03
55	7.200641e+04	6.937644e+01	4.145077e+00	1.838229e-02	-1.425824e-04	1.167591e+00	7.485409e-01	6.867977e-01	5.337019e-02	-2.678736e-01	1.123466e-03
56	7.200620e+04	7.063149e+01	4.206107e+00	2.191014e-02	1.198968e-04	1.164613e+00	7.439766e-01	6.854599e-01	5.251093e-02	-2.645315e-01	8.939785e-04
57	7.200611e+04	7.188683e+01	4.265328e+00	2.548552e-02	-1.835864e-04	1.160949e+00	7.391775e-01	6.841711e-01	5.221234e-02	-2.611837e-01	6.660172e-04
58	7.200577e+04	7.313303e+01	4.324345e+00	2.879536e-02	1.938665e-04	1.156309e+00	7.340949e-01	6.817284e-01	5.206044e-02	-2.577202e-01	4.175572e-04
59	7.200567e+04	7.438279e+01	4.380193e+00	3.205835e-02	-3.272914e-04	1.151187e+00	7.288201e-01	6.798915e-01	5.179547e-02	-2.546371e-01	2.573267e-04
60	7.200645e+04	7.563119e+01	4.436516e+00	3.473107e-02	3.786712e-04	1.145048e+00	7.231963e-01	6.753103e-01	5.126222e-02	-2.510792e-01	-1.976059e-05
61	7.200640e+04	7.687972e+01	4.487707e+00	3.700963e-02	-7.619757e-04	1.137620e+00	7.163663e-01	6.732327e-01	5.019740e-02	-2.487278e-01	-1.464280e-04
62	7.192341e+04	7.812876e+01	4.539907e+00	3.886798e-02	1.144427e-03	1.128841e+00	7.087782e-01	6.625422e-01	4.921813e-02	-2.446306e-01	-4.510389e-04
63	7.192336e+04	7.937658e+01	4.584311e+00	3.976600e-02	-2.855440e-03	1.120113e+00	7.000893e-01	6.632262e-01	4.873640e-02	-2.438759e-01	-5.409883e-04
64	5.938323e+03	8.124992e+01	4.503041e+00	1.118409e-01	2.677432e-02	1.254032e+00	6.715593e-01	6.317340e-01	1.816333e-01	-2.541449e-01	1.148285e-03
65	1.380613e+05	8.125021e+01	4.655532e+00	3.718771e-02	5.932112e-03	1.089230e+00	6.636865e-01	6.337481e-01	4.381429e-02	-2.358830e-01	-1.333679e-03
66	5.938596e+03	8.374989e+01	4.598857e+00	1.131210e-01	1.330468e-02	1.237242e+00	6.633052e-01	6.278121e-01	1.822927e-01	-2.461592e-01	2.998992e-04
67	1.380613e+05	8.374991e+01	4.750518e+00	3.825712e-02	-8.900957e-03	1.076583e+00	6.535646e-01	6.283600e-01	4.384254e-02	-2.298406e-01	-1.445186e-03
68	5.938596e+03	8.624988e+01	4.685802e+00	1.121729e-01	2.832255e-02	1.212442e+00	6.596288e-01	6.217828e-01	1.826866e-01	-2.395955e-01	-1.825328e-03
69	1.380611e+05	8.625053e+01	4.840022e+00	4.013173e-02	5.044186e-03	1.059797e+00	6.458305e-01	6.223992e-01	4.488197e-02	-2.255199e-01	-2.257169e-03
70	5.938604e+03	8.874992e+01	4.768414e+00	1.114231e-01	1.751165e-02	1.185281e+00	6.574416e-01	6.216317e-01	1.816108e-01	-2.297221e-01	-1.323296e-03
71	1.380611e+05	8.875024e+01	4.925291e+00	4.210820e-02	-5.755397e-03	1.042908e+00	6.416695e-01	6.213635e-01	4.559481e-02	-2.202334e-01	-1.886528e-03
72	5.938596e+03	9.124983e+01	4.843222e+00	1.098143e-01	2.691106e-02	1.159346e+00	6.522880e-01	6.211755e-01	1.781786e-01	-2.215290e-01	-8.374553e-04
73	1.380608e+05	9.125065e+01	5.004575e+00	4.447731e-02	2.837092e-03	1.025540e+00	6.385529e-01	6.200089e-01	4.516020e-02	-2.153068e-01	-1.681909e-03
74	5.938597e+03	9.374982e+01	4.917104e+00	1.071356e-01	2.201538e-02	1.133194e+00	6.431567e-01	6.218746e-01	1.691743e-01	-2.159249e-01	1.309593e-04
75	1.380609e+05	9.375040e+01	5.081007e+00	4.646463e-02	-4.173106e-03	1.006394e+00	6.347213e-01	6.201174e-01	4.303289e-02	-2.106297e-01	-1.145410e-03
76	5.938597e+03	9.624988e+01	4.984802e+00	1.024314e-01	3.072401e-02	1.106020e+00	6.371628e-01	6.208130e-01	1.591113e-01	-2.104212e-01	3.125848e-04
77	1.380610e+05	9.625001e+01	5.154422e+00	4.830135e-02	1.269158e-03	9.874846e-01	6.313064e-01	6.190594e-01	3.899407e-02	-2.056870e-01	-6.785764e-04
78	5.938597e+03	9.874988e+01	5.049203e+00	9.536541e-02	2.847992e-02	1.078736e+00	6.345043e-01	6.192794e-01	1.496304e-01	-2.042853e-01	2.002548e-03
79	1.380610e+05	9.875027e+01	5.224899e+00	4.988728e-02	-3.341522e-03	9.700023e-01	6.288612e-01	6.180937e-01	3.436034e-02	-2.014845e-01	-8.002197e-05
80	5.938604e+03	1.012499e+02	5.109771e+00	8.785032e-02	3.499882e-02	1.051347e+00	6.343881e-01	6.174418e-01	1.396744e-01	-1.962081e-01	3.025961e-03
81	1.380610e+05	1.012506e+02	5.292087e+00	5.063421e-02	2.093928e-04	9.542273e-01	6.260741e-01	6.165696e-01	3.037288e-02	-1.974167e-01	-2.192567e-04
82	5.938597e+03	1.037499e+02	5.167098e+00	7.924708e-02	3.390863e-02	1.027083e+00	6.355747e-01	6.175436e-01	1.313695e-01	-1.889887e-01	4.736076e-03
83	1.380610e+05	1.037509e+02	5.355999e+00	5.058031e-02	-2.879461e-03	9.400642e-01	6.239412e-01	6.157248e-01	2.794514e-02	-1.945586e-01	-4.429507e-04
84	5.938597e+03	1.062499e+02	5.223498e+00	7.295150e-02	3.936926e-02	1.005144e+00	6.361917e-01	6.176836e-01	1.246478e-01	-1.833718e-01	5.687453e-03
85	1.380610e+05	1.062515e+02	5.418725e+00	5.096192e-02	-5.372463e-04	9.278075e-01	6.222121e-01	6.150103e-01	2.746081e-02	-1.917265e-01	-6.958540e-04
86	5.938597e+03	1.087498e+02	5.278708e+00	6.859515e-02	3.979751e-02	9.848934e-01	6.342416e-01	6.190399e-01	1.192954e-01	-1.794104e-01	6.888429e-03
87	1.380610e+05	1.087514e+02	5.480771e+00	5.189609e-02	-2.674877e-03	9.166669e-01	6.199768e-01	6.151966e-01	2.747932e-02	-1.897736e-01	-4.617209e-04
88	5.938597e+03	1.112498e+02	5.329126e+00	6.401173e-02	4.404123e-02	9.654648e-01	6.301101e-01	6.202335e-01	1.141463e-01	-1.764369e-01	6.596526e-03
89	1.380610e+05	1.112511e+02	5.541355e+00	5.287962e-02	-1.115770e-03	9.066416e-01	6.173799e-01	6.154633e-01	2.689840e-02	-1.879023e-01	-3.157419e-05
90	5.938597e+03	1.137499e+02	5.376077e+00	5.616719e-02	4.518069e-02	9.478762e-01	6.233593e-01	6.217619e-01	1.114396e-01	-1.754665e-01	5.474966e-03
91	1.380611e+05	1.137510e+02	5.600693e+00	5.194500e-02	-2.599051e-03	8.963442e-01	6.142466e-01	6.157697e-01	2.720066e-02	-1.867673e-01	4.180002e-04
92	5.938603e+03	1.162499e+02	5.421361e+00	4.896149e-02	4.946918e-02	9.306052e-01	6.194133e-01	6.224339e-01	1.066456e-01	-1.742243e-01	4.997163e-03
93	1.380610e+05	1.162507e+02	5.659860e+00	4.891823e-02	-1.617490e-03	8.860141e-01	6.113506e-01	6.158499e-01	2.560165e-02	-1.855013e-01	7.686643e-04
94	5.938597e+03	1.187499e+02	5.466502e+00	4.466650e-02	5.140555e-02	9.138638e-01	6.198701e-01	6.230305e-01	1.034916e-01	-1.730469e-01	3.662452e-03
95	1.380608e+05	1.187507e+02	5.719336e+00	4.716436e-02	-2.650179e-03	8.761337e-01	6.095437e-01	6.157822e-01	2.248006e-02	-1.847029e-01	1.058224e-03
96	5.938597e+03	1.212498e+02	5.513458e+00	3.700949e-02	5.418605e-02	8.995886e-01	6.226544e-01	6.230072e-01	1.028630e-01	-1.714154e-01	1.554932e-03
97	1.380609e+05	1.212507e+02	5.777990e+00	4.605254e-02	-1.951586e-03	8.673085e-01	6.089542e-01	6.151406e-01	1.908737e-02	-1.840745e-01	1.148883e-03
98	5.938597e+03	1.237499e+02	5.562789e+00	2.768672e-02	5.423667e-02	8.847440e-01	6.238759e-01	6.232098e-01	1.000921e-01	-1.710554e-01	1.594848e-05
99	1.380609e+05	1.237505e+02	5.836194e+00	4.692437e-02	-2.680807e-03	8.598643e-01	6.095255e-01	6.144579e-01	1.550021e-02	-1.838867e-01	1.312062e-03
100	5.938596e+03	1.262499e+02	5.612849e+00	1.979578e-02	5.559995e-02	8.704169e-01	6.232849e-01	6.226584e-01	9.599815e-02	-1.711659e-01	2.951413e-04
101	1.380609e+05	1.262508e+02	5.894276e+00	4.926412e-02	-2.108739e-03	8.532609e-01	6.107805e-01	6.137920e-01	1.331284e-02	-1.842262e-01	1.273137e-03
102	5.938604e+03	1.287500e+02	5.664664e+00	1.516050e-02	5.532615e-02	8.589358e-01	6.220055e-01	6.222375e-01	9.215134e-02	-1.711724e-01	1.300282e-03
103	1.380610e+05	1.287507e+02	5.951915e+00	5.213026e-02	-2.645356e-03	8.475093e-01	6.116896e-01	6.135315e-01	1.188212e-02	-1.849487e-01	9.664491e-04
104	5.938596e+03	1.312499e+02	5.721582e+00	1.185128e-02	5.627158e-02	8.496532e-01	6.240770e-01	6.221662e-01	8.815724e-02	-1.696265e-01	2.995630e-03
105	1.380610e+05	1.312504e+02	6.010297e+00	5.421918e-02	-2.216364e-03	8.437775e-01	6.134918e-01	6.132122e-01	9.829503e-03	-1.863336e-01	6.355021e-04
106	5.938596e+03	1.337498e+02	5.781469e+00	9.288302e-03	5.634210e-02	8.407078e-01	6.305506e-01	6.231986e-01	8.565160e-02	-1.677843e-01	5.002426e-03
107	1.380610e+05	1.337502e+02	6.068948e+00	5.567532e-02	-2.591905e-03	8.409098e-01	6.160954e-01	6.129331e-01	7.304403e-03	-1.882372e-01	2.180132e-04
108	5.938596e+03	1.362499e+02	5.842784e+00	5.425037e-03	5.753791e-02	8.331421e-01	6.374094e-01	6.239151e-01	8.580581e-02	-1.665877e-01	5.911563e-03
109	1.380610e+05	1.362511e+02	6.129611e+00	5.694377e-02	-2.362015e-03	8.376861e-01	6.185593e-01	6.125899e-01	5.199316e-03	-1.904957e-01	5.907159e-05
110	5.938595e+03	1.387499e+02	5.906478e+00	3.674324e-04	5.835640e-02	8.283244e-01	6.416551e-01	6.237503e-01	8.750520e-02	-1.667988e-01	5.776918e-03
111	1.380609e+05	1.387506e+02	6.191973e+00	5.612974e-02	-2.615990e-03	8.356546e-01	6.188884e-01	6.122936e-01	5.131137e-03	-1.931958e-01	-3.024595e-04
112	5.938596e+03	1.412499e+02	5.970643e+00	-5.568872e-03	5.967640e-02	8.227994e-01	6.426553e-01	6.218340e-01	8.562692e-02	-1.677835e-01	4.672701e-03
113	1.380608e+05	1.412516e+02	6.256793e+00	5.386100e-02	-2.489053e-03	8.350850e-01	6.174213e-01	6.117315e-01	5.945762e-03	-1.962826e-01	-4.328599e-04
114	5.938596e+03	1.437499e+02	6.035904e+00	-1.159779e-02	6.031556e-02	8.217072e-01	6.410424e-01	6.191144e-01	8.079962e-02	-1.712844e-01	3.261397e-03
115	1.380608e+05	1.437505e+02	6.323991e+00	5.140051e-02	-2.657033e-03	8.361423e-01	6.158720e-01	6.110615e-01	6.438947e-03	-1.994576e-01	-3.322367e-04
116	5.938595e+03	1.462498e+02	6.103206e+00	-1.479639e-02	6.031894e-02	8.211301e-01	6.371533e-01	6.160291e-01	7.194700e-02	-1.759071e-01	1.904648e-03
117	1.380609e+05	1.462519e+02	6.391490e+00	4.845957e-02	-2.573000e-03	8.381503e-01	6.146058e-01	6.101644e-01	6.209242e-03	-2.027067e-01	-2.380110e-04
118	5.938595e+03	1.487499e+02	6.170516e+00	-1.663940e-02	6.028904e-02	8.216407e-01	6.321067e-01	6.128339e-01	6.401380e-02	-1.793390e-01	2.211923e-03
119	1.380609e+05	1.487505e+02	6.458893e+00	4.577399e-02	-2.630956e-03	8.405162e-01	6.128531e-01	6.091827e-01	5.546271e-03	-2.060689e-01	-3.141269e-04
120	5.938609e+03	1.512500e+02	6.235359e+00	-1.807941e-02	5.895786e-02	8.248345e-01	6.298915e-01	6.111686e-01	6.082246e-02	-1.816090e-01	3.593779e-03
121	1.380609e+05	1.512518e+02	6.526790e+00	4.285252e-02	-2.512260e-03	8.428590e-01	6.122988e-01	6.079984e-01	5.346866e-03	-2.092678e-01	-6.737317e-04
122	5.938595e+03	1.537500e+02	6.299726e+00	-2.145959e-02	5.864952e-02	8.268210e-01	6.302963e-01	6.107323e-01	5.855379e-02	-1.814840e-01	5.465026e-03
123	1.380609e+05	1.537509e+02	6.596871e+00	3.865737e-02	-2.555011e-03	8.456568e-01	6.127837e-01	6.072328e-01	4.957600e-03	-2.125701e-01	-1.062597e-03
124	5.938595e+03	1.562499e+02	6.367146e+00	-2.467024e-02	5.761444e-02	8.272358e-01	6.315481e-01	6.108100e-01	5.223575e-02	-1.813587e-01	6.961307e-03
125	1.380610e+05	1.562517e+02	6.669032e+00	3.398301e-02	-2.461100e-03	8.482489e-01	6.143880e-01	6.065530e-01	4.315308e-03	-2.158049e-01	-1.545240e-03
126	5.938595e+03	1.587499e+02	6.438046e+00	-2.557146e-02	5.732924e-02	8.245788e-01	6.324670e-01	6.099838e-01	4.722800e-02	-1.810427e-01	7.402704e-03
127	1.380610e+05	1.587510e+02	6.740917e+00	3.011852e-02	-2.481623e-03	8.496429e-01	6.162645e-01	6.060901e-01	4.391646e-03	-2.189418e-01	-1.928056e-03
128	5.938594e+03	1.612499e+02	6.511048e+00	-2.555126e-02	5.594482e-02	8.244240e-01	6.334028e-01	6.079916e-01	4.342970e-02	-1.813629e-01	7.643505e-03
129	1.380610e+05	1.612512e+02	6.812166e+00	2.682147e-02	-2.391810e-03	8.516970e-01	6.182128e-01	6.056960e-01	4.681450e-03	-2.215873e-01	-2.289536e-03
130	5.938594e+03	1.637500e+02	6.587681e+00	-2.268006e-02	5.337276e-02	8.265830e-01	6.322268e-01	6.043510e-01	4.337768e-02	-1.823830e-01	6.339654e-03
131	1.380610e+05	1.637513e+02	6.883174e+00	2.306443e-02	-2.326318e-03	8.539646e-01	6.194822e-01	6.054698e-01	5.208080e-03	-2.240137e-01	-2.553076e-03
132	5.938594e+03	1.662499e+02	6.662213e+00	-2.087727e-02	5.059355e-02	8.296934e-01	6.300996e-01	6.008926e-01	4.623125e-02	-1.834745e-01	3.857762e-03
133	1.380611e+05	1.662511e+02	6.954616e+00	2.032158e-02	-2.172180e-03	8.567873e-01	6.193274e-01	6.051647e-01	6.778196e-03	-2.255537e-01	-2.739498e-03
134	5.938594e+03	1.687499e+02	6.736253e+00	-2.036429e-02	4.899938e-02	8.346115e-01	6.270946e-01	5.979013e-01	4.914331e-02	-1.846703e-01	2.420569e-04
135	1.380611e+05	1.687513e+02	7.026852e+00	1.887479e-02	-2.105537e-03	8.614385e-01	6.192732e-01	6.046796e-01	8.465984e-03	-2.265524e-01	-3.083093e-03
136	5.938594e+03	1.712500e+02	6.810252e+00	-2.059235e-02	4.768695e-02	8.427584e-01	6.228960e-01	5.956823e-01	5.100086e-02	-1.864513e-01	-2.094716e-03
137	1.380610e+05	1.712507e+02	7.097693e+00	1.835252e-02	-2.045817e-03	8.668319e-01	6.186005e-01	6.037914e-01	1.007537e-02	-2.271979e-01	-3.260222e-03
138	5.938594e+03	1.737499e+02	6.884098e+00	-2.106651e-02	4.626323e-02	8.537895e-01	6.209478e-01	5.937195e-01	4.883725e-02	-1.887835e-01	-2.351983e-03
139	1.380611e+05	1.737507e+02	7.166608e+00	1.843122e-02	-1.987848e-03	8.725269e-01	6.181782e-01	6.023405e-01	1.140791e-02	-2.273280e-01	-3.599419e-03
140	5.938594e+03	1.762499e+02	6.958463e+00	-2.018248e-02	4.485004e-02	8.654405e-01	6.210458e-01	5.928684e-01	4.503207e-02	-1.902849e-01	-6.594473e-04
141	1.380610e+05	1.762502e+02	7.233932e+00	1.912467e-02	-1.937811e-03	8.789008e-01	6.164513e-01	6.006914e-01	1.303853e-02	-2.270641e-01	-3.651515e-03
142	5.938614e+03	1.787500e+02	7.034247e+00	-1.623105e-02	4.198239e-02	8.721583e-01	6.211706e-01	5.922537e-01	4.397845e-02	-1.921435e-01	7.328510e-04
143	1.380611e+05	1.787504e+02	7.300224e+00	2.095183e-02	-1.827544e-03	8.844438e-01	6.133463e-01	5.989835e-01	1.609488e-02	-2.266831e-01	-3.775702e-03
144	5.938594e+03	1.812500e+02	7.115164e+00	-1.189554e-02	3.936567e-02	8.815224e-01	6.217172e-01	5.913211e-01	4.481700e-02	-1.955063e-01	6.294232e-04
145	1.380611e+05	1.812503e+02	7.368556e+00	2.279579e-02	-1.684566e-03	8.895318e-01	6.102781e-01	5.970417e-01	1.920038e-02	-2.261063e-01	-3.856085e-03
146	5.938594e+03	1.837500e+02	7.196369e+00	-8.765584e-03	3.813155e-02	8.934869e-01	6.214567e-01	5.912478e-01	4.730865e-02	-1.995025e-01	2.566125e-04
147	1.380611e+05	1.837513e+02	7.437488e+00	2.361341e-02	-1.654484e-03	8.938676e-01	6.082954e-01	5.948447e-01	2.108293e-02	-2.256443e-01	-4.022430e-03
148	5.938595e+03	1.862500e+02	7.273335e+00	-7.057033e-03	3.790350e-02	9.028437e-01	6.189225e-01	5.911955e-01	5.016036e-02	-2.016412e-01	3.364256e-06
149	1.380611e+05	1.862505e+02	7.507077e+00	2.370877e-02	-1.630749e-03	8.976070e-01	6.069658e-01	5.926918e-01	2.317181e-02	-2.249915e-01	-4.102691e-03
150	5.938595e+03	1.887500e+02	7.349552e+00	-6.300279e-03	3.734216e-02	9.145781e-01	6.167716e-01	5.911684e-01	5.541328e-02	-2.029314e-01	-4.853826e-04
151	1.380611e+05	1.887512e+02	7.578181e+00	2.262671e-02	-1.613963e-03	9.027376e-01	6.049733e-01	5.900456e-01	2.598787e-02	-2.244673e-01	-4.469489e-03
152	5.938595e+03	1.912500e+02	7.429292e+00	-6.012535e-03	3.707732e-02	9.278930e-01	6.164147e-01	5.906745e-01	5.977866e-02	-2.046928e-01	-1.602765e-03
153	1.380612e+05	1.912511e+02	7.649513e+00	2.033457e-02	-1.596015e-03	9.097313e-01	6.028085e-01	5.866819e-01	2.747836e-02	-2.237207e-01	-4.677864e-03
154	5.938595e+03	1.937498e+02	7.510342e+00	-7.991113e-03	3.658174e-02	9.413655e-01	6.157357e-01	5.888646e-01	6.271629e-02	-2.055958e-01	-2.629166e-03
155	1.380612e+05	1.937506e+02	7.720824e+00	2.055578e-02	-1.558016e-03	9.181810e-01	6.011074e-01	5.830671e-01	2.757313e-02	-2.228856e-01	-4.983556e-03
156	5.938595e+03	1.962500e+02	7.594152e+00	-9.577141e-03	3.547503e-02	9.547395e-01	6.138044e-01	5.863092e-01	6.780449e-02	-2.041398e-01	-2.725113e-03
157	1.380611e+05	1.962514e+02	7.791898e+00	2.128397e-02	-1.557815e-03	9.271708e-01	5.986932e-01	5.792299e-01	2.944185e-02	-2.219619e-01	-5.312759e-03
158	5.938595e+03	1.987499e+02	7.678474e+00	-1.002592e-02	3.423629e-02	9.703324e-01	6.113349e-01	5.841155e-01	7.122552e-02	-2.027507e-01	-2.006405e-03
159	1.380611e+05	1.987498e+02	7.863626e+00	2.032450e-02	-1.462249e-03	9.364097e-01	5.961208e-01	5.753756e-01	3.120586e-02	-2.210173e-01	-5.545014e-03
160	5.938595e+03	2.012500e+02	7.763954e+00	-9.535615e-03	3.385686e-02	9.856942e-01	6.102753e-01	5.817434e-01	7.572729e-02	-2.028604e-01	-1.269533e-03
161	1.380611e+05	2.012525e+02	7.935529e+00	1.858604e-02	-1.485587e-03	9.450306e-01	5.943486e-01	5.715491e-01	3.336726e-02	-2.197892e-01	-5.771632e-03
162	5.938595e+03	2.037500e+02	7.850113e+00	-9.187807e-03	3.265509e-02	9.979228e-01	6.110623e-01	5.788817e-01	7.559907e-02	-2.038515e-01	-1.638031e-03
163	1.380612e+05	2.037489e+02	8.008893e+00	1.654430e-02	-1.379533e-03	9.521296e-01	5.930701e-01	5.679930e-01	3.608792e-02	-2.183710e-01	-5.871309e-03
164	5.938609e+03	2.062500e+02	7.937719e+00	-8.756323e-03	3.035404e-02	1.007371e+00	6.110307e-01	5.751109e-01	6.935170e-02	-2.045816e-01	-1.763087e-03
165	1.380613e+05	2.062519e+02	8.083948e+00	1.376469e-02	-1.324090e-03	9.588968e-01	5.916665e-01	5.647299e-01	3.757083e-02	-2.166960e-01	-5.798879e-03
166	5.938595e+03	2.087499e+02	8.024077e+00	-1.104502e-02	2.719844e-02	1.019285e+00	6.093781e-01	5.706159e-01	6.799021e-02	-2.049451e-01	-1.677929e-03
167	1.380613e+05	2.087485e+02	8.160425e+00	1.005018e-02	-1.145943e-03	9.668013e-01	5.906217e-01	5.619202e-01	3.779678e-02	-2.148873e-01	-5.675345e-03
168	5.938595e+03	2.112497e+02	8.108516e+00	-1.565215e-02	2.299048e-02	1.032084e+00	6.068935e-01	5.659126e-01	6.888052e-02	-2.049063e-01	-1.084398e-03
169	1.380613e+05	2.112510e+02	8.236295e+00	7.043007e-03	-1.028178e-03	9.743975e-01	5.900222e-01	5.595175e-01	3.764680e-02	-2.128780e-01	-5.338747e-03
170	5.938594e+03	2.137500e+02	8.190514e+00	-2.005221e-02	1.916489e-02	1.043195e+00	6.032217e-01	5.623385e-01	6.952833e-02	-2.065684e-01	-1.345373e-03
171	1.380613e+05	2.137484e+02	8.312549e+00	4.940400e-03	-7.878054e-04	9.805552e-01	5.883074e-01	5.574881e-01	3.629941e-02	-2.105911e-01	-4.877741e-03
172	5.938594e+03	2.162500e+02	8.275791e+00	-2.409021e-02	1.499480e-02	1.052147e+00	6.007039e-01	5.596933e-01	7.053933e-02	-2.087365e-01	-1.462863e-03
173	1.380613e+05	2.162503e+02	8.388936e+00	2.596072e-03	-6.877606e-04	9.858610e-01	5.862626e-01	5.554956e-01	3.372929e-02	-2.081894e-01	-4.282363e-03
174	5.938593e+03	2.187500e+02	8.363670e+00	-2.485900e-02	1.027506e-02	1.060087e+00	5.975918e-01	5.576105e-01	6.895742e-02	-2.112943e-01	-1.898014e-03
175	1.380612e+05	2.187495e+02	8.465806e+00	1.382746e-03	-3.989586e-04	9.905643e-01	5.841272e-01	5.534814e-01	2.994234e-02	-2.055909e-01	-3.690451e-03
176	5.938594e+03	2.212499e+02	8.453125e+00	-2.180231e-02	6.577416e-03	1.063807e+00	5.948179e-01	5.560482e-01	6.893306e-02	-2.113620e-01	-1.883227e-03
177	1.380612e+05	2.212503e+02	8.543788e+00	2.116405e-03	-3.301117e-04	9.939373e-01	5.826315e-01	5.512995e-01	2.646883e-02	-2.029189e-01	-3.334128e-03
178	5.938593e+03	2.237500e+02	8.541535e+00	-1.929506e-02	4.818042e-03	1.064803e+00	5.927029e-01	5.545378e-01	6.619148e-02	-2.107313e-01	-1.950647e-03
179	1.380612e+05	2.237503e+02	8.621056e+00	3.712597e-03	-1.607038e-04	9.965751e-01	5.820740e-01	5.490737e-01	2.299923e-02	-2.003334e-01	-3.126884e-03
180	5.938594e+03	2.262500e+02	8.628374e+00	-1.519317e-02	3.759495e-03	1.062664e+00	5.940472e-01	5.534616e-01	6.175967e-02	-2.087905e-01	-1.929318e-03
181	1.380614e+05	2.262497e+02	8.698010e+00	6.518048e-03	-2.074996e-04	9.985409e-01	5.826041e-01	5.469415e-01	1.941982e-02	-1.978164e-01	-2.791199e-03
182	5.938594e+03	2.287500e+02	8.716232e+00	-9.382588e-03	2.971640e-03	1.059528e+00	5.965605e-01	5.524797e-01	6.221890e-02	-2.062751e-01	-2.684368e-03
183	1.380617e+05	2.287503e+02	8.775150e+00	9.442430e-03	-9.878666e-05	9.987116e-01	5.829830e-01	5.447552e-01	1.750768e-02	-1.952013e-01	-2.611959e-03
184	5.938593e+03	2.312500e+02	8.804991e+00	-5.372858e-03	2.451039e-03	1.055007e+00	5.975598e-01	5.506344e-01	6.533931e-02	-2.022293e-01	-2.993547e-03
185	1.380617e+05	2.312492e+02	8.852805e+00	1.136376e-02	-1.254665e-04	9.973156e-01	5.820594e-01	5.421986e-01	1.625581e-02	-1.927726e-01	-2.487001e-03
186	5.938612e+03	2.337500e+02	8.893541e+00	-2.415508e-04	2.274185e-03	1.046516e+00	5.981109e-01	5.480199e-01	6.552675e-02	-1.976317e-01	-2.718206e-03
187	1.380617e+05	2.337504e+02	8.931787e+00	1.358597e-02	-9.280608e-05	9.938510e-01	5.798560e-01	5.389953e-01	1.555378e-02	-1.902205e-01	-2.444313e-03
188	5.938593e+03	2.362501e+02	8.981357e+00	6.224769e-03	9.029162e-04	1.034343e+00	5.972329e-01	5.439193e-01	6.548450e-02	-1.932309e-01	-2.723241e-03
189	1.380616e+05	2.362493e+02	9.010957e+00	1.643562e-02	-3.762467e-05	9.883082e-01	5.765720e-01	5.351574e-01	1.396101e-02	-1.876806e-01	-2.537962e-03
190	5.938593e+03	2.387501e+02	9.068508e+00	1.073875e-02	-1.185135e-03	1.021861e+00	5.940008e-01	5.397894e-01	6.487551e-02	-1.904210e-01	-3.373891e-03
191	1.380617e+05	2.387489e+02	9.091017e+00	1.843250e-02	4.965513e-05	9.820237e-01	5.724456e-01	5.309079e-01	1.118381e-02	-1.849259e-01	-2.517826e-03
192	5.938593e+03	2.412500e+02	9.160534e+00	1.505646e-02	-2.094683e-03	1.010918e+00	5.899417e-01	5.369598e-01	6.390454e-02	-1.861242e-01	-3.552655e-03
193	1.380616e+05	2.412493e+02	9.172103e+00	2.089804e-02	9.125232e-05	9.766504e-01	5.685087e-01	5.269907e-01	8.605815e-03	-1.822574e-01	-2.594848e-03
194	5.938593e+03	2.437500e+02	9.253919e+00	1.867003e-02	-3.626193e-03	9.999989e-01	5.830035e-01	5.344431e-01	6.067536e-02	-1.825797e-01	-2.427245e-03
195	1.380614e+05	2.437498e+02	9.252729e+00	2.241829e-02	1.544330e-04	9.708498e-01	5.640261e-01	5.232521e-01	5.712395e-03	-1.793308e-01	-2.665212e-03
196	5.938590e+03	2.462502e+02	9.344639e+00	1.684438e-02	-4.362853e-03	9.866518e-01	5.749366e-01	5.320942e-01	5.605729e-02	-1.801291e-01	-3.010315e-03
197	1.380613e+05	2.462488e+02	9.333034e+00	2.251804e-02	1.778608e-04	9.653468e-01	5.593161e-01	5.197080e-01	1.778347e-03	-1.763836e-01	-2.851265e-03
198	5.938590e+03	2.487501e+02	9.433146e+00	1.088979e-02	-4.641418e-03	9.719982e-01	5.673528e-01	5.296259e-01	5.283558e-02	-1.787740e-01	-4.425046e-03
199	1.380609e+05	2.487514e+02	9.414742e+00	2.119666e-02	1.773392e-04	9.583515e-01	5.554352e-01	5.160123e-01	-2.120100e-03	-1.732607e-01	-2.835071e-03
200	5.938590e+03	2.512502e+02	9.518158e+00	7.064747e-03	-4.728450e-03	9.582002e-01	5.599319e-01	5.269494e-01	5.008953e-02	-1.779310e-01	-5.637696e-03
201	1.380608e+05	2.512509e+02	9.496943e+00	1.963980e-02	2.141805e-04	9.500140e-01	5.513113e-01	5.119045e-01	-5.568062e-03	-1.704292e-01	-2.880026e-03
202	5.938590e+03	2.537502e+02	9.599980e+00	6.483962e-03	-5.309701e-03	9.425672e-01	5.548373e-01	5.247226e-01	4.752700e-02	-1.759488e-01	-6.770942e-03
203	1.380604e+05	2.537523e+02	9.576891e+00	1.877835e-02	2.381126e-04	9.404157e-01	5.470845e-01	5.077353e-01	-8.558622e-03	-1.676318e-01	-2.989117e-03
204	5.938609e+03	2.562502e+02	9.677455e+00	7.734516e-03	-6.117892e-03	9.244481e-01	5.502480e-01	5.218812e-01	4.264845e-02	-1.726926e-01	-7.547449e-03
205	1.380602e+05	2.562509e+02	9.655380e+00	1.952568e-02	2.513379e-04	9.299636e-01	5.430613e-01	5.038376e-01	-1.110177e-02	-1.647810e-01	-3.121937e-03
206	5.938592e+03	2.587503e+02	9.755330e+00	1.071534e-02	-6.317892e-03	9.094563e-01	5.482128e-01	5.196118e-01	3.598253e-02	-1.690451e-01	-6.585825e-03
207	1.380604e+05	2.587500e+02	9.732610e+00	2.177002e-02	2.940012e-04	9.200320e-01	5.409559e-01	4.998871e-01	-1.287121e-02	-1.621482e-01	-3.215421e-03
208	5.938592e+03	2.612499e+02	9.834088e+00	1.757612e-02	-6.244716e-03	8.947883e-01	5.481888e-01	5.171167e-01	3.138325e-02	-1.645152e-01	-4.794734e-03
209	1.380605e+05	2.612502e+02	9.810046e+00	2.590750e-02	2.365130e-04	9.091240e-01	5.392561e-01	4.958158e-01	-1.387284e-02	-1.591818e-01	-3.247916e-03
210	5.938592e+03	2.637501e+02	9.912465e+00	2.522602e-02	-5.605006e-03	8.784686e-01	5.451751e-01	5.138738e-01	2.728587e-02	-1.605330e-01	-3.134052e-03
211	1.380606e+05	2.637532e+02	9.887107e+00	2.968863e-02	2.719844e-04	8.974770e-01	5.357075e-01	4.915357e-01	-1.484453e-02	-1.565338e-01	-3.329178e-03
212	5.938591e+03	2.662501e+02	9.989763e+00	3.148773e-02	-6.433312e-03	8.622810e-01	5.393900e-01	5.088564e-01	2.476841e-02	-1.549512e-01	-1.530373e-03
213	1.380606e+05	2.662517e+02	9.963799e+00	3.234305e-02	2.464175e-04	8.837151e-01	5.301523e-01	4.873288e-01	-1.446258e-02	-1.537510e-01	-3.524770e-03
214	5.938591e+03	2.687502e+02	1.006911e+01	3.474607e-02	-7.512355e-03	8.461946e-01	5.296641e-01	5.031716e-01	2.281330e-02	-1.497167e-01	-1.004201e-03
215	1.380606e+05	2.687522e+02	1.004230e+01	3.331193e-02	3.474772e-04	8.679901e-01	5.219200e-01	4.830702e-01	-1.353123e-02	-1.510242e-01	-3.728868e-03
216	5.938592e+03	2.712501e+02	1.014894e+01	3.606362e-02	-9.204820e-03	8.314309e-01	5.196068e-01	4.956875e-01	2.137712e-02	-1.435054e-01	-1.003592e-03
217	1.380608e+05	2.712499e+02	1.012191e+01	3.394825e-02	3.712998e-04	8.520731e-01	5.152079e-01	4.786381e-01	-1.238986e-02	-1.480799e-01	-3.834391e-03
218	5.938591e+03	2.737502e+02	1.023047e+01	3.837219e-02	-9.761263e-03	8.140261e-01	5.139674e-01	4.879260e-01	1.830832e-02	-1.388838e-01	-9.737513e-05
219	1.380608e+05	2.737520e+02	1.020400e+01	3.491485e-02	4.395983e-04	8.353907e-01	5.115023e-01	4.741926e-01	-1.121042e-02	-1.452462e-01	-3.709704e-03
220	5.938591e+03	2.762502e+02	1.031268e+01	3.993526e-02	-1.160317e-02	7.989374e-01	5.090234e-01	4.787986e-01	1.224043e-02	-1.344483e-01	7.330190e-04
221	1.380609e+05	2.762510e+02	1.028493e+01	3.576187e-02	4.888649e-04	8.188390e-01	5.083218e-01	4.696452e-01	-1.080745e-02	-1.423173e-01	-3.770078e-03
222	5.938592e+03	2.787501e+02	1.039683e+01	3.777639e-02	-1.327411e-02	7.857117e-01	5.011479e-01	4.685422e-01	7.671739e-03	-1.303146e-01	8.017789e-04
223	1.380609e+05	2.787518e+02	1.036543e+01	3.590142e-02	5.855157e-04	8.021806e-01	5.058444e-01	4.646411e-01	-1.031135e-02	-1.393474e-01	-3.604288e-03
224	5.938593e+03	2.812499e+02	1.047975e+01	3.254226e-02	-1.522230e-02	7.728526e-01	4.963170e-01	4.589600e-01	8.789085e-03	-1.255301e-01	8.976300e-04
225	1.380609e+05	2.812503e+02	1.044645e+01	3.626766e-02	6.389825e-04	7.857852e-01	5.037114e-01	4.593164e-01	-8.478660e-03	-1.364023e-01	-3.517981e-03
226	5.938593e+03	2.837501e+02	1.056013e+01	2.625052e-02	-1.701978e-02	7.613891e-01	4.947428e-01	4.497343e-01	1.141697e-02	-1.223104e-01	2.588869e-04
227	1.380609e+05	2.837511e+02	1.052688e+01	3.699280e-02	7.493191e-04	7.710425e-01	5.022980e-01	4.535658e-01	-6.251792e-03	-1.334020e-01	-3.326862e-03
228	5.938592e+03	2.862500e+02	1.064023e+01	2.136554e-02	-1.921103e-02	7.529469e-01	4.895115e-01	4.419031e-01	1.329349e-02	-1.206739e-01	-8.216475e-04
229	1.380610e+05	2.862509e+02	1.060814e+01	3.762623e-02	8.053081e-04	7.553780e-01	5.003851e-01	4.478450e-01	-4.038214e-03	-1.303847e-01	-3.241534e-03
230	5.938592e+03	2.887500e+02	1.071830e+01	1.845020e-02	-1.961972e-02	7.443110e-01	4.790277e-01	4.347363e-01	1.405941e-02	-1.199019e-01	-8.925564e-04
231	1.380610e+05	2.887527e+02	1.068870e+01	3.767235e-02	8.597136e-04	7.398632e-01	4.968144e-01	4.424750e-01	-2.855284e-03	-1.272961e-01	-3.064140e-03
232	5.938592e+03	2.912500e+02	1.079471e+01	1.798453e-02	-1.902409e-02	7.331197e-01	4.687190e-01	4.287081e-01	1.436587e-02	-1.181649e-01	-1.202702e-03
233	1.380611e+05	2.912509e+02	1.076939e+01	3.709201e-02	8.087091e-04	7.239754e-01	4.911647e-01	4.379092e-01	-1.788191e-03	-1.244725e-01	-3.004309e-03
234	5.938592e+03	2.937501e+02	1.087169e+01	1.871656e-02	-1.773137e-02	7.224696e-01	4.637159e-01	4.230951e-01	1.459776e-02	-1.165017e-01	-1.855478e-03
235	1.380612e+05	2.937516e+02	1.085032e+01	3.607228e-02	7.640840e-04	7.077373e-01	4.863776e-01	4.338466e-01	-1.131507e-03	-1.215765e-01	-2.906431e-03
236	5.938592e+03	2.962502e+02	1.094985e+01	2.011572e-02	-1.673257e-02	7.112560e-01	4.608118e-01	4.171903e-01	1.328983e-02	-1.143093e-01	-3.227447e-03
237	1.380612e+05	2.962488e+02	1.093405e+01	3.536714e-02	6.984870e-04	6.931326e-01	4.826561e-01	4.296615e-01	-1.554283e-03	-1.187660e-01	-2.694111e-03
238	5.938592e+03	2.987500e+02	1.102721e+01	2.305144e-02	-1.466181e-02	7.011872e-01	4.562537e-01	4.107127e-01	1.161427e-02	-1.115524e-01	-3.368943e-03
239	1.380612e+05	2.987515e+02	1.102000e+01	3.544603e-02	6.550429e-04	6.794378e-01	4.794664e-01	4.249614e-01	-2.272445e-03	-1.159546e-01	-2.547055e-03
240	5.938592e+03	3.012502e+02	1.110433e+01	2.615676e-02	-1.200891e-02	6.940739e-01	4.498043e-01	4.044986e-01	1.278580e-02	-1.086549e-01	-3.677600e-03
241	1.380612e+05	3.012519e+02	1.110574e+01	3.468503e-02	5.030060e-04	6.659999e-01	4.740868e-01	4.201956e-01	-2.409223e-03	-1.131400e-01	-2.453349e-03
242	5.938634e+03	3.037501e+02	1.117927e+01	2.536622e-02	-8.035837e-03	6.869133e-01	4.433390e-01	3.979959e-01	1.506245e-02	-1.070705e-01	-4.255350e-03
243	1.380612e+05	3.037509e+02	1.118835e+01	3.344037e-02	3.491040e-04	6.538118e-01	4.661534e-01	4.151643e-01	-1.817893e-03	-1.103227e-01	-2.374482e-03
244	5.938592e+03	3.062501e+02	1.125127e+01	2.077256e-02	-4.486915e-03	6.784037e-01	4.363668e-01	3.911505e-01	1.787842e-02	-1.052600e-01	-4.451781e-03
245	1.380612e+05	3.062515e+02	1.126683e+01	3.249184e-02	1.831846e-04	6.425521e-01	4.575917e-01	4.094720e-01	-1.344370e-04	-1.073958e-01	-2.373983e-03
246	5.938591e+03	3.087501e+02	1.132318e+01	1.506607e-02	-5.088475e-05	6.706613e-01	4.294986e-01	3.857162e-01	2.016181e-02	-1.041769e-01	-4.999022e-03
247	1.380612e+05	3.087502e+02	1.134612e+01	3.001853e-02	2.406902e-05	6.307589e-01	4.490491e-01	4.033905e-01	2.379635e-03	-1.044079e-01	-2.313352e-03
248	5.938592e+03	3.112502e+02	1.139262e+01	9.925094e-03	2.690793e-03	6.649342e-01	4.216172e-01	3.808495e-01	2.422474e-02	-1.029812e-01	-5.715244e-03
249	1.380612e+05	3.112521e+02	1.142559e+01	2.728079e-02	-1.302715e-04	6.157932e-01	4.412936e-01	3.970055e-01	5.043907e-03	-1.015198e-01	-2.261029e-03
250	5.938592e+03	3.137501e+02	1.146313e+01	5.055823e-03	5.541413e-03	6.601496e-01	4.172564e-01	3.771470e-01	2.776889e-02	-1.018890e-01	-6.233077e-03
251	1.380611e+05	3.137506e+02	1.150545e+01	2.530340e-02	-2.250871e-04	6.004538e-01	4.340889e-01	3.904111e-01	6.206318e-03	-9.868960e-02	-2.164231e-03
252	5.938592e+03	3.162502e+02	1.153546e+01	-5.477737e-04	7.655552e-03	6.515558e-01	4.149345e-01	3.737322e-01	2.907711e-02	-1.005540e-01	-6.687345e-03
253	1.380612e+05	3.162525e+02	1.158464e+01	2.192117e-02	-3.423178e-04	5.867523e-01	4.274611e-01	3.839247e-01	6.356595e-03	-9.584218e-02	-2.127858e-03
254	5.938592e+03	3.187502e+02	1.160805e+01	-5.556188e-03	1.017891e-02	6.389643e-01	4.127707e-01	3.691480e-01	3.191795e-02	-9.965903e-02	-6.450470e-03
255	1.380612e+05	3.187487e+02	1.166334e+01	1.817425e-02	-4.151585e-04	5.736959e-01	4.202625e-01	3.774296e-01	7.624820e-03	-9.297041e-02	-2.081526e-03
256	5.938592e+03	3.212503e+02	1.168268e+01	-1.160925e-02	1.213530e-02	6.267602e-01	4.077273e-01	3.651564e-01	3.231588e-02	-9.818047e-02	-6.443771e-03
257	1.380612e+05	3.212524e+02	1.174154e+01	1.479349e-02	-5.571300e-04	5.628943e-01	4.121777e-01	3.711167e-01	9.052397e-03	-9.019879e-02	-1.895495e-03
258	5.938592e+03	3.237500e+02	1.176204e+01	-1.882088e-02	1.380276e-02	6.160747e-01	4.031475e-01	3.614196e-01	3.254206e-02	-9.727638e-02	-6.666502e-03
259	1.380612e+05	3.237514e+02	1.182061e+01	1.033261e-02	-5.517447e-04	5.538868e-01	4.048791e-01	3.644433e-01	1.015839e-02	-8.728983e-02	-1.850641e-03
260	5.938592e+03	3.262500e+02	1.184326e+01	-2.245192e-02	1.515469e-02	6.087670e-01	4.010977e-01	3.575442e-01	3.320379e-02	-9.653258e-02	-5.789058e-03
261	1.380612e+05	3.262539e+02	1.190164e+01	5.341971e-03	-6.962844e-04	5.444881e-01	3.982848e-01	3.574041e-01	1.039507e-02	-8.445356e-02	-1.702377e-03
262	5.938592e+03	3.287502e+02	1.192530e+01	-2.157237e-02	1.691427e-02	6.047986e-01	3.960529e-01	3.533233e-01	3.496422e-02	-9.573536e-02	-5.233394e-03
263	1.380611e+05	3.287492e+02	1.198457e+01	1.046780e-03	-6.875247e-04	5.356748e-01	3.905275e-01	3.500634e-01	1.122428e-02	-8.148268e-02	-1.703731e-03
264	5.938592e+03	3.312499e+02	1.200730e+01	-1.992238e-02	1.793123e-02	5.992615e-01	3.890474e-01	3.489282e-01	3.492052e-02	-9.437963e-02	-4.859083e-03
265	1.380611e+05	3.312509e+02	1.206819e+01	-2.432832e-03	-8.056689e-04	5.273925e-01	3.824593e-01	3.427018e-01	1.229247e-02	-7.872815e-02	-1.668944e-03
266	5.938593e+03	3.337501e+02	1.208837e+01	-1.680673e-02	1.889133e-02	5.912490e-01	3.815979e-01	3.440445e-01	3.545091e-02	-9.216690e-02	-4.285261e-03
267	1.380610e+05	3.337522e+02	1.215159e+01	-4.494841e-03	-7.741260e-04	5.187525e-01	3.743806e-01	3.356270e-01	1.296738e-02	-7.585303e-02	-1.639365e-03
268	5.938592e+03	3.362501e+02	1.217086e+01	-1.206803e-02	1.887457e-02	5.815985e-01	3.736211e-01	3.392437e-01	3.627618e-02	-8.962128e-02	-4.145449e-03
269	1.380608e+05	3.362543e+02	1.223617e+01	-6.098259e-03	-8.548295e-04	5.089186e-01	3.648945e-01	3.288435e-01	1.340002e-02	-7.306176e-02	-1.574637e-03
270	5.938593e+03	3.387501e+02	1.225550e+01	-8.611118e-03	1.901325e-02	5.723940e-01	3.663599e-01	3.341329e-01	3.464397e-02	-8.755267e-02	-4.407412e-03
271	1.380606e+05	3.387507e+02	1.232075e+01	-8.301550e-03	-7.713541e-04	4.986601e-01	3.553305e-01	3.225109e-01	1.409306e-02	-7.014976e-02	-1.600204e-03
272	5.938592e+03	3.412500e+02	1.233669e+01	-7.602543e-03	2.074786e-02	5.658330e-01	3.594999e-01	3.284402e-01	3.350408e-02	-8.484855e-02	-4.436920e-03
273	1.380605e+05	3.412509e+02	1.240269e+01	-9.549071e-03	-9.449070e-04	4.888490e-01	3.475400e-01	3.159516e-01	1.476535e-02	-6.729590e-02	-1.508792e-03
274	5.938591e+03	3.437503e+02	1.242119e+01	-9.691678e-03	2.238163e-02	5.641093e-01	3.529465e-01	3.233512e-01	3.202929e-02	-8.280062e-02	-4.263708e-03
275	1.380605e+05	3.437544e+02	1.248405e+01	-9.699121e-03	-9.044531e-04	4.811979e-01	3.407207e-01	3.096330e-01	1.418385e-02	-6.433938e-02	-1.368690e-03
276	5.938592e+03	3.462502e+02	1.250722e+01	-1.382344e-02	2.295095e-02	5.604471e-01	3.488623e-01	3.187121e-01	2.901433e-02	-8.097381e-02	-4.347058e-03
277	1.380604e+05	3.462555e+02	1.256577e+01	-9.478894e-03	-1.054939e-03	4.740861e-01	3.340943e-01	3.031292e-01	1.298893e-02	-6.139192e-02	-1.262522e-03
278	5.938592e+03	3.487503e+02	1.259003e+01	-1.619603e-02	2.255375e-02	5.557149e-01	3.450357e-01	3.138994e-01	2.623300e-02	-8.048481e-02	-5.131217e-03
279	1.380605e+05	3.487531e+02	1.264613e+01	-9.577692e-03	-8.842844e-04	4.672317e-01	3.262794e-01	2.966851e-01	1.154222e-02	-5.852980e-02	-1.240434e-03
280	5.938591e+03	3.512501e+02	1.267489e+01	-1.601012e-02	2.153030e-02	5.477960e-01	3.389660e-01	3.082390e-01	2.534316e-02	-8.028209e-02	-6.620181e-03
281	1.380606e+05	3.512485e+02	1.272681e+01	-9.235415e-03	-1.031046e-03	4.596316e-01	3.193952e-01	2.898850e-01	9.375705e-03	-5.552568e-02	-1.129155e-03
282	5.938592e+03	3.537502e+02	1.276126e+01	-9.892141e-03	2.033228e-02	5.399466e-01	3.304697e-01	3.012755e-01	2.343181e-02	-7.928859e-02	-7.607145e-03
283	1.380606e+05	3.537528e+02	1.280878e+01	-7.636941e-03	-7.480292e-04	4.507604e-01	3.128040e-01	2.825679e-01	6.791032e-03	-5.271064e-02	-1.097416e-03
284	5.938592e+03	3.562502e+02	1.284400e+01	-1.856373e-03	1.812470e-02	5.324789e-01	3.193609e-01	2.935497e-01	1.837799e-02	-7.700761e-02	-6.771541e-03
285	1.380606e+05	3.562535e+02	1.289084e+01	-5.988264e-03	-9.056588e-04	4.404061e-01	3.064892e-01	2.750861e-01	5.223250e-03	-5.000052e-02	-1.027428e-03
286	5.938626e+03	3.587500e+02	1.292330e+01	5.677596e-03	1.553255e-02	5.216039e-01	3.091792e-01	2.864253e-01	1.324271e-02	-7.331154e-02	-5.273945e-03
287	1.380607e+05	3.587545e+02	1.297139e+01	-3.413303e-03	-5.374806e-04	4.300764e-01	2.987312e-01	2.684680e-01	4.221753e-03	-4.743596e-02	-1.011949e-03
288	5.938592e+03	3.612502e+02	1.300266e+01	1.215037e-02	1.243768e-02	5.045570e-01	3.015477e-01	2.790576e-01	8.924437e-03	-6.927923e-02	-3.810580e-03
289	1.380607e+05	3.612486e+02	1.305032e+01	-1.024470e-03	-6.693422e-04	4.201649e-01	2.901057e-01	2.619986e-01	3.554374e-03	-4.491310e-02	-9.466912e-04
290	5.938592e+03	3.637501e+02	1.307920e+01	1.504343e-02	9.640099e-03	4.902039e-01	2.914180e-01	2.719781e-01	7.424442e-03	-6.425264e-02	-2.921415e-03
291	1.380607e+05	3.637521e+02	1.312661e+01	-8.210618e-04	-2.626728e-04	4.123893e-01	2.805366e-01	2.558335e-01	3.662840e-03	-4.259944e-02	-8.749363e-04
292	5.938592e+03	3.662503e+02	1.315181e+01	1.392383e-02	7.187915e-03	4.798648e-01	2.792312e-01	2.652591e-01	6.330529e-03	-5.861709e-02	-1.880115e-03
293	1.380607e+05	3.662535e+02	1.319860e+01	-1.421442e-03	-4.727108e-04	4.075471e-01	2.714496e-01	2.492851e-01	3.908088e-03	-4.037071e-02	-7.116084e-04
294	5.938592e+03	3.687502e+02	1.322016e+01	1.009658e-02	6.079125e-03	4.703785e-01	2.659065e-01	2.586591e-01	6.608316e-03	-5.313009e-02	-1.214068e-03
295	1.380608e+05	3.687544e+02	1.326703e+01	-2.074999e-03	-8.281036e-05	4.028289e-01	2.619417e-01	2.426170e-01	4.201453e-03	-3.810174e-02	-6.340346e-04
296	5.938592e+03	3.712501e+02	1.328714e+01	6.085689e-03	5.502026e-03	4.603389e-01	2.555496e-01	2.512380e-01	7.308074e-03	-4.865770e-02	-6.738429e-04
297	1.380608e+05	3.712490e+02	1.333121e+01	-2.338642e-03	-4.309898e-04	3.989009e-01	2.528006e-01	2.356704e-01	4.247178e-03	-3.590693e-02	-5.304596e-04
298	5.938591e+03	3.737502e+02	1.335311e+01	3.888953e-03	6.183646e-03	4.502931e-01	2.478882e-01	2.436968e-01	6.136230e-03	-4.537272e-02	-6.274719e-04
299	1.380609e+05	3.737505e+02	1.339214e+01	-2.371621e-03	-5.609921e-05	3.971927e-01	2.442627e-01	2.282815e-01	3.829040e-03	-3.368350e-02	-4.143654e-04
300	5.938590e+03	3.762503e+02	1.341471e+01	1.341691e-03	5.650608e-03	4.443969e-01	2.410192e-01	2.360751e-01	6.934755e-03	-4.295561e-02	-1.025191e-03
301	1.380610e+05	3.762519e+02	1.345167e+01	-2.404806e-03	-4.639979e-04	3.975450e-01	2.357773e-01	2.202305e-01	3.098793e-03	-3.159213e-02	-2.235322e-04
302	5.938592e+03	3.787503e+02	1.347217e+01	1.850651e-05	5.541822e-03	4.367254e-01	2.347937e-01	2.285606e-01	6.828502e-03	-3.991112e-02	-1.385647e-03
303	1.380609e+05	3.787531e+02	1.350878e+01	-2.326730e-03	6.469944e-06	3.993910e-01	2.275539e-01	2.124717e-01	2.363845e-03	-2.957298e-02	-1.057774e-04
304	5.938592e+03	3.812502e+02	1.352794e+01	-4.264412e-04	3.852382e-03	4.283487e-01	2.284574e-01	2.212795e-01	5.896547e-03	-3.681164e-02	-1.296725e-03
305	1.380609e+05	3.812508e+02	1.356286e+01	-2.782594e-03	-4.350720e-04	4.032542e-01	2.197292e-01	2.053454e-01	1.585214e-03	-2.768750e-02	6.019452e-06
306	5.938593e+03	3.837501e+02	1.358132e+01	-6.679958e-04	3.177054e-03	4.252429e-01	2.237715e-01	2.147277e-01	5.128390e-03	-3.409594e-02	-6.374809e-04
307	1.380609e+05	3.837502e+02	1.361382e+01	-3.017593e-03	1.587184e-04	4.106877e-01	2.129436e-01	1.985797e-01	1.505410e-03	-2.581528e-02	2.675778e-05
308	5.938592e+03	3.862502e+02	1.363130e+01	-3.524209e-04	1.945147e-03	4.269775e-01	2.160762e-01	2.077190e-01	4.864814e-03	-3.074940e-02	-4.080962e-04
309	1.380610e+05	3.862532e+02	1.366233e+01	-3.001866e-03	-3.918430e-04	4.209673e-01	2.057987e-01	1.923012e-01	1.330025e-03	-2.407573e-02	8.207779e-05
310	5.938593e+03	3.887502e+02	1.367892e+01	-1.449507e-03	1.809012e-03	4.347434e-01	2.058292e-01	2.000676e-01	4.789529e-03	-2.752524e-02	-2.850636e-04
311	1.380610e+05	3.887514e+02	1.370959e+01	-3.049144e-03	2.618815e-04	4.344097e-01	1.982232e-01	1.860579e-01	8.256056e-04	-2.239100e-02	8.749893e-05
312	5.938593e+03	3.912502e+02	1.372184e+01	-4.364755e-03	4.212427e-04	4.448166e-01	1.961097e-01	1.926177e-01	4.002192e-03	-2.456196e-02	-9.586709e-05
313	1.380610e+05	3.912506e+02	1.375483e+01	-3.244661e-03	-3.731267e-04	4.501224e-01	1.904362e-01	1.796622e-01	3.748999e-04	-2.079847e-02	9.771036e-05
314	5.938591e+03	3.937502e+02	1.376360e+01	-5.522748e-03	1.057253e-03	4.578967e-01	1.869606e-01	1.844581e-01	2.162318e-03	-2.188283e-02	5.175615e-04
315	1.380609e+05	3.937495e+02	1.379929e+01	-2.503733e-03	3.366716e-04	4.681394e-01	1.815279e-01	1.733070e-01	1.903120e-04	-1.922903e-02	6.447380e-05
316	5.938590e+03	3.962502e+02	1.380779e+01	-3.697262e-03	4.282394e-04	4.754350e-01	1.789598e-01	1.769924e-01	9.579412e-04	-1.952686e-02	1.335573e-03
317	1.380609e+05	3.962515e+02	1.384237e+01	-4.026805e-04	-4.252133e-04	4.880495e-01	1.719684e-01	1.670810e-01	4.262077e-04	-1.780737e-02	4.189401e-05
318	5.938590e+03	3.987500e+02	1.385526e+01	-1.272405e-03	1.338467e-03	4.979093e-01	1.695025e-01	1.699031e-01	1.167688e-03	-1.754728e-02	1.582457e-03
319	1.380607e+05	3.987528e+02	1.388475e+01	1.658960e-03	3.710814e-04	5.098647e-01	1.635897e-01	1.611366e-01	1.061845e-03	-1.638550e-02	2.874063e-05
320	5.938591e+03	4.012504e+02	1.389915e+01	-4.733048e-04	5.225748e-04	5.214633e-01	1.623937e-01	1.652831e-01	6.937095e-04	-1.609002e-02	1.698537e-03
321	1.380607e+05	4.012512e+02	1.392514e+01	2.379555e-03	-4.849125e-04	5.328703e-01	1.562283e-01	1.554115e-01	1.418691e-03	-1.514309e-02	3.015081e-05
322	5.938591e+03	4.037500e+02	1.394167e+01	1.286808e-03	1.087523e-03	5.469295e-01	1.546319e-01	1.608642e-01	5.485400e-04	-1.497504e-02	1.470774e-03
323	1.380610e+05	4.037503e+02	1.396255e+01	2.477261e-03	4.536520e-04	5.564910e-01	1.487301e-01	1.496765e-01	1.535681e-03	-1.380436e-02	4.290054e-05
324	5.938591e+03	4.062503e+02	1.398272e+01	2.913434e-03	-7.078859e-05	5.752345e-01	1.482118e-01	1.559737e-01	1.313322e-03	-1.418568e-02	1.147259e-03
325	1.380610e+05	4.062507e+02	1.399841e+01	2.150485e-03	-5.264956e-04	5.817028e-01	1.416244e-01	1.439951e-01	1.620355e-03	-1.268137e-02	4.444880e-05
326	5.938591e+03	4.087503e+02	1.401993e+01	1.852212e-03	3.301403e-04	6.026678e-01	1.425446e-01	1.505724e-01	1.903731e-03	-1.331398e-02	1.162348e-03
327	1.380610e+05	4.087514e+02	1.403293e+01	1.376670e-03	5.586419e-04	6.077203e-01	1.346346e-01	1.383725e-01	1.295607e-03	-1.144356e-02	3.488427e-05
328	5.938591e+03	4.112502e+02	1.405633e+01	-5.892066e-04	-7.366417e-04	6.303635e-01	1.368217e-01	1.446241e-01	1.300934e-03	-1.238584e-02	1.249060e-03
329	1.380610e+05	4.112524e+02	1.406647e+01	-6.008088e-05	-5.753179e-04	6.347024e-01	1.277802e-01	1.327004e-01	6.255626e-04	-1.046995e-02	1.745723e-05
330	5.938637e+03	4.137497e+02	1.409082e+01	-1.519383e-03	4.195858e-04	6.582837e-01	1.288244e-01	1.378677e-01	1.936442e-04	-1.114600e-02	1.306403e-03
331	1.380610e+05	4.137509e+02	1.409862e+01	-1.689359e-03	6.243484e-04	6.617750e-01	1.209577e-01	1.269026e-01	-3.854707e-04	-9.332986e-03	2.333610e-05
332	2.234485e+03	4.162498e+02	1.412041e+01	-1.765965e-03	3.358804e-05	6.832975e-01	1.200171e-01	1.314572e-01	-7.992251e-04	-9.864151e-03	1.113645e-03
333	1.417652e+05	4.162498e+02	1.412781e+01	-2.714036e-03	-6.597571e-04	6.876408e-01	1.141612e-01	1.214670e-01	-1.269916e-03	-8.541634e-03	3.588387e-05
334	2.203242e+03	4.187498e+02	1.414744e+01	-2.173485e-03	1.696648e-03	7.067260e-01	1.130692e-01	1.237386e-01	-1.632455e-03	-8.398728e-03	7.815645e-04
335	1.417965e+05	4.187496e+02	1.415475e+01	-3.110574e-03	6.714600e-04	7.123244e-01	1.074993e-01	1.159568e-01	-1.976910e-03	-7.440056e-03	5.864092e-06
336	2.203242e+03	4.212498e+02	1.417172e+01	-2.329056e-03	8.989415e-04	7.290429e-01	1.067259e-01	1.165757e-01	-1.905619e-03	-6.944279e-03	3.393664e-04
337	1.417964e+05	4.212515e+02	1.417855e+01	-3.070374e-03	-7.486896e-04	7.351478e-01	1.011248e-01	1.106789e-01	-2.203497e-03	-6.724020e-03	-2.751965e-05
338	2.203242e+03	4.237500e+02	1.419473e+01	-2.008377e-03	2.410863e-03	7.521532e-01	9.786364e-02	1.095198e-01	-2.232276e-03	-5.728023e-03	5.498013e-05
339	1.417964e+05	4.237534e+02	1.419929e+01	-2.838772e-03	7.397096e-04	7.559583e-01	9.357459e-02	1.055402e-01	-2.280158e-03	-5.721142e-03	-6.545583e-05
340	2.203242e+03	4.262499e+02	1.421350e+01	-1.307168e-03	7.754873e-04	7.702314e-01	8.715993e-02	1.027471e-01	-1.836036e-03	-4.943072e-03	-7.900686e-05
341	1.417966e+05	4.262489e+02	1.421607e+01	-2.335969e-03	-8.301621e-04	7.730635e-01	8.542431e-02	1.006342e-01	-1.880870e-03	-5.172050e-03	-9.803669e-05
342	2.203242e+03	4.287498e+02	1.422831e+01	-7.254521e-04	2.340464e-03	7.856613e-01	7.902332e-02	9.678548e-02	-1.066691e-03	-4.043634e-03	-2.657065e-04
343	1.417966e+05	4.287495e+02	1.422935e+01	-1.841787e-03	8.286135e-04	7.871925e-01	7.716308e-02	9.577132e-02	-1.370756e-03	-4.262967e-03	-1.198782e-04
344	2.218864e+03	4.312499e+02	1.423956e+01	-9.641828e-05	8.429600e-04	7.979997e-01	7.088654e-02	9.195498e-02	-4.039636e-04	-3.495420e-03	-3.817742e-04
345	1.417811e+05	4.312480e+02	1.423977e+01	-1.394996e-03	-9.239757e-04	7.983032e-01	6.999560e-02	9.134457e-02	-9.834178e-04	-3.906867e-03	-1.291298e-04
346	2.203242e+03	4.337498e+02	1.424801e+01	-4.194042e-04	2.860081e-03	8.076705e-01	6.284026e-02	8.735926e-02	-8.258824e-04	-2.528961e-03	-2.867328e-04
347	1.417967e+05	4.337530e+02	1.424782e+01	-9.558304e-04	9.146274e-04	8.074764e-01	6.379296e-02	8.692545e-02	-7.643594e-04	-3.092565e-03	-1.300544e-04
348	2.218864e+03	4.362499e+02	1.425478e+01	-5.628029e-04	1.333582e-03	8.152254e-01	5.620662e-02	8.269278e-02	-1.186514e-03	-1.995711e-03	-1.873873e-04
349	1.417810e+05	4.362494e+02	1.425433e+01	-6.347442e-04	-1.029302e-03	8.148065e-01	5.806318e-02	8.265065e-02	-6.261649e-04	-2.906457e-03	-1.231316e-04
350	2.203242e+03	4.387498e+02	1.426007e+01	-6.062372e-04	3.385501e-03	8.216802e-01	5.139688e-02	7.827261e-02	-1.223309e-03	-1.283472e-03	-1.868122e-04
351	1.417967e+05	4.387514e+02	1.425995e+01	-3.647147e-04	1.008073e-03	8.211219e-01	5.285576e-02	7.834971e-02	-5.468416e-04	-2.190282e-03	-1.185855e-04
352	2.203242e+03	4.412499e+02	1.426410e+01	-4.650507e-04	1.209020e-03	8.259279e-01	4.753230e-02	7.399640e-02	-1.193280e-03	-1.238680e-03	-2.030331e-04
353	1.417967e+05	4.412484e+02	1.426452e+01	-2.507279e-04	-1.133204e-03	8.266608e-01	4.878580e-02	7.408435e-02	-4.826399e-04	-2.172741e-03	-1.129432e-04
354	2.203242e+03	4.437498e+02	1.426734e+01	-7.470792e-04	3.409075e-03	8.301407e-01	4.403912e-02	6.948128e-02	-1.307608e-03	-6.707918e-04	-1.915469e-04
355	1.417967e+05	4.437531e+02	1.426809e+01	-1.249066e-04	1.119660e-03	8.310884e-01	4.518228e-02	6.960056e-02	-4.648867e-04	-1.525956e-03	-9.932931e-05
356	2.218864e+03	4.462499e+02	1.427039e+01	-7.182630e-04	8.113824e-04	8.339553e-01	4.077194e-02	6.499332e-02	-1.377547e-03	-8.109287e-04	-1.731838e-04
357	1.417810e+05	4.462492e+02	1.427100e+01	-3.647163e-05	-1.247598e-03	8.344149e-01	4.161935e-02	6.520463e-02	-4.442958e-04	-1.606429e-03	-8.172813e-05
358	2.250106e+03	4.487498e+02	1.427282e+01	-6.158368e-04	3.297142e-03	8.364750e-01	3.711011e-02	6.051410e-02	-1.138520e-03	-3.346041e-04	-1.604667e-04
359	1.417497e+05	4.487515e+02	1.427332e+01	5.773536e-05	1.249990e-03	8.371888e-01	3.795241e-02	6.070296e-02	-3.749667e-04	-9.817028e-04	-5.692614e-05
360	2.203242e+03	4.512499e+02	1.427486e+01	-4.215465e-04	4.451220e-04	8.394092e-01	3.356078e-02	5.639714e-02	-8.033821e-04	-5.278924e-04	-1.430577e-04
361	1.417966e+05	4.512477e+02	1.427532e+01	1.009083e-04	-1.378660e-03	8.396249e-01	3.455681e-02	5.650736e-02	-3.027691e-04	-1.137250e-03	-3.468619e-05
362	2.218863e+03	4.537500e+02	1.427654e+01	-3.095087e-04	3.322096e-03	8.418259e-01	3.009017e-02	5.234099e-02	-4.930738e-04	5.308433e-05	-1.185051e-04
363	1.417810e+05	4.537528e+02	1.427686e+01	1.494478e-04	1.397542e-03	8.415360e-01	3.126817e-02	5.229186e-02	-2.590547e-04	-5.448143e-04	-1.234775e-05
364	2.203242e+03	4.562500e+02	1.427809e+01	-1.097895e-04	3.474896e-04	8.432941e-01	2.717307e-02	4.869869e-02	-2.536243e-04	-9.984953e-05	-9.604065e-05
365	1.417966e+05	4.562491e+02	1.427816e+01	1.196866e-04	-1.535478e-03	8.431572e-01	2.840784e-02	4.839343e-02	-2.155032e-04	-7.978615e-04	4.354923e-06
366	2.203241e+03	4.587501e+02	1.427907e+01	-2.006087e-04	3.495947e-03	8.446528e-01	2.441442e-02	4.496714e-02	-1.030920e-04	4.590566e-04	-7.966338e-05
367	1.417966e+05	4.587503e+02	1.427898e+01	8.673028e-05	1.564187e-03	8.443111e-01	2.574512e-02	4.441942e-02	-2.290710e-04	-2.506873e-04	1.434827e-05
368	2.203241e+03	4.612500e+02	1.427992e+01	-1.967273e-04	1.157183e-04	8.458902e-01	2.187652e-02	4.165323e-02	-1.277018e-04	2.014706e-04	-6.725434e-05
369	1.417967e+05	4.612487e+02	1.427969e+01	8.859979e-06	-1.713839e-03	8.449937e-01	2.352084e-02	4.082545e-02	-2.531434e-04	-6.141689e-04	1.647741e-05
370	2.218863e+03	4.637499e+02	1.428042e+01	-4.536643e-04	3.493391e-03	8.463995e-01	1.948118e-02	3.822670e-02	-2.539669e-04	5.874922e-04	-6.092058e-05
371	1.417811e+05	4.637518e+02	1.428016e+01	-2.678926e-05	1.757604e-03	8.454155e-01	2.127900e-02	3.715526e-02	-2.967875e-04	-9.065932e-05	1.528343e-05
372	2.218863e+03	4.662501e+02	1.428104e+01	-4.145736e-04	-3.733362e-04	8.468404e-01	1.757791e-02	3.512540e-02	-4.962214e-04	1.518516e-04	-5.403717e-05
373	1.417811e+05	4.662520e+02	1.428073e+01	-2.213929e-05	-1.914227e-03	8.458618e-01	1.943475e-02	3.389229e-02	-2.962853e-04	-5.081233e-04	1.398322e-05
375	1.439998e+05	4.687493e+02	1.428116e+01	2.998748e-06	2.004725e-03	8.462956e-01	1.755353e-02	3.064103e-02	-3.000196e-04	3.509277e-05	1.398042e-05
377	1.439998e+05	4.712500e+02	1.428167e+01	8.581261e-05	-2.125756e-03	8.467014e-01	1.616598e-02	2.779719e-02	-2.285333e-04	-4.217367e-04	1.429058e-05
379	1.439999e+05	4.737495e+02	1.428195e+01	1.057152e-04	2.257478e-03	8.470413e-01	1.506141e-02	2.496265e-02	-1.610959e-04	1.176333e-04	1.263580e-05
381	1.439999e+05	4.762510e+02	1.428228e+01	1.833956e-04	-2.398118e-03	8.472957e-01	1.438905e-02	2.250432e-02	-4.877166e-05	-3.777021e-04	8.548628e-06
383	1.439999e+05	4.787487e+02	1.428249e+01	2.095760e-04	2.550584e-03	8.473213e-01	1.415954e-02	2.001115e-02	2.014000e-05	1.667970e-04	4.104266e-06
385	1.439999e+05	4.812499e+02	1.428273e+01	2.558579e-04	-2.716355e-03	8.473988e-01	1.413370e-02	1.774688e-02	7.489770e-05	-3.533085e-04	-1.751460e-07
387	1.439999e+05	4.837498e+02	1.428293e+01	2.093157e-04	2.897464e-03	8.474262e-01	1.464724e-02	1.544335e-02	1.065701e-04	2.001933e-04	-3.981044e-06
389	1.439999e+05	4.862520e+02	1.428324e+01	1.554282e-04	-3.091767e-03	8.475809e-01	1.494376e-02	1.324462e-02	7.652798e-05	-3.204762e-04	-6.613937e-06
391	1.439999e+05	4.887517e+02	1.428359e+01	6.207050e-05	3.292791e-03	8.478246e-01	1.585221e-02	1.110173e-02	1.059740e-04	2.160527e-04	-6.829425e-06
393	1.439999e+05	4.912503e+02	1.428397e+01	9.497928e-05	-3.494457e-03	8.479539e-01	1.619777e-02	9.063047e-03	-1.191497e-06	-2.666945e-04	-6.290795e-06
395	1.439999e+05	4.937491e+02	1.428430e+01	-2.558797e-05	3.684386e-03	8.480437e-01	1.684636e-02	7.544114e-03	-1.162349e-04	1.852915e-04	-3.073700e-06
397	1.439999e+05	4.962469e+02	1.428449e+01	4.161817e-05	-3.925641e-03	8.481718e-01	1.668837e-02	6.342241e-03	-8.352610e-05	-2.119639e-04	-2.418862e-06
399	1.439999e+05	4.987468e+02	1.428474e+01	-3.636772e-05	4.431150e-03	8.483248e-01	1.733209e-02	3.978155e-03	5.134695e-05	2.481822e-04	-4.291323e-07
