Time (s)	9.993750e+03	dt_sampled - EXTRA_TIME	3.743750e+03
 i	 Vol	 Z	 Uavg	 Vavg	 Wavg	 Urms	 Vrms	 Wrms	 UVmean	 UWmean	 VWmean
0	6.300010e+04	6.250178e-01	6.782719e-01	4.507011e-02	-3.730882e-02	5.033165e-01	5.009003e-01	1.717922e-01	-3.346268e-02	3.516320e-04	-4.796638e-03
1	6.300010e+04	1.875109e+00	8.845119e-01	8.694183e-02	1.586683e-02	4.634203e-01	4.441119e-01	2.703145e-01	-1.058991e-02	-1.186348e-02	-1.241500e-02
2	6.300011e+04	3.125232e+00	9.651818e-01	1.204771e-01	-9.722662e-03	4.488785e-01	4.280418e-01	3.252390e-01	-4.521366e-03	-1.814569e-02	-2.068106e-02
3	6.300011e+04	4.375168e+00	1.011594e+00	1.677107e-01	7.177388e-03	4.481458e-01	4.259832e-01	3.584028e-01	-1.868044e-03	-2.367748e-02	-2.770460e-02
4	6.300012e+04	5.625313e+00	1.049962e+00	2.256277e-01	-5.064751e-03	4.514067e-01	4.289740e-01	3.775409e-01	9.826866e-04	-3.317386e-02	-3.377316e-02
5	6.300013e+04	6.875481e+00	1.090366e+00	2.913567e-01	3.737747e-03	4.589856e-01	4.350181e-01	3.871319e-01	5.552670e-03	-4.381773e-02	-3.848463e-02
6	6.300008e+04	8.125357e+00	1.155690e+00	3.647503e-01	-3.284775e-03	4.715942e-01	4.414218e-01	3.892578e-01	1.227346e-02	-5.763216e-02	-4.224255e-02
7	6.300009e+04	9.375094e+00	1.252511e+00	4.415113e-01	2.049918e-03	4.908151e-01	4.489705e-01	3.844689e-01	2.231275e-02	-6.982194e-02	-4.491221e-02
8	7.200438e+04	1.062457e+01	1.373404e+00	5.525559e-01	1.496621e-02	5.186155e-01	4.611697e-01	3.540411e-01	4.055013e-02	-6.581138e-02	-3.770622e-02
9	7.200441e+04	1.187452e+01	1.525483e+00	5.939513e-01	-6.679858e-03	5.216627e-01	4.595493e-01	3.483525e-01	4.110132e-02	-7.228522e-02	-3.691106e-02
10	7.200444e+04	1.312428e+01	1.624780e+00	6.403837e-01	4.960191e-03	5.156200e-01	4.542514e-01	3.449258e-01	4.088264e-02	-6.950206e-02	-3.487037e-02
11	7.200466e+04	1.437386e+01	1.701419e+00	6.768838e-01	-3.652708e-03	5.096273e-01	4.488079e-01	3.456885e-01	3.963749e-02	-7.017106e-02	-3.531089e-02
12	7.200281e+04	1.562332e+01	1.763212e+00	7.119706e-01	2.786897e-03	5.051041e-01	4.451819e-01	3.436431e-01	3.925895e-02	-6.883086e-02	-3.442885e-02
13	7.200266e+04	1.687567e+01	1.819634e+00	7.432311e-01	-2.194675e-03	5.022843e-01	4.417451e-01	3.436868e-01	3.881214e-02	-6.936918e-02	-3.453048e-02
14	7.198915e+04	1.812289e+01	1.870499e+00	7.723636e-01	1.748057e-03	5.008762e-01	4.388717e-01	3.419686e-01	3.844477e-02	-6.878217e-02	-3.382772e-02
15	7.198931e+04	1.937713e+01	1.920169e+00	7.993924e-01	-1.424719e-03	5.007588e-01	4.357622e-01	3.415910e-01	3.803719e-02	-6.921658e-02	-3.359903e-02
16	7.200575e+04	2.062335e+01	1.967312e+00	8.245695e-01	1.149566e-03	5.014258e-01	4.333512e-01	3.402479e-01	3.790385e-02	-6.882185e-02	-3.291337e-02
17	7.200576e+04	2.187846e+01	2.013304e+00	8.477262e-01	-9.427377e-04	5.027479e-01	4.313031e-01	3.396347e-01	3.766283e-02	-6.905553e-02	-3.251836e-02
18	7.198267e+04	2.312073e+01	2.057621e+00	8.688793e-01	7.680410e-04	5.044529e-01	4.295822e-01	3.382864e-01	3.723741e-02	-6.875008e-02	-3.180715e-02
19	7.198270e+04	2.437539e+01	2.100987e+00	8.894893e-01	-6.371616e-04	5.065817e-01	4.282986e-01	3.375016e-01	3.668260e-02	-6.890987e-02	-3.128573e-02
20	7.198262e+04	2.561964e+01	2.143086e+00	9.086863e-01	5.205366e-04	5.083451e-01	4.276141e-01	3.364003e-01	3.592592e-02	-6.862951e-02	-3.060788e-02
21	7.198241e+04	2.687431e+01	2.184331e+00	9.264863e-01	-4.426422e-04	5.097863e-01	4.272499e-01	3.358233e-01	3.524181e-02	-6.865244e-02	-3.005609e-02
22	7.198234e+04	2.811823e+01	2.224390e+00	9.428549e-01	3.639749e-04	5.110464e-01	4.272463e-01	3.350692e-01	3.456092e-02	-6.841645e-02	-2.941377e-02
23	7.198235e+04	2.937281e+01	2.263680e+00	9.578621e-01	-3.089312e-04	5.123516e-01	4.273461e-01	3.347355e-01	3.373532e-02	-6.835706e-02	-2.886805e-02
24	7.198252e+04	3.061688e+01	2.302092e+00	9.721902e-01	2.539307e-04	5.131450e-01	4.268155e-01	3.344530e-01	3.259132e-02	-6.812596e-02	-2.824708e-02
25	7.198245e+04	3.187209e+01	2.340056e+00	9.862117e-01	-2.218716e-04	5.134817e-01	4.259838e-01	3.346294e-01	3.122015e-02	-6.802078e-02	-2.769461e-02
26	7.198216e+04	3.311935e+01	2.377303e+00	9.997305e-01	1.772316e-04	5.133645e-01	4.251633e-01	3.349225e-01	2.976808e-02	-6.780532e-02	-2.708565e-02
27	7.198220e+04	3.436789e+01	2.413628e+00	1.012447e+00	-1.545193e-04	5.130370e-01	4.243096e-01	3.354666e-01	2.827873e-02	-6.766176e-02	-2.653206e-02
28	7.198209e+04	3.561389e+01	2.449357e+00	1.024150e+00	1.274832e-04	5.125836e-01	4.238348e-01	3.359285e-01	2.682853e-02	-6.743842e-02	-2.595584e-02
29	7.198205e+04	3.686922e+01	2.484700e+00	1.035208e+00	-1.145292e-04	5.119559e-01	4.236700e-01	3.364405e-01	2.522813e-02	-6.725217e-02	-2.539230e-02
30	7.213646e+04	3.811927e+01	2.520471e+00	1.046105e+00	9.434843e-05	5.114146e-01	4.236303e-01	3.368184e-01	2.338996e-02	-6.701979e-02	-2.481447e-02
31	7.213631e+04	3.937012e+01	2.556154e+00	1.056896e+00	-8.195603e-05	5.105421e-01	4.238501e-01	3.372547e-01	2.141163e-02	-6.680033e-02	-2.426303e-02
32	7.200482e+04	4.062323e+01	2.591695e+00	1.067341e+00	6.409244e-05	5.091747e-01	4.241051e-01	3.376782e-01	1.955643e-02	-6.655452e-02	-2.369719e-02
33	7.200481e+04	4.187165e+01	2.626945e+00	1.077481e+00	-5.806366e-05	5.074216e-01	4.237319e-01	3.381032e-01	1.794597e-02	-6.631516e-02	-2.314078e-02
34	7.200483e+04	4.312818e+01	2.661840e+00	1.087758e+00	4.637755e-05	5.056368e-01	4.230115e-01	3.384177e-01	1.655533e-02	-6.605416e-02	-2.257467e-02
35	7.200487e+04	4.438043e+01	2.696205e+00	1.097831e+00	-4.679599e-05	5.041806e-01	4.221666e-01	3.386459e-01	1.519934e-02	-6.581552e-02	-2.203717e-02
36	7.200535e+04	4.562329e+01	2.729985e+00	1.107699e+00	3.478942e-05	5.030879e-01	4.209689e-01	3.387769e-01	1.403797e-02	-6.555431e-02	-2.147692e-02
37	7.200544e+04	4.687082e+01	2.763742e+00	1.117552e+00	-4.051730e-05	5.023044e-01	4.196237e-01	3.388464e-01	1.304178e-02	-6.529558e-02	-2.092495e-02
38	7.200469e+04	4.812651e+01	2.797269e+00	1.127105e+00	3.564946e-05	5.016780e-01	4.185123e-01	3.388019e-01	1.209541e-02	-6.502080e-02	-2.037733e-02
39	7.200456e+04	4.938184e+01	2.830700e+00	1.136132e+00	-4.162325e-05	5.010509e-01	4.175964e-01	3.386462e-01	1.114731e-02	-6.474078e-02	-1.984082e-02
40	7.200462e+04	5.062828e+01	2.864182e+00	1.145126e+00	3.946686e-05	5.004117e-01	4.170188e-01	3.384075e-01	1.025936e-02	-6.446087e-02	-1.930200e-02
41	7.200468e+04	5.187123e+01	2.897136e+00	1.154115e+00	-4.118913e-05	4.995089e-01	4.164207e-01	3.379972e-01	9.227677e-03	-6.418028e-02	-1.878677e-02
42	7.200470e+04	5.312473e+01	2.929831e+00	1.162970e+00	4.064370e-05	4.982238e-01	4.157355e-01	3.374946e-01	8.023893e-03	-6.388494e-02	-1.826479e-02
43	7.200470e+04	5.438107e+01	2.962319e+00	1.171704e+00	-4.485356e-05	4.969322e-01	4.151058e-01	3.370155e-01	6.844579e-03	-6.358766e-02	-1.776843e-02
44	7.200448e+04	5.563115e+01	2.994418e+00	1.180474e+00	4.676886e-05	4.958543e-01	4.142377e-01	3.365828e-01	5.747360e-03	-6.328214e-02	-1.725847e-02
45	7.200450e+04	5.687279e+01	3.026508e+00	1.189097e+00	-5.735517e-05	4.949027e-01	4.130014e-01	3.362952e-01	4.731634e-03	-6.299097e-02	-1.678103e-02
46	7.200438e+04	5.812340e+01	3.058822e+00	1.197795e+00	5.920734e-05	4.940535e-01	4.115171e-01	3.360532e-01	3.864150e-03	-6.269363e-02	-1.626864e-02
47	7.200450e+04	5.938027e+01	3.091347e+00	1.206481e+00	-7.138886e-05	4.933381e-01	4.103305e-01	3.357181e-01	2.947654e-03	-6.241234e-02	-1.577880e-02
48	7.200435e+04	6.063341e+01	3.123988e+00	1.214715e+00	7.800437e-05	4.927341e-01	4.090792e-01	3.352218e-01	2.019401e-03	-6.210944e-02	-1.526914e-02
49	7.200438e+04	6.187754e+01	3.156270e+00	1.222582e+00	-9.134306e-05	4.921926e-01	4.075878e-01	3.346239e-01	8.909981e-04	-6.183629e-02	-1.477423e-02
50	7.200430e+04	6.312449e+01	3.188415e+00	1.230309e+00	1.002589e-04	4.914737e-01	4.060864e-01	3.340226e-01	-3.640054e-04	-6.152838e-02	-1.426358e-02
51	7.200441e+04	6.437761e+01	3.220580e+00	1.238019e+00	-1.216462e-04	4.906991e-01	4.045916e-01	3.335095e-01	-1.573047e-03	-6.124018e-02	-1.376481e-02
52	7.200403e+04	6.562962e+01	3.252771e+00	1.245691e+00	1.354006e-04	4.899540e-01	4.029978e-01	3.329922e-01	-2.795075e-03	-6.093349e-02	-1.325444e-02
53	7.200404e+04	6.687615e+01	3.284493e+00	1.253135e+00	-1.575964e-04	4.890554e-01	4.012947e-01	3.324146e-01	-4.055506e-03	-6.067184e-02	-1.276468e-02
54	7.200401e+04	6.812248e+01	3.316273e+00	1.260644e+00	1.797824e-04	4.882061e-01	3.996615e-01	3.316377e-01	-5.271445e-03	-6.036206e-02	-1.226256e-02
55	7.200381e+04	6.937711e+01	3.348006e+00	1.267484e+00	-2.095702e-04	4.877054e-01	3.982409e-01	3.307738e-01	-6.330746e-03	-6.009334e-02	-1.179462e-02
56	7.200416e+04	7.063583e+01	3.379646e+00	1.273745e+00	2.396545e-04	4.872914e-01	3.967823e-01	3.296708e-01	-7.341838e-03	-5.975671e-02	-1.129911e-02
57	7.200420e+04	7.188792e+01	3.410466e+00	1.279446e+00	-2.933056e-04	4.866556e-01	3.955062e-01	3.288091e-01	-8.191165e-03	-5.950859e-02	-1.085575e-02
58	7.200418e+04	7.313151e+01	3.442109e+00	1.285334e+00	3.317416e-04	4.854600e-01	3.943076e-01	3.273065e-01	-8.994948e-03	-5.912477e-02	-1.034867e-02
59	7.200431e+04	7.437663e+01	3.472856e+00	1.290948e+00	-4.181494e-04	4.839342e-01	3.929709e-01	3.262070e-01	-9.703946e-03	-5.893905e-02	-9.933813e-03
60	7.200391e+04	7.562715e+01	3.504810e+00	1.296958e+00	4.858444e-04	4.821865e-01	3.916861e-01	3.230549e-01	-1.051777e-02	-5.845881e-02	-9.411634e-03
61	7.200359e+04	7.687659e+01	3.534148e+00	1.302179e+00	-6.662814e-04	4.802717e-01	3.899150e-01	3.213674e-01	-1.129932e-02	-5.846015e-02	-9.065184e-03
62	7.191498e+04	7.813880e+01	3.565373e+00	1.307962e+00	8.364034e-04	4.777568e-01	3.874155e-01	3.144674e-01	-1.233687e-02	-5.767703e-02	-8.470633e-03
63	7.191500e+04	7.938266e+01	3.591969e+00	1.311619e+00	-1.455212e-03	4.749726e-01	3.844913e-01	3.135302e-01	-1.343111e-02	-5.820533e-02	-8.350400e-03
64	5.938324e+03	8.124994e+01	3.632901e+00	1.312791e+00	3.546779e-03	4.679598e-01	3.698135e-01	2.983387e-01	-1.632512e-02	-5.744221e-02	-7.512539e-03
65	1.380620e+05	8.124975e+01	3.632720e+00	1.314531e+00	3.191873e-03	4.637481e-01	3.680553e-01	2.973172e-01	-1.489400e-02	-5.646549e-02	-7.473922e-03
66	5.938597e+03	8.374989e+01	3.695430e+00	1.322727e+00	-3.523427e-03	4.673617e-01	3.647231e-01	2.951218e-01	-1.775687e-02	-5.688529e-02	-6.463770e-03
67	1.380618e+05	8.375011e+01	3.695249e+00	1.323266e+00	-3.934734e-03	4.627256e-01	3.642951e-01	2.938251e-01	-1.658143e-02	-5.592414e-02	-6.535070e-03
68	5.938600e+03	8.624986e+01	3.757054e+00	1.330904e+00	3.528324e-03	4.627987e-01	3.609597e-01	2.909339e-01	-1.820712e-02	-5.643982e-02	-5.672016e-03
69	1.380615e+05	8.625041e+01	3.758472e+00	1.330643e+00	3.193148e-03	4.592156e-01	3.615120e-01	2.892883e-01	-1.758518e-02	-5.548920e-02	-5.999838e-03
70	5.938610e+03	8.874984e+01	3.818306e+00	1.336390e+00	-2.281126e-03	4.587891e-01	3.613212e-01	2.896342e-01	-1.771113e-02	-5.544726e-02	-4.883927e-03
71	1.380614e+05	8.874982e+01	3.822099e+00	1.335075e+00	-2.767404e-03	4.555433e-01	3.617174e-01	2.877972e-01	-1.814233e-02	-5.464195e-02	-5.097534e-03
72	5.938598e+03	9.124986e+01	3.878530e+00	1.341253e+00	2.820426e-03	4.551443e-01	3.625013e-01	2.881060e-01	-1.766291e-02	-5.438642e-02	-4.196738e-03
73	1.380614e+05	9.125008e+01	3.884192e+00	1.339086e+00	2.343548e-03	4.519235e-01	3.620645e-01	2.862249e-01	-1.896524e-02	-5.393757e-02	-4.440343e-03
74	5.938597e+03	9.374988e+01	3.938640e+00	1.343389e+00	-1.491850e-03	4.504952e-01	3.631055e-01	2.879511e-01	-1.836043e-02	-5.318936e-02	-3.552412e-03
75	1.380613e+05	9.375002e+01	3.944271e+00	1.341490e+00	-2.057799e-03	4.481716e-01	3.620160e-01	2.858399e-01	-1.951956e-02	-5.320529e-02	-3.714563e-03
76	5.938596e+03	9.624986e+01	3.998440e+00	1.345123e+00	2.285094e-03	4.462003e-01	3.625227e-01	2.872265e-01	-1.945253e-02	-5.229585e-02	-2.818838e-03
77	1.380612e+05	9.625031e+01	4.003442e+00	1.344273e+00	1.723813e-03	4.440021e-01	3.618210e-01	2.851333e-01	-2.041027e-02	-5.242333e-02	-2.988450e-03
78	5.938598e+03	9.874986e+01	4.057291e+00	1.347710e+00	-1.081086e-03	4.421617e-01	3.615228e-01	2.862978e-01	-2.154890e-02	-5.165937e-02	-1.969517e-03
79	1.380611e+05	9.874992e+01	4.061972e+00	1.347903e+00	-1.512069e-03	4.399795e-01	3.613299e-01	2.844579e-01	-2.258233e-02	-5.165339e-02	-2.343819e-03
80	5.938605e+03	1.012499e+02	4.115520e+00	1.351115e+00	1.520881e-03	4.382322e-01	3.595638e-01	2.844776e-01	-2.439996e-02	-5.083666e-02	-9.480939e-04
81	1.380611e+05	1.012500e+02	4.119365e+00	1.351570e+00	1.278779e-03	4.360436e-01	3.607713e-01	2.831220e-01	-2.511679e-02	-5.086053e-02	-1.684081e-03
82	5.938598e+03	1.037499e+02	4.173860e+00	1.353343e+00	-1.175327e-03	4.353731e-01	3.582429e-01	2.828790e-01	-2.745475e-02	-4.997688e-02	-1.445149e-04
83	1.380610e+05	1.037501e+02	4.176968e+00	1.354267e+00	-1.110982e-03	4.325451e-01	3.601296e-01	2.819351e-01	-2.717067e-02	-5.004179e-02	-1.104968e-03
84	5.938598e+03	1.062499e+02	4.232061e+00	1.354199e+00	7.575052e-04	4.315226e-01	3.585810e-01	2.811570e-01	-3.001090e-02	-4.882695e-02	5.201056e-04
85	1.380610e+05	1.062502e+02	4.234820e+00	1.355224e+00	9.730775e-04	4.297470e-01	3.594525e-01	2.802982e-01	-2.878092e-02	-4.924183e-02	-5.301388e-04
86	5.938598e+03	1.087499e+02	4.289275e+00	1.353622e+00	-1.279765e-03	4.282595e-01	3.580772e-01	2.794453e-01	-3.123527e-02	-4.749532e-02	6.979085e-04
87	1.380611e+05	1.087499e+02	4.291395e+00	1.354687e+00	-8.138918e-04	4.278268e-01	3.583407e-01	2.788534e-01	-3.046247e-02	-4.846501e-02	6.262348e-05
88	5.938598e+03	1.112499e+02	4.344872e+00	1.353165e+00	1.154702e-04	4.261505e-01	3.572588e-01	2.775544e-01	-3.224933e-02	-4.646465e-02	9.024752e-04
89	1.380610e+05	1.112504e+02	4.346852e+00	1.354175e+00	7.496633e-04	4.268481e-01	3.575323e-01	2.772606e-01	-3.192784e-02	-4.764702e-02	6.901631e-04
90	5.938598e+03	1.137499e+02	4.401307e+00	1.353293e+00	-1.262696e-03	4.232648e-01	3.576526e-01	2.756154e-01	-3.369495e-02	-4.558817e-02	1.378598e-03
91	1.380611e+05	1.137506e+02	4.402362e+00	1.352961e+00	-5.934193e-04	4.252473e-01	3.570114e-01	2.756793e-01	-3.331673e-02	-4.685079e-02	1.178178e-03
92	5.938605e+03	1.162498e+02	4.458437e+00	1.351978e+00	-5.730350e-05	4.214264e-01	3.586392e-01	2.732687e-01	-3.528926e-02	-4.490545e-02	2.047570e-03
93	1.380611e+05	1.162505e+02	4.457520e+00	1.350955e+00	5.585501e-04	4.232944e-01	3.566863e-01	2.738347e-01	-3.429367e-02	-4.608245e-02	1.696235e-03
94	5.938598e+03	1.187499e+02	4.514524e+00	1.349901e+00	-1.131940e-03	4.204321e-01	3.579950e-01	2.706478e-01	-3.647976e-02	-4.409849e-02	2.717174e-03
95	1.380609e+05	1.187510e+02	4.512794e+00	1.348553e+00	-4.428121e-04	4.210154e-01	3.564116e-01	2.718630e-01	-3.551299e-02	-4.531281e-02	2.151966e-03
96	5.938598e+03	1.212500e+02	4.568462e+00	1.346293e+00	-4.373211e-04	4.209189e-01	3.563464e-01	2.679262e-01	-3.769540e-02	-4.321245e-02	3.075384e-03
97	1.380610e+05	1.212506e+02	4.566760e+00	1.345141e+00	4.407137e-04	4.194746e-01	3.559371e-01	2.695466e-01	-3.676898e-02	-4.454952e-02	2.605155e-03
98	5.938598e+03	1.237499e+02	4.620352e+00	1.342593e+00	-1.367358e-03	4.209056e-01	3.549733e-01	2.651713e-01	-3.766960e-02	-4.224697e-02	3.010432e-03
99	1.380611e+05	1.237505e+02	4.619497e+00	1.342066e+00	-3.025965e-04	4.177093e-01	3.552416e-01	2.671873e-01	-3.735200e-02	-4.377180e-02	3.030445e-03
100	5.938598e+03	1.262499e+02	4.671375e+00	1.339390e+00	-9.193310e-04	4.186360e-01	3.546810e-01	2.623624e-01	-3.714784e-02	-4.138187e-02	3.007471e-03
101	1.380611e+05	1.262501e+02	4.671676e+00	1.339403e+00	3.611469e-04	4.156183e-01	3.548751e-01	2.646877e-01	-3.772786e-02	-4.302662e-02	3.452781e-03
102	5.938606e+03	1.287499e+02	4.723861e+00	1.336840e+00	-1.343373e-03	4.149674e-01	3.563502e-01	2.597826e-01	-3.774874e-02	-4.046014e-02	3.323544e-03
103	1.380612e+05	1.287501e+02	4.724664e+00	1.337059e+00	-2.247167e-04	4.134978e-01	3.547487e-01	2.624209e-01	-3.809940e-02	-4.226550e-02	3.807595e-03
104	5.938598e+03	1.312498e+02	4.777192e+00	1.334162e+00	-7.234736e-04	4.107631e-01	3.567037e-01	2.576755e-01	-3.797570e-02	-3.956936e-02	3.896120e-03
105	1.380612e+05	1.312504e+02	4.777867e+00	1.334362e+00	2.731376e-04	4.109944e-01	3.539268e-01	2.604771e-01	-3.801417e-02	-4.151829e-02	4.199093e-03
106	5.938598e+03	1.337499e+02	4.832460e+00	1.329492e+00	-1.043896e-03	4.077275e-01	3.538071e-01	2.564903e-01	-3.758301e-02	-3.895086e-02	4.422226e-03
107	1.380613e+05	1.337498e+02	4.831647e+00	1.330029e+00	-1.639069e-04	4.088013e-01	3.515430e-01	2.585942e-01	-3.778907e-02	-4.075560e-02	4.535690e-03
108	5.938597e+03	1.362499e+02	4.886257e+00	1.323803e+00	-5.805482e-04	4.057544e-01	3.507099e-01	2.552984e-01	-3.825328e-02	-3.835090e-02	4.686097e-03
109	1.380614e+05	1.362499e+02	4.885301e+00	1.324399e+00	2.011176e-04	4.068091e-01	3.492704e-01	2.566810e-01	-3.847568e-02	-4.002202e-02	4.869143e-03
110	5.938597e+03	1.387499e+02	4.938796e+00	1.317632e+00	-8.811480e-04	4.041872e-01	3.492936e-01	2.542820e-01	-3.987020e-02	-3.784781e-02	4.872583e-03
111	1.380614e+05	1.387499e+02	4.938729e+00	1.317762e+00	-1.214165e-04	4.046971e-01	3.484495e-01	2.545898e-01	-3.978874e-02	-3.923785e-02	5.209409e-03
112	5.938597e+03	1.412499e+02	4.989280e+00	1.310397e+00	-4.409864e-04	4.024821e-01	3.496374e-01	2.529509e-01	-4.009031e-02	-3.750876e-02	4.938124e-03
113	1.380613e+05	1.412500e+02	4.990728e+00	1.310148e+00	1.511717e-04	4.027663e-01	3.481013e-01	2.522106e-01	-4.064283e-02	-3.852329e-02	5.553144e-03
114	5.938597e+03	1.437499e+02	5.040195e+00	1.301696e+00	-7.556057e-04	3.995541e-01	3.500052e-01	2.512718e-01	-3.999744e-02	-3.699572e-02	5.155119e-03
115	1.380614e+05	1.437502e+02	5.042891e+00	1.301775e+00	-8.532867e-05	4.003143e-01	3.477777e-01	2.497772e-01	-4.132255e-02	-3.774580e-02	5.870985e-03
116	5.938596e+03	1.462500e+02	5.091845e+00	1.293683e+00	-5.287863e-04	3.972668e-01	3.488240e-01	2.493267e-01	-4.003850e-02	-3.644474e-02	5.420198e-03
117	1.380614e+05	1.462500e+02	5.095783e+00	1.293086e+00	1.264610e-04	3.977887e-01	3.471609e-01	2.474959e-01	-4.141542e-02	-3.701801e-02	6.189221e-03
118	5.938596e+03	1.487500e+02	5.144232e+00	1.285956e+00	-7.221434e-04	3.948811e-01	3.463815e-01	2.471031e-01	-4.018687e-02	-3.566033e-02	5.939460e-03
119	1.380613e+05	1.487496e+02	5.148514e+00	1.284395e+00	-6.303776e-05	3.957762e-01	3.459392e-01	2.454067e-01	-4.141684e-02	-3.630003e-02	6.516083e-03
120	5.938611e+03	1.512500e+02	5.196507e+00	1.276856e+00	-3.857407e-04	3.927013e-01	3.441017e-01	2.446835e-01	-3.979744e-02	-3.471898e-02	6.394210e-03
121	1.380614e+05	1.512502e+02	5.200028e+00	1.275587e+00	9.814224e-05	3.935856e-01	3.444268e-01	2.436219e-01	-4.105642e-02	-3.559306e-02	6.806513e-03
122	5.938595e+03	1.537500e+02	5.248017e+00	1.267070e+00	-4.719876e-04	3.907297e-01	3.428781e-01	2.421604e-01	-4.011716e-02	-3.393937e-02	6.880588e-03
123	1.380613e+05	1.537493e+02	5.251162e+00	1.266544e+00	-4.528793e-05	3.908923e-01	3.429686e-01	2.418080e-01	-4.074809e-02	-3.489241e-02	7.063645e-03
124	5.938597e+03	1.562499e+02	5.299159e+00	1.257025e+00	-2.939058e-04	3.871521e-01	3.424384e-01	2.394343e-01	-4.078166e-02	-3.326552e-02	7.229424e-03
125	1.380612e+05	1.562500e+02	5.301983e+00	1.257387e+00	6.054141e-05	3.868316e-01	3.413201e-01	2.397983e-01	-4.065537e-02	-3.420696e-02	7.284607e-03
126	5.938598e+03	1.587499e+02	5.349596e+00	1.246816e+00	-5.453214e-04	3.823661e-01	3.412762e-01	2.366782e-01	-4.041135e-02	-3.255419e-02	7.343190e-03
127	1.380613e+05	1.587489e+02	5.352208e+00	1.248303e+00	-1.541804e-05	3.826767e-01	3.399135e-01	2.375076e-01	-4.079118e-02	-3.352739e-02	7.532284e-03
128	5.938598e+03	1.612499e+02	5.399191e+00	1.236410e+00	-5.780063e-04	3.774156e-01	3.406418e-01	2.342239e-01	-3.960024e-02	-3.181254e-02	7.556729e-03
129	1.380613e+05	1.612505e+02	5.401992e+00	1.238594e+00	6.028637e-05	3.797639e-01	3.395974e-01	2.348984e-01	-4.100959e-02	-3.285031e-02	7.730069e-03
130	5.938599e+03	1.637500e+02	5.449984e+00	1.225690e+00	-6.318473e-04	3.748792e-01	3.409103e-01	2.317598e-01	-3.994272e-02	-3.122306e-02	7.782031e-03
131	1.380613e+05	1.637497e+02	5.451927e+00	1.228251e+00	-1.110258e-05	3.777732e-01	3.392366e-01	2.324071e-01	-4.112904e-02	-3.215417e-02	7.916845e-03
132	5.938599e+03	1.662499e+02	5.502338e+00	1.214873e+00	-5.489205e-04	3.739138e-01	3.387761e-01	2.297192e-01	-4.008129e-02	-3.077559e-02	8.104586e-03
133	1.380613e+05	1.662500e+02	5.502878e+00	1.216838e+00	6.103345e-05	3.762567e-01	3.373580e-01	2.301327e-01	-4.091434e-02	-3.150603e-02	8.087737e-03
134	5.938599e+03	1.687499e+02	5.556688e+00	1.203827e+00	-4.251438e-04	3.731031e-01	3.340080e-01	2.280608e-01	-4.008003e-02	-3.020287e-02	8.212021e-03
135	1.380613e+05	1.687500e+02	5.555676e+00	1.204298e+00	-6.606121e-06	3.748514e-01	3.339934e-01	2.280318e-01	-4.068724e-02	-3.080361e-02	8.232828e-03
136	5.938598e+03	1.712499e+02	5.611101e+00	1.191369e+00	-2.677703e-04	3.720052e-01	3.292533e-01	2.259473e-01	-3.959831e-02	-2.959829e-02	8.276325e-03
137	1.380613e+05	1.712509e+02	5.608318e+00	1.190897e+00	3.968125e-05	3.736497e-01	3.304812e-01	2.258691e-01	-4.053278e-02	-3.015872e-02	8.373154e-03
138	5.938599e+03	1.737498e+02	5.664924e+00	1.176973e+00	-3.768321e-04	3.715407e-01	3.261900e-01	2.234082e-01	-4.026269e-02	-2.893348e-02	8.332169e-03
139	1.380613e+05	1.737503e+02	5.660297e+00	1.176392e+00	-2.055888e-05	3.729128e-01	3.283010e-01	2.237078e-01	-4.084119e-02	-2.949123e-02	8.477424e-03
140	5.938598e+03	1.762499e+02	5.719407e+00	1.161431e+00	-1.835262e-04	3.720777e-01	3.247950e-01	2.207536e-01	-4.219473e-02	-2.827614e-02	8.472966e-03
141	1.380612e+05	1.762501e+02	5.714420e+00	1.160293e+00	2.863019e-05	3.727705e-01	3.276764e-01	2.213296e-01	-4.210213e-02	-2.878910e-02	8.552760e-03
142	5.938616e+03	1.787498e+02	5.774179e+00	1.144727e+00	-3.329153e-05	3.719409e-01	3.243386e-01	2.179874e-01	-4.428388e-02	-2.765878e-02	8.659159e-03
143	1.380613e+05	1.787504e+02	5.769887e+00	1.142889e+00	-1.615284e-05	3.718859e-01	3.269050e-01	2.187935e-01	-4.356473e-02	-2.812908e-02	8.621425e-03
144	5.938598e+03	1.812500e+02	5.829173e+00	1.125958e+00	2.414247e-04	3.709020e-01	3.247233e-01	2.147367e-01	-4.600072e-02	-2.705162e-02	8.706885e-03
145	1.380613e+05	1.812493e+02	5.825824e+00	1.124370e+00	-1.414762e-06	3.705436e-01	3.267625e-01	2.159813e-01	-4.507735e-02	-2.739969e-02	8.668769e-03
146	5.938598e+03	1.837500e+02	5.885105e+00	1.103286e+00	2.646856e-04	3.696815e-01	3.252761e-01	2.114776e-01	-4.701149e-02	-2.631173e-02	8.754991e-03
147	1.380612e+05	1.837507e+02	5.882596e+00	1.103102e+00	-9.455232e-06	3.692954e-01	3.268595e-01	2.130618e-01	-4.627255e-02	-2.672710e-02	8.692709e-03
148	5.938599e+03	1.862498e+02	5.940630e+00	1.080171e+00	4.064744e-04	3.665990e-01	3.252400e-01	2.085977e-01	-4.742364e-02	-2.560140e-02	8.955456e-03
149	1.380612e+05	1.862494e+02	5.939371e+00	1.080757e+00	-2.309930e-05	3.667185e-01	3.263444e-01	2.100333e-01	-4.720565e-02	-2.598444e-02	8.702798e-03
150	5.938598e+03	1.887499e+02	5.995307e+00	1.057681e+00	3.473390e-04	3.632683e-01	3.237740e-01	2.060215e-01	-4.752621e-02	-2.499403e-02	8.925045e-03
151	1.380612e+05	1.887508e+02	5.996028e+00	1.058449e+00	-4.608138e-06	3.641554e-01	3.244869e-01	2.070709e-01	-4.774606e-02	-2.533093e-02	8.731325e-03
152	5.938599e+03	1.912498e+02	6.049582e+00	1.035754e+00	3.405702e-04	3.621050e-01	3.229461e-01	2.027976e-01	-4.868752e-02	-2.407624e-02	8.737973e-03
153	1.380612e+05	1.912488e+02	6.050943e+00	1.036646e+00	-3.651434e-05	3.635798e-01	3.224177e-01	2.038806e-01	-4.871282e-02	-2.462575e-02	8.742115e-03
154	5.938598e+03	1.937499e+02	6.104132e+00	1.015687e+00	1.768984e-04	3.628135e-01	3.223743e-01	1.992859e-01	-4.994719e-02	-2.334099e-02	8.449685e-03
155	1.380611e+05	1.937506e+02	6.104990e+00	1.016138e+00	2.091933e-05	3.634841e-01	3.209518e-01	2.004967e-01	-4.970096e-02	-2.393377e-02	8.780130e-03
156	5.938598e+03	1.962499e+02	6.158175e+00	9.960108e-01	1.775620e-04	3.631494e-01	3.204703e-01	1.959447e-01	-5.050884e-02	-2.275343e-02	8.361954e-03
157	1.380612e+05	1.962481e+02	6.158519e+00	9.957588e-01	-3.818472e-05	3.619584e-01	3.196370e-01	1.969917e-01	-5.020622e-02	-2.322489e-02	8.763489e-03
158	5.938598e+03	1.987498e+02	6.211267e+00	9.748216e-01	2.481757e-04	3.627639e-01	3.180197e-01	1.926948e-01	-5.118711e-02	-2.197943e-02	8.285936e-03
159	1.380612e+05	1.987498e+02	6.211356e+00	9.739359e-01	2.471330e-05	3.596205e-01	3.178866e-01	1.937168e-01	-5.069575e-02	-2.251114e-02	8.731536e-03
160	5.938598e+03	2.012499e+02	6.263313e+00	9.530100e-01	1.613809e-04	3.612243e-01	3.158775e-01	1.892844e-01	-5.180159e-02	-2.126340e-02	8.182925e-03
161	1.380613e+05	2.012501e+02	6.263580e+00	9.518806e-01	-4.841449e-05	3.574239e-01	3.168122e-01	1.903868e-01	-5.137564e-02	-2.179968e-02	8.688459e-03
162	5.938598e+03	2.037499e+02	6.315784e+00	9.293667e-01	7.613239e-05	3.597364e-01	3.154568e-01	1.861486e-01	-5.202254e-02	-2.036236e-02	8.040267e-03
163	1.380612e+05	2.037504e+02	6.316654e+00	9.289579e-01	3.788230e-05	3.563244e-01	3.169585e-01	1.875714e-01	-5.249713e-02	-2.108393e-02	8.616124e-03
164	5.938613e+03	2.062501e+02	6.370024e+00	9.044771e-01	-1.958073e-04	3.578520e-01	3.166690e-01	1.831840e-01	-5.301800e-02	-1.929870e-02	7.706964e-03
165	1.380613e+05	2.062504e+02	6.370611e+00	9.047322e-01	-3.391044e-05	3.555705e-01	3.178455e-01	1.847560e-01	-5.415844e-02	-2.037129e-02	8.511868e-03
166	5.938597e+03	2.087499e+02	6.425197e+00	8.797981e-01	-3.424220e-04	3.590564e-01	3.168689e-01	1.806529e-01	-5.585942e-02	-1.850971e-02	7.451077e-03
167	1.380613e+05	2.087500e+02	6.425071e+00	8.798636e-01	5.840009e-05	3.560665e-01	3.182053e-01	1.819887e-01	-5.638381e-02	-1.963131e-02	8.387716e-03
168	5.938597e+03	2.112499e+02	6.480061e+00	8.567632e-01	-2.424059e-04	3.593349e-01	3.159373e-01	1.783416e-01	-5.841016e-02	-1.784953e-02	7.415983e-03
169	1.380613e+05	2.112502e+02	6.480642e+00	8.565412e-01	-4.096504e-05	3.565711e-01	3.170334e-01	1.792009e-01	-5.846873e-02	-1.890239e-02	8.237968e-03
170	5.938598e+03	2.137498e+02	6.536357e+00	8.334077e-01	2.239644e-04	3.594210e-01	3.161993e-01	1.759975e-01	-6.062816e-02	-1.720027e-02	7.463661e-03
171	1.380613e+05	2.137502e+02	6.536443e+00	8.334640e-01	4.520882e-05	3.565437e-01	3.160500e-01	1.765169e-01	-6.005358e-02	-1.813067e-02	8.075856e-03
172	5.938598e+03	2.162499e+02	6.592168e+00	8.092020e-01	4.093667e-04	3.602999e-01	3.168912e-01	1.731704e-01	-6.188072e-02	-1.642876e-02	7.322165e-03
173	1.380613e+05	2.162501e+02	6.592414e+00	8.094637e-01	-7.002677e-05	3.575951e-01	3.161007e-01	1.736401e-01	-6.144427e-02	-1.739093e-02	7.920365e-03
174	5.938598e+03	2.187500e+02	6.649873e+00	7.850003e-01	5.856322e-04	3.595744e-01	3.176114e-01	1.702853e-01	-6.327667e-02	-1.568409e-02	7.170185e-03
175	1.380614e+05	2.187506e+02	6.650579e+00	7.857029e-01	1.794332e-05	3.579473e-01	3.169266e-01	1.704961e-01	-6.321552e-02	-1.658811e-02	7.766135e-03
176	5.938597e+03	2.212500e+02	6.708831e+00	7.602075e-01	4.096392e-04	3.586223e-01	3.173137e-01	1.668092e-01	-6.492499e-02	-1.512874e-02	7.197438e-03
177	1.380615e+05	2.212498e+02	6.709816e+00	7.613068e-01	-5.628525e-05	3.576700e-01	3.167361e-01	1.670343e-01	-6.496119e-02	-1.585059e-02	7.539634e-03
178	5.938597e+03	2.237499e+02	6.766144e+00	7.357346e-01	5.078373e-04	3.575867e-01	3.167624e-01	1.631583e-01	-6.711139e-02	-1.451681e-02	7.367291e-03
179	1.380615e+05	2.237498e+02	6.767193e+00	7.369512e-01	2.184620e-06	3.574882e-01	3.160896e-01	1.636990e-01	-6.702622e-02	-1.506618e-02	7.355501e-03
180	5.938596e+03	2.262499e+02	6.822304e+00	7.127094e-01	5.241068e-04	3.574070e-01	3.139833e-01	1.593602e-01	-6.895453e-02	-1.387644e-02	7.272794e-03
181	1.380612e+05	2.262505e+02	6.823342e+00	7.132041e-01	-4.337196e-05	3.572009e-01	3.147328e-01	1.603468e-01	-6.900761e-02	-1.429402e-02	7.118451e-03
182	5.938595e+03	2.287500e+02	6.875753e+00	6.903687e-01	5.241435e-04	3.574850e-01	3.098715e-01	1.555260e-01	-7.005069e-02	-1.305762e-02	7.045819e-03
183	1.380613e+05	2.287500e+02	6.877438e+00	6.897615e-01	-1.169433e-05	3.568539e-01	3.130722e-01	1.567232e-01	-7.040086e-02	-1.354240e-02	6.906457e-03
184	5.938595e+03	2.312502e+02	6.928530e+00	6.664110e-01	5.283343e-04	3.607335e-01	3.068601e-01	1.513688e-01	-7.187711e-02	-1.214572e-02	6.717927e-03
185	1.380612e+05	2.312502e+02	6.930495e+00	6.654891e-01	-3.133610e-05	3.591196e-01	3.101928e-01	1.524298e-01	-7.176850e-02	-1.274649e-02	6.641057e-03
186	5.938615e+03	2.337499e+02	6.982731e+00	6.401984e-01	3.878175e-04	3.648247e-01	3.047074e-01	1.472497e-01	-7.463170e-02	-1.129017e-02	6.342066e-03
187	1.380612e+05	2.337496e+02	6.985327e+00	6.392304e-01	-1.039669e-05	3.627839e-01	3.065379e-01	1.477119e-01	-7.406157e-02	-1.195949e-02	6.380737e-03
188	5.938595e+03	2.362501e+02	7.038239e+00	6.119457e-01	1.886532e-04	3.692718e-01	3.026110e-01	1.427446e-01	-7.752761e-02	-1.056454e-02	5.798295e-03
189	1.380612e+05	2.362506e+02	7.041787e+00	6.105132e-01	-2.086231e-05	3.673294e-01	3.037128e-01	1.427263e-01	-7.706357e-02	-1.115599e-02	6.072592e-03
190	5.938596e+03	2.387498e+02	7.095466e+00	5.820915e-01	-1.962140e-04	3.740240e-01	3.003295e-01	1.380943e-01	-8.004608e-02	-9.814533e-03	5.439479e-03
191	1.380613e+05	2.387493e+02	7.098742e+00	5.797893e-01	1.823816e-05	3.715684e-01	3.013157e-01	1.378877e-01	-7.973322e-02	-1.038398e-02	5.780917e-03
192	5.938595e+03	2.412500e+02	7.154597e+00	5.512220e-01	-4.297502e-04	3.774337e-01	2.985117e-01	1.328945e-01	-8.246078e-02	-9.029076e-03	5.111049e-03
193	1.380613e+05	2.412507e+02	7.155853e+00	5.484644e-01	-2.924826e-06	3.754712e-01	2.989661e-01	1.330020e-01	-8.229095e-02	-9.559406e-03	5.469833e-03
194	5.938594e+03	2.437500e+02	7.216815e+00	5.179194e-01	-4.398223e-04	3.767670e-01	2.957073e-01	1.277187e-01	-8.378544e-02	-8.274531e-03	4.818713e-03
195	1.380613e+05	2.437507e+02	7.216561e+00	5.161685e-01	3.360118e-05	3.772402e-01	2.964477e-01	1.282183e-01	-8.429328e-02	-8.732745e-03	5.120553e-03
196	5.938596e+03	2.462500e+02	7.278615e+00	4.833333e-01	-5.113435e-04	3.731407e-01	2.917073e-01	1.225647e-01	-8.331226e-02	-7.488995e-03	4.460550e-03
197	1.380612e+05	2.462502e+02	7.277287e+00	4.827155e-01	9.900531e-07	3.761719e-01	2.937723e-01	1.236335e-01	-8.512175e-02	-7.946563e-03	4.774688e-03
198	5.938597e+03	2.487500e+02	7.341172e+00	4.488843e-01	-4.531154e-04	3.684585e-01	2.877868e-01	1.174096e-01	-8.257062e-02	-6.671333e-03	4.024871e-03
199	1.380613e+05	2.487505e+02	7.337400e+00	4.480608e-01	5.303749e-05	3.718951e-01	2.905357e-01	1.188831e-01	-8.472726e-02	-7.123988e-03	4.406945e-03
200	5.938596e+03	2.512498e+02	7.399272e+00	4.157024e-01	-5.425534e-04	3.603354e-01	2.834951e-01	1.123819e-01	-8.111918e-02	-5.952722e-03	3.607266e-03
201	1.380613e+05	2.512499e+02	7.395056e+00	4.141047e-01	-8.748340e-06	3.646436e-01	2.865763e-01	1.139890e-01	-8.308650e-02	-6.386576e-03	4.049314e-03
202	5.938597e+03	2.537499e+02	7.453023e+00	3.834794e-01	-4.785937e-04	3.507693e-01	2.792567e-01	1.076231e-01	-7.928489e-02	-5.196143e-03	3.158625e-03
203	1.380613e+05	2.537511e+02	7.448893e+00	3.819174e-01	5.014822e-05	3.545147e-01	2.818088e-01	1.092623e-01	-8.064575e-02	-5.681113e-03	3.695438e-03
204	5.938612e+03	2.562502e+02	7.504466e+00	3.502393e-01	-6.932431e-04	3.384193e-01	2.714163e-01	1.030362e-01	-7.529272e-02	-4.454929e-03	2.777084e-03
205	1.380611e+05	2.562503e+02	7.500159e+00	3.491734e-01	6.817100e-06	3.417513e-01	2.737399e-01	1.044862e-01	-7.632425e-02	-4.972939e-03	3.320154e-03
206	5.938595e+03	2.587500e+02	7.551990e+00	3.159163e-01	-7.711655e-04	3.228970e-01	2.596520e-01	9.838349e-02	-6.894377e-02	-3.917127e-03	2.466711e-03
207	1.380612e+05	2.587502e+02	7.549210e+00	3.156566e-01	5.282415e-05	3.257852e-01	2.619442e-01	9.983368e-02	-6.997387e-02	-4.351963e-03	2.962779e-03
208	5.938596e+03	2.612500e+02	7.595549e+00	2.844952e-01	-7.473959e-04	3.041335e-01	2.469786e-01	9.398279e-02	-6.174220e-02	-3.507743e-03	2.318355e-03
209	1.380611e+05	2.612510e+02	7.595868e+00	2.845229e-01	2.002929e-05	3.061488e-01	2.488083e-01	9.514640e-02	-6.248816e-02	-3.756471e-03	2.621402e-03
210	5.938595e+03	2.637499e+02	7.639012e+00	2.558025e-01	-6.561443e-04	2.835891e-01	2.332944e-01	8.957338e-02	-5.437450e-02	-3.067769e-03	2.073524e-03
211	1.380611e+05	2.637500e+02	7.640628e+00	2.553866e-01	5.280246e-05	2.838169e-01	2.346248e-01	9.067971e-02	-5.462917e-02	-3.224024e-03	2.278646e-03
212	5.938596e+03	2.662500e+02	7.683365e+00	2.269310e-01	-5.308943e-04	2.617518e-01	2.180597e-01	8.560911e-02	-4.702957e-02	-2.653870e-03	1.864525e-03
213	1.380614e+05	2.662498e+02	7.683735e+00	2.275498e-01	1.675202e-06	2.604462e-01	2.184906e-01	8.659813e-02	-4.683009e-02	-2.756618e-03	1.967850e-03
214	5.938595e+03	2.687500e+02	7.726378e+00	2.008429e-01	-2.942539e-04	2.373675e-01	2.016734e-01	8.205210e-02	-3.950317e-02	-2.353549e-03	1.766453e-03
215	1.380615e+05	2.687503e+02	7.724746e+00	2.023561e-01	4.077573e-05	2.366454e-01	2.018890e-01	8.265676e-02	-3.928480e-02	-2.321153e-03	1.678445e-03
216	5.938595e+03	2.712501e+02	7.764804e+00	1.762149e-01	-2.111310e-04	2.132265e-01	1.836975e-01	7.830958e-02	-3.216147e-02	-2.004885e-03	1.617547e-03
217	1.380613e+05	2.712495e+02	7.763494e+00	1.781315e-01	-2.270706e-05	2.121658e-01	1.832551e-01	7.863003e-02	-3.176562e-02	-1.911698e-03	1.383865e-03
218	5.938596e+03	2.737500e+02	7.799763e+00	1.528775e-01	-1.004197e-04	1.896292e-01	1.635987e-01	7.445151e-02	-2.526888e-02	-1.706663e-03	1.417218e-03
219	1.380615e+05	2.737493e+02	7.799947e+00	1.538427e-01	3.988502e-05	1.869968e-01	1.619671e-01	7.450243e-02	-2.442142e-02	-1.555456e-03	1.134241e-03
220	5.938596e+03	2.762501e+02	7.831456e+00	1.318904e-01	-9.108968e-05	1.662644e-01	1.438695e-01	7.073013e-02	-1.898148e-02	-1.404716e-03	1.211475e-03
221	1.380616e+05	2.762496e+02	7.833496e+00	1.319683e-01	-2.769716e-05	1.614370e-01	1.410906e-01	7.052007e-02	-1.785732e-02	-1.220616e-03	8.913933e-04
222	5.938596e+03	2.787499e+02	7.860494e+00	1.120398e-01	-4.670620e-05	1.404602e-01	1.232519e-01	6.695026e-02	-1.330300e-02	-1.058102e-03	9.996938e-04
223	1.380616e+05	2.787505e+02	7.863613e+00	1.116197e-01	3.765601e-05	1.354442e-01	1.196580e-01	6.667654e-02	-1.218745e-02	-9.428395e-04	6.762667e-04
224	5.938596e+03	2.812499e+02	7.885897e+00	9.397272e-02	-2.295361e-04	1.155807e-01	1.031350e-01	6.327235e-02	-8.549954e-03	-7.878093e-04	7.560144e-04
225	1.380616e+05	2.812490e+02	7.889000e+00	9.292801e-02	-1.616105e-05	1.108619e-01	9.930798e-02	6.308348e-02	-7.747485e-03	-7.048348e-04	4.973755e-04
226	5.938597e+03	2.837501e+02	7.905635e+00	7.814119e-02	-2.455582e-04	9.386306e-02	8.537455e-02	5.980442e-02	-5.279665e-03	-5.792039e-04	5.438346e-04
227	1.380617e+05	2.837499e+02	7.908703e+00	7.710537e-02	4.907987e-05	8.875016e-02	8.142761e-02	5.972802e-02	-4.659526e-03	-5.190732e-04	3.495798e-04
228	5.938597e+03	2.862499e+02	7.919804e+00	6.579513e-02	-3.115291e-04	7.519762e-02	7.088932e-02	5.679295e-02	-3.203270e-03	-4.050922e-04	3.571599e-04
229	1.380617e+05	2.862486e+02	7.922349e+00	6.500282e-02	-1.278441e-05	7.125080e-02	6.694200e-02	5.637338e-02	-2.713367e-03	-3.677794e-04	2.344924e-04
230	5.938596e+03	2.887500e+02	7.929627e+00	5.684676e-02	-1.230887e-04	6.095299e-02	5.875354e-02	5.359655e-02	-1.906018e-03	-2.640667e-04	2.423593e-04
231	1.380616e+05	2.887515e+02	7.931791e+00	5.633819e-02	3.924669e-05	5.757933e-02	5.539740e-02	5.304998e-02	-1.513200e-03	-2.479895e-04	1.418718e-04
232	5.938596e+03	2.912500e+02	7.936171e+00	5.147855e-02	-1.247671e-05	4.761366e-02	4.883102e-02	5.078473e-02	-1.014340e-03	-1.628947e-04	1.404565e-04
233	1.380615e+05	2.912487e+02	7.938028e+00	5.061855e-02	-2.871461e-05	4.591459e-02	4.631368e-02	4.994284e-02	-7.765268e-04	-1.601763e-04	7.076006e-05
234	5.938596e+03	2.937500e+02	7.940381e+00	4.827357e-02	1.863602e-04	3.671502e-02	4.060679e-02	4.798341e-02	-4.369156e-04	-8.971333e-05	5.311331e-05
235	1.380615e+05	2.937512e+02	7.941881e+00	4.732432e-02	2.473572e-05	3.653810e-02	3.954992e-02	4.703161e-02	-3.579292e-04	-9.503716e-05	1.846157e-05
236	5.938597e+03	2.962499e+02	7.943251e+00	4.641788e-02	2.556083e-04	3.091108e-02	3.472685e-02	4.529484e-02	-1.929197e-04	-6.220065e-05	1.264225e-05
237	1.380615e+05	2.962486e+02	7.944202e+00	4.584263e-02	-4.078546e-05	3.039332e-02	3.476095e-02	4.435401e-02	-1.749449e-04	-5.064290e-05	-1.858925e-05
238	5.938596e+03	2.987500e+02	7.945279e+00	4.591172e-02	3.573097e-04	2.865282e-02	3.103811e-02	4.273765e-02	-1.336722e-04	-6.120185e-05	-1.931558e-06
239	1.380614e+05	2.987498e+02	7.945412e+00	4.568355e-02	1.766555e-05	2.727186e-02	3.145266e-02	4.194894e-02	-1.155011e-04	-2.201364e-05	-4.464838e-05
240	5.938597e+03	3.012499e+02	7.946123e+00	4.645694e-02	2.568932e-04	2.733120e-02	2.882251e-02	4.067705e-02	-1.262114e-04	-6.224257e-05	-1.837629e-05
241	1.380614e+05	3.012496e+02	7.945682e+00	4.636316e-02	-4.276929e-05	2.548023e-02	2.932673e-02	3.992980e-02	-1.023129e-04	-1.055362e-05	-5.990305e-05
242	5.938636e+03	3.037499e+02	7.945860e+00	4.750708e-02	1.802911e-04	2.601194e-02	2.723775e-02	3.892114e-02	-1.184591e-04	-6.407849e-05	-2.847899e-05
243	1.380614e+05	3.037499e+02	7.945176e+00	4.751701e-02	2.492494e-05	2.413318e-02	2.801833e-02	3.828094e-02	-9.621802e-05	-5.215177e-06	-6.752305e-05
244	5.938598e+03	3.062500e+02	7.944844e+00	4.861302e-02	-4.292402e-05	2.435945e-02	2.601670e-02	3.761271e-02	-9.945106e-05	-5.750322e-05	-4.233542e-05
245	1.380615e+05	3.062504e+02	7.944215e+00	4.886790e-02	-3.052028e-05	2.292973e-02	2.726404e-02	3.698026e-02	-8.851412e-05	-3.665050e-06	-7.083634e-05
246	5.938598e+03	3.087499e+02	7.943940e+00	4.991270e-02	-9.676362e-05	2.286574e-02	2.514464e-02	3.655846e-02	-8.243490e-05	-5.273447e-05	-4.408675e-05
247	1.380615e+05	3.087487e+02	7.943446e+00	5.028617e-02	3.771692e-05	2.192157e-02	2.684935e-02	3.597831e-02	-7.874634e-05	-1.590698e-06	-7.171345e-05
248	5.938598e+03	3.112500e+02	7.943446e+00	5.086111e-02	-2.469551e-04	2.185859e-02	2.450223e-02	3.582188e-02	-6.385830e-05	-4.655298e-05	-4.593961e-05
249	1.380615e+05	3.112509e+02	7.943264e+00	5.120422e-02	-2.380299e-05	2.125909e-02	2.657418e-02	3.524220e-02	-6.469537e-05	-6.264388e-07	-7.237591e-05
250	5.938598e+03	3.137498e+02	7.943489e+00	5.091036e-02	-2.119739e-04	2.147253e-02	2.395982e-02	3.527552e-02	-4.682945e-05	-4.653016e-05	-4.112049e-05
251	1.380616e+05	3.137498e+02	7.943539e+00	5.117140e-02	4.573807e-05	2.090289e-02	2.640994e-02	3.473063e-02	-5.095611e-05	-4.993607e-07	-7.273051e-05
252	5.938598e+03	3.162498e+02	7.943987e+00	5.016303e-02	-2.919510e-04	2.133540e-02	2.364689e-02	3.494253e-02	-3.170490e-05	-4.657793e-05	-3.912644e-05
253	1.380616e+05	3.162498e+02	7.944221e+00	5.025827e-02	-2.482817e-05	2.075221e-02	2.641942e-02	3.442204e-02	-3.877369e-05	-1.970042e-06	-7.489634e-05
254	5.938597e+03	3.187498e+02	7.945010e+00	4.857268e-02	-1.944100e-04	2.107787e-02	2.371929e-02	3.477609e-02	-1.889578e-05	-4.374246e-05	-3.824084e-05
255	1.380616e+05	3.187497e+02	7.945299e+00	4.883089e-02	4.690347e-05	2.055478e-02	2.658122e-02	3.428186e-02	-3.019896e-05	-3.851468e-06	-7.736923e-05
256	5.938598e+03	3.212499e+02	7.946713e+00	4.669033e-02	-2.608367e-04	2.055672e-02	2.435534e-02	3.474464e-02	-1.328358e-05	-3.959060e-05	-4.480392e-05
257	1.380615e+05	3.212493e+02	7.946986e+00	4.750993e-02	-2.908475e-05	2.015792e-02	2.688015e-02	3.428113e-02	-2.756388e-05	-5.851594e-06	-8.037948e-05
258	5.938598e+03	3.237499e+02	7.949144e+00	4.574955e-02	-2.487790e-04	1.964113e-02	2.519580e-02	3.489037e-02	-1.459512e-05	-3.443365e-05	-5.637005e-05
259	1.380615e+05	3.237493e+02	7.949308e+00	4.716359e-02	5.240587e-05	1.952120e-02	2.728218e-02	3.439499e-02	-3.063059e-05	-6.056076e-06	-8.188829e-05
260	5.938598e+03	3.262500e+02	7.951963e+00	4.652011e-02	-5.002628e-04	1.896601e-02	2.615757e-02	3.512542e-02	-1.201694e-05	-2.715782e-05	-7.447503e-05
261	1.380616e+05	3.262504e+02	7.952033e+00	4.836439e-02	-2.157913e-05	1.904231e-02	2.790476e-02	3.458975e-02	-2.660357e-05	-6.243187e-06	-8.374538e-05
262	5.938597e+03	3.287499e+02	7.954998e+00	4.912268e-02	-6.298491e-04	1.905324e-02	2.720628e-02	3.543488e-02	-2.347241e-06	-1.818695e-05	-9.553278e-05
263	1.380616e+05	3.287492e+02	7.954879e+00	5.129919e-02	7.265437e-05	1.901754e-02	2.862038e-02	3.484739e-02	-8.590854e-06	-6.897474e-06	-8.466358e-05
264	5.938596e+03	3.312500e+02	7.957973e+00	5.322769e-02	-8.886004e-04	2.006696e-02	2.801738e-02	3.576715e-02	7.210207e-06	-1.015907e-05	-1.175659e-04
265	1.380616e+05	3.312495e+02	7.957651e+00	5.542187e-02	-9.254514e-06	1.941142e-02	2.894310e-02	3.512570e-02	7.047488e-06	-8.298097e-06	-8.628374e-05
266	5.938597e+03	3.337500e+02	7.960350e+00	5.773283e-02	-9.076020e-04	2.117991e-02	2.787115e-02	3.612362e-02	5.753730e-06	-9.233289e-06	-1.388034e-04
267	1.380616e+05	3.337473e+02	7.960169e+00	5.955739e-02	8.847057e-05	1.999372e-02	2.845527e-02	3.539286e-02	7.557147e-07	-9.860173e-06	-8.834177e-05
268	5.938596e+03	3.362500e+02	7.962016e+00	6.094320e-02	-1.005044e-03	2.157646e-02	2.677639e-02	3.642855e-02	-8.505893e-06	-7.603856e-06	-1.576336e-04
269	1.380616e+05	3.362498e+02	7.961832e+00	6.254239e-02	-8.109354e-06	2.029179e-02	2.723452e-02	3.558399e-02	-2.009044e-05	-1.261646e-05	-9.157447e-05
270	5.938597e+03	3.387500e+02	7.962882e+00	6.169728e-02	-8.003243e-04	2.168182e-02	2.567093e-02	3.666702e-02	-3.058599e-05	-6.999181e-06	-1.671842e-04
271	1.380615e+05	3.387489e+02	7.962545e+00	6.331129e-02	8.804204e-05	2.035185e-02	2.614134e-02	3.567455e-02	-4.187578e-05	-1.609044e-05	-9.506058e-05
272	5.938596e+03	3.412500e+02	7.962866e+00	5.995795e-02	-7.239293e-04	2.154846e-02	2.510402e-02	3.681795e-02	-4.963490e-05	-7.154578e-06	-1.664725e-04
273	1.380615e+05	3.412494e+02	7.962393e+00	6.153376e-02	-2.595145e-05	1.999635e-02	2.560007e-02	3.564977e-02	-4.856331e-05	-1.938174e-05	-9.731165e-05
274	5.938596e+03	3.437501e+02	7.961735e+00	5.614012e-02	-3.915990e-04	2.099654e-02	2.470488e-02	3.692475e-02	-5.208562e-05	-9.850057e-06	-1.567582e-04
275	1.380615e+05	3.437505e+02	7.961361e+00	5.754785e-02	7.637819e-05	1.906566e-02	2.514834e-02	3.552936e-02	-3.244419e-05	-2.091634e-05	-9.755699e-05
276	5.938596e+03	3.462500e+02	7.959551e+00	5.101240e-02	-3.028154e-04	1.997110e-02	2.393537e-02	3.695548e-02	-3.315488e-05	-1.303667e-05	-1.473062e-04
277	1.380616e+05	3.462491e+02	7.959397e+00	5.210048e-02	-4.967265e-05	1.767012e-02	2.425835e-02	3.531506e-02	-6.569417e-06	-2.111390e-05	-9.555587e-05
278	5.938596e+03	3.487500e+02	7.956331e+00	4.566288e-02	-1.649100e-06	1.856157e-02	2.269435e-02	3.694921e-02	-1.123943e-05	-1.727326e-05	-1.426753e-04
279	1.380616e+05	3.487495e+02	7.956344e+00	4.652645e-02	6.544625e-05	1.614030e-02	2.301198e-02	3.507308e-02	6.538189e-06	-2.005771e-05	-9.201655e-05
280	5.938596e+03	3.512502e+02	7.952256e+00	4.071334e-02	-6.191254e-05	1.732832e-02	2.138237e-02	3.686955e-02	-9.511338e-06	-1.721000e-05	-1.431178e-04
281	1.380616e+05	3.512490e+02	7.952380e+00	4.133245e-02	-6.643267e-05	1.510283e-02	2.163770e-02	3.477987e-02	-1.467087e-06	-1.843831e-05	-8.741950e-05
282	5.938597e+03	3.537498e+02	7.947689e+00	3.632232e-02	6.449060e-05	1.691570e-02	2.016247e-02	3.678404e-02	-2.232725e-05	-1.761458e-05	-1.450945e-04
283	1.380616e+05	3.537517e+02	7.948092e+00	3.657134e-02	6.984285e-05	1.476381e-02	2.039544e-02	3.447636e-02	-1.211266e-05	-1.890596e-05	-8.055435e-05
284	5.938596e+03	3.562502e+02	7.942701e+00	3.234305e-02	-1.272058e-04	1.680696e-02	1.892447e-02	3.661148e-02	-2.721053e-05	-1.700880e-05	-1.436981e-04
285	1.380617e+05	3.562477e+02	7.943791e+00	3.217031e-02	-7.078942e-05	1.468897e-02	1.958652e-02	3.413311e-02	-1.035579e-05	-1.917998e-05	-7.238438e-05
286	5.938630e+03	3.587501e+02	7.938046e+00	2.838304e-02	-1.960015e-05	1.628034e-02	1.800204e-02	3.644319e-02	-2.118510e-05	-1.597508e-05	-1.404850e-04
287	1.380618e+05	3.587507e+02	7.939713e+00	2.796411e-02	8.178427e-05	1.463602e-02	1.938538e-02	3.380569e-02	-1.798505e-06	-1.802498e-05	-6.375446e-05
288	5.938596e+03	3.612500e+02	7.934218e+00	2.410111e-02	-1.998051e-04	1.568743e-02	1.799509e-02	3.621363e-02	-7.898467e-06	-1.450668e-05	-1.374869e-04
289	1.380618e+05	3.612485e+02	7.935751e+00	2.384950e-02	-7.616233e-05	1.461419e-02	1.974101e-02	3.345430e-02	1.113251e-05	-1.623536e-05	-5.571726e-05
290	5.938596e+03	3.637501e+02	7.930594e+00	1.945532e-02	-1.568549e-06	1.538336e-02	1.904396e-02	3.596750e-02	5.453623e-06	-1.445295e-05	-1.348779e-04
291	1.380619e+05	3.637502e+02	7.931603e+00	1.950750e-02	8.958823e-05	1.461460e-02	2.037093e-02	3.310316e-02	2.665335e-05	-1.479090e-05	-4.804914e-05
292	5.938597e+03	3.662501e+02	7.926918e+00	1.372842e-02	-4.439529e-05	1.524296e-02	2.119897e-02	3.560218e-02	2.563411e-05	-1.653222e-05	-1.373420e-04
293	1.380619e+05	3.662477e+02	7.927302e+00	1.458539e-02	-9.286723e-05	1.448504e-02	2.122812e-02	3.266743e-02	4.303280e-05	-1.374488e-05	-4.178528e-05
294	5.938597e+03	3.687500e+02	7.922824e+00	7.377174e-03	3.182101e-04	1.485283e-02	2.304970e-02	3.516165e-02	5.174636e-05	-2.112085e-05	-1.350564e-04
295	1.380619e+05	3.687485e+02	7.923014e+00	8.859905e-03	8.577960e-05	1.409282e-02	2.232267e-02	3.219629e-02	5.667692e-05	-1.470543e-05	-3.948770e-05
296	5.938597e+03	3.712499e+02	7.918445e+00	1.332305e-03	2.197716e-04	1.414445e-02	2.365012e-02	3.461310e-02	6.483638e-05	-2.442565e-05	-1.239491e-04
297	1.380620e+05	3.712472e+02	7.918843e+00	2.367076e-03	-1.144617e-04	1.354735e-02	2.325446e-02	3.165434e-02	6.348655e-05	-1.682249e-05	-3.920580e-05
298	5.938597e+03	3.737501e+02	7.914247e+00	-3.625853e-03	4.072049e-04	1.339774e-02	2.385424e-02	3.412028e-02	6.305727e-05	-2.587869e-05	-1.150880e-04
299	1.380620e+05	3.737493e+02	7.914953e+00	-3.797597e-03	9.302914e-05	1.332297e-02	2.376315e-02	3.117077e-02	6.276486e-05	-2.040665e-05	-3.821918e-05
300	5.938597e+03	3.762500e+02	7.910863e+00	-7.521913e-03	8.880770e-05	1.275208e-02	2.403758e-02	3.365565e-02	5.259422e-05	-2.456398e-05	-1.108182e-04
301	1.380619e+05	3.762487e+02	7.911482e+00	-8.866777e-03	-1.208835e-04	1.327005e-02	2.402631e-02	3.073011e-02	5.760905e-05	-2.282150e-05	-3.824670e-05
302	5.938596e+03	3.787499e+02	7.908618e+00	-1.100335e-02	2.201895e-04	1.253202e-02	2.380918e-02	3.326932e-02	4.492170e-05	-2.244933e-05	-1.061969e-04
303	1.380620e+05	3.787481e+02	7.908579e+00	-1.323331e-02	1.138101e-04	1.327507e-02	2.386546e-02	3.039489e-02	5.177941e-05	-2.484523e-05	-3.911040e-05
304	5.938597e+03	3.812501e+02	7.907546e+00	-1.419637e-02	-1.096531e-04	1.275147e-02	2.329091e-02	3.291297e-02	4.655198e-05	-2.249235e-05	-1.018729e-04
305	1.380619e+05	3.812486e+02	7.906526e+00	-1.681775e-02	-1.250137e-04	1.338211e-02	2.326821e-02	3.012112e-02	4.556281e-05	-2.570723e-05	-4.024790e-05
306	5.938597e+03	3.837501e+02	7.907471e+00	-1.717673e-02	1.247051e-04	1.312776e-02	2.278794e-02	3.266099e-02	5.392722e-05	-2.400057e-05	-1.007667e-04
307	1.380619e+05	3.837478e+02	7.905402e+00	-1.959000e-02	1.324357e-04	1.348655e-02	2.265927e-02	2.997968e-02	3.928556e-05	-2.574774e-05	-3.965103e-05
308	5.938596e+03	3.862502e+02	7.907678e+00	-1.934529e-02	-1.065636e-04	1.345114e-02	2.252615e-02	3.243754e-02	5.600067e-05	-2.721321e-05	-1.000737e-04
309	1.380618e+05	3.862494e+02	7.905152e+00	-2.105251e-02	-1.393748e-04	1.362840e-02	2.243328e-02	2.988989e-02	3.376635e-05	-2.526372e-05	-3.700992e-05
310	5.938597e+03	3.887501e+02	7.907605e+00	-1.975130e-02	2.316012e-04	1.347437e-02	2.297238e-02	3.230509e-02	3.857058e-05	-2.766524e-05	-9.959559e-05
311	1.380618e+05	3.887480e+02	7.905542e+00	-2.074433e-02	1.417845e-04	1.368711e-02	2.289701e-02	2.991039e-02	2.568438e-05	-2.312403e-05	-3.109176e-05
312	5.938599e+03	3.912498e+02	7.907629e+00	-1.845468e-02	-1.659327e-05	1.318197e-02	2.367473e-02	3.218821e-02	1.794891e-05	-2.583529e-05	-1.017743e-04
313	1.380617e+05	3.912499e+02	7.906476e+00	-1.878736e-02	-1.593103e-04	1.350787e-02	2.367159e-02	2.992838e-02	1.419486e-05	-1.952137e-05	-2.563263e-05
314	5.938599e+03	3.937499e+02	7.907791e+00	-1.611662e-02	3.451143e-04	1.244701e-02	2.381075e-02	3.212205e-02	6.970285e-06	-2.272318e-05	-1.023178e-04
315	1.380617e+05	3.937482e+02	7.907672e+00	-1.599877e-02	1.533905e-04	1.285689e-02	2.415333e-02	2.996564e-02	2.822416e-06	-1.557637e-05	-1.935291e-05
316	5.938599e+03	3.962500e+02	7.907872e+00	-1.309336e-02	3.204964e-05	1.185686e-02	2.316750e-02	3.197436e-02	7.827878e-06	-2.005304e-05	-1.013397e-04
317	1.380616e+05	3.962497e+02	7.908601e+00	-1.281048e-02	-1.789605e-04	1.204748e-02	2.399717e-02	2.986445e-02	-6.179311e-06	-1.366849e-05	-1.392157e-05
318	5.938599e+03	3.987497e+02	7.907404e+00	-9.772586e-03	3.406570e-04	1.173279e-02	2.182716e-02	3.176839e-02	1.125861e-05	-1.812324e-05	-9.943023e-05
319	1.380618e+05	3.987491e+02	7.908735e+00	-9.349613e-03	1.718839e-04	1.154748e-02	2.319949e-02	2.969328e-02	-1.386296e-05	-1.277378e-05	-8.839764e-06
320	5.938599e+03	4.012500e+02	7.906319e+00	-6.361103e-03	-8.747030e-05	1.223982e-02	1.995841e-02	3.143104e-02	1.077739e-05	-1.535146e-05	-9.552160e-05
321	1.380618e+05	4.012502e+02	7.908233e+00	-5.721618e-03	-1.923160e-04	1.150360e-02	2.194774e-02	2.937501e-02	-2.006025e-05	-1.280563e-05	-4.717506e-06
322	5.938599e+03	4.037497e+02	7.904963e+00	-2.640228e-03	3.104629e-04	1.264705e-02	1.898780e-02	3.105903e-02	-2.920036e-06	-1.409387e-05	-9.037215e-05
323	1.380617e+05	4.037466e+02	7.907102e+00	-1.755431e-03	1.941122e-04	1.166604e-02	2.099552e-02	2.902242e-02	-2.696949e-05	-1.279014e-05	-3.482349e-07
324	5.938599e+03	4.062499e+02	7.903795e+00	1.369076e-03	-9.632130e-05	1.253296e-02	1.965508e-02	3.068163e-02	-1.674787e-05	-1.513016e-05	-8.321742e-05
325	1.380617e+05	4.062495e+02	7.905565e+00	2.280663e-03	-2.157435e-04	1.167391e-02	2.086222e-02	2.860141e-02	-2.951564e-05	-1.198046e-05	4.592704e-06
326	5.938599e+03	4.087497e+02	7.903077e+00	5.687905e-03	3.888716e-04	1.189474e-02	2.114117e-02	3.036301e-02	-2.846808e-05	-1.650940e-05	-7.397655e-05
327	1.380615e+05	4.087506e+02	7.904230e+00	6.130618e-03	2.152628e-04	1.148922e-02	2.144607e-02	2.824217e-02	-2.986601e-05	-9.540801e-06	9.577134e-06
328	5.938598e+03	4.112499e+02	7.903329e+00	9.665287e-03	-1.129748e-04	1.144285e-02	2.234756e-02	3.005224e-02	-2.937585e-05	-1.480059e-05	-6.514235e-05
329	1.380611e+05	4.112512e+02	7.903778e+00	9.598980e-03	-2.400952e-04	1.130207e-02	2.212218e-02	2.787966e-02	-2.898704e-05	-6.301932e-06	1.586416e-05
330	5.938636e+03	4.137499e+02	7.904490e+00	1.346828e-02	4.521877e-04	1.150500e-02	2.270355e-02	2.982072e-02	-2.214166e-05	-1.015632e-05	-5.642534e-05
331	1.380612e+05	4.137485e+02	7.904500e+00	1.264690e-02	2.400761e-04	1.131543e-02	2.233554e-02	2.761545e-02	-2.389270e-05	-3.467833e-06	1.836439e-05
332	2.390483e+03	4.162499e+02	7.906994e+00	1.680530e-02	-6.763819e-06	1.223709e-02	2.204319e-02	2.922258e-02	-2.189298e-05	-4.748698e-06	-3.758701e-05
333	1.416096e+05	4.162499e+02	7.906462e+00	1.538749e-02	-2.670269e-04	1.152660e-02	2.186751e-02	2.741619e-02	-1.819853e-05	-1.237387e-06	1.811402e-05
334	2.343621e+03	4.187498e+02	7.910595e+00	1.917292e-02	6.021353e-04	1.334748e-02	2.093827e-02	2.898403e-02	-2.810207e-05	-1.103667e-06	-3.108502e-05
335	1.416565e+05	4.187504e+02	7.909504e+00	1.735767e-02	2.713680e-04	1.203135e-02	2.068904e-02	2.722431e-02	-1.635419e-05	4.156124e-07	1.681488e-05
336	2.359240e+03	4.212498e+02	7.914433e+00	1.991109e-02	3.305493e-05	1.417664e-02	2.008477e-02	2.872794e-02	-3.725102e-05	-6.242681e-08	-2.440465e-05
337	1.416409e+05	4.212511e+02	7.912795e+00	1.840912e-02	-2.979799e-04	1.278476e-02	1.961999e-02	2.697340e-02	-1.946371e-05	1.886828e-06	1.674537e-05
338	2.359240e+03	4.237499e+02	7.917754e+00	1.949464e-02	7.107723e-04	1.469699e-02	1.962907e-02	2.847287e-02	-4.421607e-05	3.948528e-06	-1.807172e-05
339	1.416406e+05	4.237499e+02	7.915519e+00	1.863118e-02	3.017708e-04	1.359405e-02	1.911527e-02	2.674090e-02	-2.135381e-05	3.285003e-06	1.666787e-05
340	2.374863e+03	4.262498e+02	7.920342e+00	1.825157e-02	7.116816e-05	1.486289e-02	1.962650e-02	2.811648e-02	-4.328060e-05	9.007289e-06	-1.222107e-05
341	1.416253e+05	4.262498e+02	7.917397e+00	1.800815e-02	-3.323564e-04	1.413770e-02	1.911755e-02	2.641509e-02	-1.501810e-05	4.380266e-06	1.802584e-05
342	2.359240e+03	4.287500e+02	7.922749e+00	1.572595e-02	7.863820e-04	1.484212e-02	1.993432e-02	2.775179e-02	-2.270113e-05	8.851194e-06	-7.223799e-06
343	1.416408e+05	4.287498e+02	7.918330e+00	1.617827e-02	3.367942e-04	1.454283e-02	1.944648e-02	2.607390e-02	3.778286e-06	4.644356e-06	1.849377e-05
344	2.390483e+03	4.312498e+02	7.924155e+00	1.231941e-02	5.767493e-05	1.481737e-02	2.042443e-02	2.734134e-02	8.049038e-06	6.212621e-06	-4.824396e-06
345	1.416096e+05	4.312520e+02	7.918301e+00	1.329129e-02	-3.711110e-04	1.483656e-02	1.987619e-02	2.560449e-02	3.161369e-05	4.649073e-06	1.886901e-05
346	2.359240e+03	4.337497e+02	7.923851e+00	8.588545e-03	8.390638e-04	1.476262e-02	2.036285e-02	2.687571e-02	4.255398e-05	2.237618e-06	1.128539e-06
347	1.416407e+05	4.337487e+02	7.917217e+00	9.880816e-03	3.780048e-04	1.506064e-02	2.000801e-02	2.514632e-02	6.129013e-05	3.841279e-06	1.781420e-05
348	2.343622e+03	4.362498e+02	7.922761e+00	5.554018e-03	4.795734e-05	1.453416e-02	1.993565e-02	2.641664e-02	7.110419e-05	-1.359945e-06	5.957324e-06
349	1.416561e+05	4.362517e+02	7.915538e+00	6.970713e-03	-4.165564e-04	1.494123e-02	1.990517e-02	2.462553e-02	7.890899e-05	2.187618e-06	1.614826e-05
350	2.343621e+03	4.387500e+02	7.920465e+00	3.741230e-03	9.471405e-04	1.422769e-02	1.941517e-02	2.600069e-02	9.023698e-05	-5.943105e-06	1.075068e-05
351	1.416564e+05	4.387508e+02	7.913534e+00	4.990673e-03	4.256499e-04	1.432393e-02	1.975222e-02	2.417172e-02	8.325985e-05	9.054057e-08	1.260474e-05
352	2.343621e+03	4.412498e+02	7.917571e+00	3.311053e-03	8.356527e-06	1.396812e-02	1.882563e-02	2.556730e-02	8.840728e-05	-8.328429e-06	1.176196e-05
353	1.416569e+05	4.412481e+02	7.911641e+00	4.509666e-03	-4.666277e-04	1.371329e-02	1.937870e-02	2.371674e-02	7.551705e-05	-2.307691e-06	8.778694e-06
354	2.359240e+03	4.437499e+02	7.914642e+00	4.988807e-03	9.554307e-04	1.375125e-02	1.791147e-02	2.520193e-02	6.769472e-05	-1.140803e-05	1.143275e-05
355	1.416413e+05	4.437488e+02	7.910234e+00	5.997837e-03	4.758695e-04	1.332558e-02	1.872767e-02	2.338108e-02	6.060658e-05	-3.521904e-06	5.390130e-06
356	2.359239e+03	4.462499e+02	7.912866e+00	8.729131e-03	-9.402527e-05	1.323132e-02	1.708002e-02	2.480768e-02	4.504148e-05	-1.304909e-05	8.045336e-06
357	1.416412e+05	4.462468e+02	7.909982e+00	9.507054e-03	-5.183277e-04	1.291847e-02	1.811856e-02	2.303227e-02	4.507476e-05	-3.971732e-06	1.194697e-06
358	2.343621e+03	4.487498e+02	7.912142e+00	1.346603e-02	9.697129e-04	1.262926e-02	1.686141e-02	2.446814e-02	3.499774e-05	-1.380659e-05	1.095898e-05
359	1.416567e+05	4.487498e+02	7.910716e+00	1.414964e-02	5.331895e-04	1.251889e-02	1.793677e-02	2.274201e-02	3.203237e-05	-3.357673e-06	-1.878914e-06
360	2.343621e+03	4.512499e+02	7.912857e+00	1.804404e-02	-2.472420e-04	1.242474e-02	1.685178e-02	2.401472e-02	3.177847e-05	-1.604306e-05	1.208009e-05
361	1.416567e+05	4.512487e+02	7.912538e+00	1.854391e-02	-5.772069e-04	1.233386e-02	1.821535e-02	2.234401e-02	2.145920e-05	-4.085651e-06	-5.024740e-06
362	2.374864e+03	4.537499e+02	7.914567e+00	2.178583e-02	8.890305e-04	1.272698e-02	1.717118e-02	2.363866e-02	3.450926e-05	-1.870029e-05	1.603545e-05
363	1.416254e+05	4.537490e+02	7.914986e+00	2.205061e-02	6.026707e-04	1.239970e-02	1.873781e-02	2.197041e-02	1.789067e-05	-4.333487e-06	-5.888019e-06
364	2.359242e+03	4.562500e+02	7.917076e+00	2.438110e-02	-4.988644e-04	1.309072e-02	1.778420e-02	2.307952e-02	3.058467e-05	-2.029986e-05	1.693566e-05
365	1.416411e+05	4.562479e+02	7.917759e+00	2.428283e-02	-6.480635e-04	1.261936e-02	1.941776e-02	2.146232e-02	1.690644e-05	-5.524669e-06	-5.251572e-06
366	2.343621e+03	4.587500e+02	7.919785e+00	2.549393e-02	8.219538e-04	1.303466e-02	1.858267e-02	2.248395e-02	2.065956e-05	-1.900417e-05	1.942031e-05
367	1.416567e+05	4.587495e+02	7.920147e+00	2.512246e-02	6.894447e-04	1.258288e-02	2.018071e-02	2.097075e-02	1.611982e-05	-5.234834e-06	-3.546586e-06
368	2.343621e+03	4.612500e+02	7.922548e+00	2.538760e-02	-6.888770e-04	1.272903e-02	1.914416e-02	2.177775e-02	1.756017e-05	-1.533299e-05	1.930408e-05
369	1.416567e+05	4.612499e+02	7.922482e+00	2.469402e-02	-7.362727e-04	1.239371e-02	2.068721e-02	2.040046e-02	1.540230e-05	-4.900235e-06	-1.266910e-06
370	2.343621e+03	4.637498e+02	7.924760e+00	2.441619e-02	8.806916e-04	1.231832e-02	1.914253e-02	2.103543e-02	1.388098e-05	-1.190628e-05	2.194776e-05
371	1.416566e+05	4.637527e+02	7.924267e+00	2.344203e-02	7.825736e-04	1.200095e-02	2.064914e-02	1.988701e-02	1.119314e-05	-3.636392e-06	3.467278e-07
372	2.374864e+03	4.662499e+02	7.926338e+00	2.307364e-02	-8.120271e-04	1.202889e-02	1.897162e-02	2.034810e-02	1.411580e-05	-9.564796e-06	2.142122e-05
373	1.416254e+05	4.662487e+02	7.925413e+00	2.204602e-02	-8.356434e-04	1.146339e-02	2.016806e-02	1.933904e-02	8.464878e-06	-2.310033e-06	1.571049e-06
375	1.440002e+05	4.687475e+02	7.925506e+00	2.060515e-02	8.884526e-04	1.097282e-02	1.933182e-02	1.881149e-02	3.633540e-06	-1.090570e-06	1.302013e-06
377	1.440002e+05	4.712491e+02	7.925161e+00	1.928489e-02	-9.517203e-04	1.068878e-02	1.836064e-02	1.818863e-02	4.690143e-06	6.125148e-08	7.611775e-07
379	1.440002e+05	4.737516e+02	7.924241e+00	1.783042e-02	1.021840e-03	1.063467e-02	1.765118e-02	1.748664e-02	7.690699e-06	-2.029743e-07	3.558860e-07
381	1.440002e+05	4.762502e+02	7.923934e+00	1.662346e-02	-1.103662e-03	1.078920e-02	1.735846e-02	1.667633e-02	1.192978e-05	-4.686497e-07	-2.057341e-07
383	1.440001e+05	4.787498e+02	7.923604e+00	1.584914e-02	1.190728e-03	1.114383e-02	1.764146e-02	1.576151e-02	1.466904e-05	-1.476874e-06	1.069208e-07
385	1.440001e+05	4.812482e+02	7.923744e+00	1.573220e-02	-1.289066e-03	1.151740e-02	1.800801e-02	1.473369e-02	1.684419e-05	-2.279038e-06	-5.867746e-07
387	1.440001e+05	4.837504e+02	7.923693e+00	1.602006e-02	1.406404e-03	1.188139e-02	1.878099e-02	1.354990e-02	1.471159e-05	-3.225358e-06	-2.382466e-07
389	1.440001e+05	4.862506e+02	7.924031e+00	1.705975e-02	-1.539062e-03	1.215789e-02	1.953854e-02	1.211577e-02	1.012303e-05	-2.696150e-06	8.507820e-07
391	1.440001e+05	4.887508e+02	7.924317e+00	1.771055e-02	1.708859e-03	1.255252e-02	2.112748e-02	1.045199e-02	7.320034e-06	-1.679657e-06	-2.465226e-06
393	1.440001e+05	4.912490e+02	7.925069e+00	1.811776e-02	-1.900440e-03	1.275589e-02	2.215435e-02	8.406737e-03	5.912249e-06	-1.330986e-06	2.343531e-06
395	1.440001e+05	4.937481e+02	7.925127e+00	1.790803e-02	2.115757e-03	1.297954e-02	2.349383e-02	6.363505e-03	1.042096e-05	-7.034840e-07	-4.388233e-06
397	1.440001e+05	4.962494e+02	7.925431e+00	1.793886e-02	-2.370516e-03	1.290207e-02	2.388409e-02	4.066256e-03	1.018792e-05	-6.628518e-07	4.084106e-06
399	1.440001e+05	4.987483e+02	7.924827e+00	1.832485e-02	2.639633e-03	1.285330e-02	2.387634e-02	2.521338e-03	8.486180e-06	1.759173e-07	-4.095866e-06
