Time (s)	9.600000e+03	dt_sampled - EXTRA_TIME	3.600000e+03
 i	 Vol	 Z	 Uavg	 Vavg	 Wavg	 Urms	 Vrms	 Wrms	 UVmean	 UWmean	 VWmean
0	6.299841e+04	6.250091e-01	7.353658e-01	2.094080e-03	-9.116770e-02	9.296572e-01	9.282234e-01	2.671964e-01	-5.864640e-03	1.454289e-03	-1.304839e-04
1	6.299841e+04	1.875173e+00	1.079265e+00	4.250664e-03	3.929930e-02	8.555276e-01	8.167415e-01	4.465022e-01	-2.761134e-03	-3.136518e-02	-6.049876e-04
2	6.299841e+04	3.125400e+00	1.241783e+00	3.960023e-03	-2.335892e-02	8.323001e-01	7.799661e-01	5.352378e-01	-2.747301e-03	-4.615571e-02	-6.643558e-04
3	6.299841e+04	4.375069e+00	1.337746e+00	4.611935e-03	1.643521e-02	8.261634e-01	7.614667e-01	5.896664e-01	-3.482106e-03	-5.234198e-02	-6.491964e-04
4	6.299848e+04	5.625588e+00	1.399478e+00	5.952399e-03	-1.076631e-02	8.215803e-01	7.509693e-01	6.258814e-01	-3.298746e-03	-6.576668e-02	-4.636741e-04
5	6.299848e+04	6.875798e+00	1.442582e+00	7.224968e-03	7.608384e-03	8.190678e-01	7.454199e-01	6.509411e-01	-2.398116e-03	-7.399581e-02	-3.804849e-04
6	6.299851e+04	8.125542e+00	1.482640e+00	7.929981e-03	-5.347911e-03	8.180133e-01	7.431079e-01	6.732875e-01	-1.446062e-03	-8.881674e-02	-2.361828e-04
7	6.299850e+04	9.375190e+00	1.521080e+00	7.830543e-03	3.947397e-03	8.194352e-01	7.423871e-01	6.897916e-01	-2.962884e-04	-1.015070e-01	6.926667e-05
8	6.300080e+04	1.062495e+01	1.564364e+00	7.313154e-03	-2.932252e-03	8.240631e-01	7.430634e-01	7.055174e-01	4.227388e-04	-1.192324e-01	3.498437e-04
9	6.300080e+04	1.187444e+01	1.611095e+00	5.922578e-03	2.324062e-03	8.314095e-01	7.456166e-01	7.178565e-01	2.483854e-04	-1.373244e-01	7.565780e-04
10	6.300071e+04	1.312418e+01	1.667629e+00	4.106767e-03	-1.951151e-03	8.427908e-01	7.494844e-01	7.289500e-01	-4.302261e-04	-1.602067e-01	1.038706e-03
11	6.300113e+04	1.437415e+01	1.732723e+00	2.295362e-03	1.745247e-03	8.587204e-01	7.548358e-01	7.374364e-01	-1.515648e-03	-1.852296e-01	1.344912e-03
12	6.300076e+04	1.562402e+01	1.817079e+00	6.391260e-04	-1.909420e-03	8.789420e-01	7.604530e-01	7.431946e-01	-2.498670e-03	-2.148454e-01	1.321930e-03
13	6.300066e+04	1.687446e+01	1.917393e+00	-1.230346e-03	1.825258e-03	9.044523e-01	7.672852e-01	7.457116e-01	-3.666498e-03	-2.468530e-01	1.340654e-03
14	6.299325e+04	1.812432e+01	2.057558e+00	-2.939367e-03	-2.484433e-03	9.378552e-01	7.758690e-01	7.427204e-01	-4.973711e-03	-2.827443e-01	1.113565e-03
15	6.299300e+04	1.937633e+01	2.236207e+00	-4.620549e-03	2.055101e-03	9.823860e-01	7.886111e-01	7.378843e-01	-6.100454e-03	-3.164728e-01	1.030916e-03
16	7.200361e+04	2.062462e+01	2.396110e+00	-5.934744e-03	1.659240e-02	1.064374e+00	8.346240e-01	6.857213e-01	-1.001328e-02	-2.888887e-01	5.676796e-04
17	7.200321e+04	2.187835e+01	2.677975e+00	-9.354392e-03	-7.566643e-03	1.076692e+00	8.369796e-01	6.866314e-01	-1.084096e-02	-3.253482e-01	1.207473e-03
18	7.197987e+04	2.312083e+01	2.875731e+00	-1.221505e-02	5.670544e-03	1.065573e+00	8.346153e-01	6.863766e-01	-1.065506e-02	-3.151022e-01	1.226518e-03
19	7.197969e+04	2.437657e+01	3.042894e+00	-1.478207e-02	-4.188647e-03	1.052867e+00	8.301482e-01	6.907727e-01	-1.062025e-02	-3.204085e-01	1.435971e-03
20	7.197967e+04	2.561959e+01	3.183888e+00	-1.677326e-02	3.162542e-03	1.041970e+00	8.252168e-01	6.893973e-01	-1.023896e-02	-3.133150e-01	1.547568e-03
21	7.197979e+04	2.687571e+01	3.313425e+00	-1.770584e-02	-2.514268e-03	1.033656e+00	8.207471e-01	6.907769e-01	-9.862134e-03	-3.132001e-01	1.621027e-03
22	7.197970e+04	2.811882e+01	3.431937e+00	-1.777156e-02	1.967879e-03	1.026958e+00	8.163016e-01	6.888226e-01	-9.324931e-03	-3.076277e-01	1.639964e-03
23	7.198013e+04	2.937435e+01	3.543450e+00	-1.688327e-02	-1.592786e-03	1.021766e+00	8.118325e-01	6.883723e-01	-9.091500e-03	-3.057076e-01	1.673097e-03
24	7.198037e+04	3.061723e+01	3.648114e+00	-1.537424e-02	1.251548e-03	1.016599e+00	8.076845e-01	6.860680e-01	-9.638985e-03	-3.007070e-01	1.684822e-03
25	7.198065e+04	3.187208e+01	3.748801e+00	-1.367923e-02	-1.038967e-03	1.011720e+00	8.032429e-01	6.850011e-01	-1.090513e-02	-2.976513e-01	1.652314e-03
26	7.198070e+04	3.311946e+01	3.845608e+00	-1.228396e-02	8.137095e-04	1.007044e+00	7.990293e-01	6.828850e-01	-1.230187e-02	-2.926569e-01	1.671622e-03
27	7.198106e+04	3.436686e+01	3.939175e+00	-1.115825e-02	-6.912617e-04	1.002411e+00	7.947778e-01	6.814430e-01	-1.296271e-02	-2.888024e-01	1.619326e-03
28	7.198121e+04	3.561568e+01	4.028957e+00	-9.863653e-03	5.328254e-04	9.976568e-01	7.900766e-01	6.791265e-01	-1.316235e-02	-2.836117e-01	1.602759e-03
29	7.198105e+04	3.686962e+01	4.116109e+00	-8.462016e-03	-4.697616e-04	9.923720e-01	7.850876e-01	6.771576e-01	-1.262252e-02	-2.790216e-01	1.571380e-03
30	7.213562e+04	3.812094e+01	4.200721e+00	-7.183925e-03	3.670319e-04	9.870391e-01	7.805707e-01	6.746926e-01	-1.144624e-02	-2.736127e-01	1.587599e-03
31	7.213605e+04	3.937129e+01	4.282260e+00	-5.695215e-03	-3.267620e-04	9.813663e-01	7.759998e-01	6.724771e-01	-1.042227e-02	-2.685377e-01	1.623599e-03
32	7.200341e+04	4.062430e+01	4.361304e+00	-3.785206e-03	2.341330e-04	9.753872e-01	7.712181e-01	6.699211e-01	-9.654091e-03	-2.628596e-01	1.639651e-03
33	7.200330e+04	4.187168e+01	4.437583e+00	-1.733457e-03	-2.129202e-04	9.692498e-01	7.658288e-01	6.673548e-01	-9.156323e-03	-2.573488e-01	1.695342e-03
34	7.200296e+04	4.312790e+01	4.511642e+00	1.088252e-05	1.550143e-04	9.631295e-01	7.594299e-01	6.643585e-01	-8.714768e-03	-2.513643e-01	1.739061e-03
35	7.200295e+04	4.438206e+01	4.583956e+00	1.040825e-03	-1.445958e-04	9.571940e-01	7.523217e-01	6.613692e-01	-8.447399e-03	-2.455082e-01	1.841099e-03
36	7.200309e+04	4.562483e+01	4.654624e+00	1.817070e-03	9.303595e-05	9.510123e-01	7.455238e-01	6.581604e-01	-8.393283e-03	-2.393669e-01	1.939655e-03
37	7.200324e+04	4.687191e+01	4.723252e+00	2.302847e-03	-9.363962e-05	9.448529e-01	7.388855e-01	6.549661e-01	-8.471299e-03	-2.333308e-01	2.102898e-03
38	7.200378e+04	4.812636e+01	4.790162e+00	2.849671e-03	5.475522e-05	9.382897e-01	7.320919e-01	6.515705e-01	-8.657105e-03	-2.269851e-01	2.196305e-03
39	7.200376e+04	4.938316e+01	4.856108e+00	3.653485e-03	-5.910318e-05	9.312888e-01	7.248262e-01	6.482074e-01	-9.142356e-03	-2.206983e-01	2.303565e-03
40	7.200414e+04	5.062899e+01	4.920312e+00	4.437130e-03	2.750013e-05	9.238955e-01	7.173130e-01	6.447957e-01	-9.383093e-03	-2.142220e-01	2.334119e-03
41	7.200419e+04	5.187096e+01	4.983047e+00	4.705151e-03	-3.699215e-05	9.164339e-01	7.097910e-01	6.414002e-01	-9.886769e-03	-2.077342e-01	2.338682e-03
42	7.200458e+04	5.312433e+01	5.044005e+00	4.608667e-03	1.277005e-05	9.086399e-01	7.022044e-01	6.377650e-01	-1.068408e-02	-2.011571e-01	2.272337e-03
43	7.200457e+04	5.438137e+01	5.102749e+00	4.622183e-03	-1.524776e-05	9.006917e-01	6.947295e-01	6.339684e-01	-1.075006e-02	-1.945883e-01	2.212550e-03
44	7.200427e+04	5.563274e+01	5.159365e+00	4.415433e-03	-1.287762e-05	8.928372e-01	6.874141e-01	6.301315e-01	-1.093549e-02	-1.879598e-01	2.192291e-03
45	7.200415e+04	5.687240e+01	5.213874e+00	4.046777e-03	9.072664e-06	8.850894e-01	6.809222e-01	6.263341e-01	-1.109000e-02	-1.814910e-01	2.143174e-03
46	7.200428e+04	5.812349e+01	5.266245e+00	3.839650e-03	-3.310128e-05	8.777378e-01	6.751634e-01	6.226375e-01	-1.131180e-02	-1.750448e-01	2.084980e-03
47	7.200430e+04	5.938029e+01	5.316357e+00	3.790906e-03	2.680038e-05	8.705186e-01	6.696871e-01	6.190705e-01	-1.196593e-02	-1.687189e-01	1.987812e-03
48	7.200389e+04	6.063459e+01	5.363938e+00	3.677327e-03	-4.637199e-05	8.633910e-01	6.641813e-01	6.154026e-01	-1.281153e-02	-1.624733e-01	1.954149e-03
49	7.200379e+04	6.187809e+01	5.409344e+00	3.823248e-03	4.282100e-05	8.568155e-01	6.586893e-01	6.118628e-01	-1.393645e-02	-1.564085e-01	1.866975e-03
50	7.200360e+04	6.312520e+01	5.452371e+00	4.023302e-03	-6.751077e-05	8.503708e-01	6.531736e-01	6.083727e-01	-1.506033e-02	-1.504890e-01	1.726081e-03
51	7.200369e+04	6.437863e+01	5.493275e+00	4.077821e-03	6.621025e-05	8.438982e-01	6.475732e-01	6.050723e-01	-1.595842e-02	-1.447766e-01	1.522609e-03
52	7.200364e+04	6.563102e+01	5.532045e+00	4.007970e-03	-9.545352e-05	8.374822e-01	6.418446e-01	6.016220e-01	-1.719061e-02	-1.393262e-01	1.299362e-03
53	7.200366e+04	6.687630e+01	5.568332e+00	4.253056e-03	9.848354e-05	8.310138e-01	6.364043e-01	5.983042e-01	-1.910376e-02	-1.340760e-01	1.113861e-03
54	7.200340e+04	6.812001e+01	5.602675e+00	4.301953e-03	-1.288133e-04	8.244330e-01	6.310752e-01	5.947753e-01	-2.093590e-02	-1.290353e-01	9.076369e-04
55	7.200313e+04	6.937585e+01	5.635249e+00	4.012272e-03	1.373571e-04	8.179737e-01	6.255043e-01	5.916327e-01	-2.239791e-02	-1.242639e-01	7.139344e-04
56	7.200341e+04	7.063453e+01	5.666054e+00	3.424524e-03	-1.703129e-04	8.118852e-01	6.198775e-01	5.881680e-01	-2.367012e-02	-1.196989e-01	5.434405e-04
57	7.200344e+04	7.189005e+01	5.694555e+00	2.727971e-03	1.716976e-04	8.060514e-01	6.143357e-01	5.853553e-01	-2.492094e-02	-1.155291e-01	4.280077e-04
58	7.200252e+04	7.313580e+01	5.721732e+00	1.962089e-03	-2.163503e-04	8.005360e-01	6.087714e-01	5.815992e-01	-2.570160e-02	-1.115359e-01	3.529651e-04
59	7.200253e+04	7.438148e+01	5.746035e+00	5.798481e-04	1.853115e-04	7.953885e-01	6.032224e-01	5.789283e-01	-2.589784e-02	-1.081306e-01	2.642625e-04
60	7.200269e+04	7.562762e+01	5.769827e+00	-1.378786e-03	-2.201203e-04	7.904031e-01	5.982244e-01	5.738276e-01	-2.594216e-02	-1.047781e-01	1.953199e-04
61	7.200242e+04	7.687481e+01	5.789690e+00	-3.218520e-03	5.815773e-05	7.854626e-01	5.929340e-01	5.714807e-01	-2.561077e-02	-1.025978e-01	3.531161e-06
62	7.191646e+04	7.813601e+01	5.809792e+00	-4.908991e-03	6.139551e-05	7.806609e-01	5.878907e-01	5.622592e-01	-2.504124e-02	-9.960988e-02	-2.326558e-04
63	7.191644e+04	7.938412e+01	5.825078e+00	-6.550296e-03	-8.616927e-04	7.766853e-01	5.832467e-01	5.621328e-01	-2.422184e-02	-9.912875e-02	-3.945369e-04
64	5.938594e+03	8.124998e+01	6.222377e+00	-5.788929e-02	-6.886049e-02	7.229258e-01	5.488746e-01	5.319667e-01	-6.534142e-02	-8.684271e-02	-1.285439e-02
65	1.380607e+05	8.125045e+01	5.825686e+00	-6.874546e-03	5.983100e-03	7.598043e-01	5.578409e-01	5.394500e-01	-1.979345e-02	-9.527760e-02	-4.269845e-04
66	5.938870e+03	8.374987e+01	6.256544e+00	-5.842192e-02	-7.357814e-02	7.229480e-01	5.462888e-01	5.282310e-01	-6.234289e-02	-8.486288e-02	-1.344418e-02
67	1.380616e+05	8.374939e+01	5.857922e+00	-1.010307e-02	-5.943374e-04	7.568569e-01	5.539799e-01	5.341854e-01	-1.573733e-02	-9.210617e-02	-9.865181e-04
68	5.938869e+03	8.624988e+01	6.282711e+00	-5.823190e-02	-6.645808e-02	7.229054e-01	5.450887e-01	5.257160e-01	-5.689317e-02	-8.372349e-02	-1.369761e-02
69	1.380613e+05	8.624984e+01	5.884854e+00	-1.331929e-02	5.762264e-03	7.554661e-01	5.519391e-01	5.300390e-01	-1.088881e-02	-9.121825e-02	-1.326331e-03
70	5.938878e+03	8.874988e+01	6.305228e+00	-5.607554e-02	-7.039461e-02	7.237298e-01	5.451877e-01	5.268711e-01	-5.208109e-02	-8.191260e-02	-1.484002e-02
71	1.380615e+05	8.874944e+01	5.909530e+00	-1.763290e-02	6.782248e-04	7.557766e-01	5.513704e-01	5.301398e-01	-7.914603e-03	-9.046134e-02	-1.383682e-03
72	5.938868e+03	9.124990e+01	6.326075e+00	-5.268779e-02	-6.574082e-02	7.280405e-01	5.472981e-01	5.276161e-01	-5.374723e-02	-8.104168e-02	-1.501627e-02
73	1.380613e+05	9.124996e+01	5.932665e+00	-2.169910e-02	4.743316e-03	7.568227e-01	5.520437e-01	5.307254e-01	-7.443208e-03	-9.093230e-02	-1.394461e-03
74	5.938868e+03	9.374991e+01	6.347128e+00	-4.870610e-02	-6.933003e-02	7.356917e-01	5.507179e-01	5.288172e-01	-5.607611e-02	-8.094401e-02	-1.469334e-02
75	1.380611e+05	9.374995e+01	5.956663e+00	-2.510046e-02	1.433294e-03	7.591193e-01	5.537527e-01	5.322579e-01	-8.444773e-03	-9.253801e-02	-1.453806e-03
76	5.938868e+03	9.624992e+01	6.367924e+00	-4.362294e-02	-6.656588e-02	7.440267e-01	5.560355e-01	5.298687e-01	-5.786849e-02	-8.170703e-02	-1.402392e-02
77	1.380611e+05	9.624971e+01	5.980884e+00	-2.789730e-02	4.137577e-03	7.644534e-01	5.564409e-01	5.338042e-01	-9.106775e-03	-9.474295e-02	-1.307330e-03
78	5.938868e+03	9.874995e+01	6.389176e+00	-3.600710e-02	-6.796954e-02	7.533542e-01	5.582806e-01	5.314121e-01	-5.845742e-02	-8.313493e-02	-1.369326e-02
79	1.380611e+05	9.875003e+01	6.005064e+00	-3.033388e-02	1.866787e-03	7.702059e-01	5.589405e-01	5.362421e-01	-9.834575e-03	-9.721630e-02	-1.228710e-03
80	5.938876e+03	1.012499e+02	6.409749e+00	-2.888546e-02	-6.528968e-02	7.612302e-01	5.566826e-01	5.325477e-01	-5.797955e-02	-8.514404e-02	-1.329873e-02
81	1.380612e+05	1.012499e+02	6.029933e+00	-3.215856e-02	3.667144e-03	7.753545e-01	5.600709e-01	5.391244e-01	-1.032923e-02	-9.999157e-02	-1.091185e-03
82	5.938868e+03	1.037499e+02	6.428246e+00	-2.354476e-02	-6.585430e-02	7.675656e-01	5.554762e-01	5.344684e-01	-5.639127e-02	-8.809505e-02	-1.342253e-02
83	1.380612e+05	1.037502e+02	6.055127e+00	-3.277226e-02	2.128770e-03	7.810532e-01	5.601546e-01	5.422322e-01	-1.010058e-02	-1.035670e-01	-8.970558e-04
84	5.938868e+03	1.062499e+02	6.446822e+00	-1.692835e-02	-6.354499e-02	7.738307e-01	5.562910e-01	5.366457e-01	-5.274063e-02	-9.171136e-02	-1.283111e-02
85	1.380611e+05	1.062500e+02	6.081420e+00	-3.253083e-02	3.324089e-03	7.871612e-01	5.610465e-01	5.453038e-01	-8.317466e-03	-1.074384e-01	-4.794312e-04
86	5.938868e+03	1.087499e+02	6.466520e+00	-7.919324e-03	-6.309990e-02	7.820555e-01	5.568408e-01	5.391646e-01	-5.015492e-02	-9.654558e-02	-1.139795e-02
87	1.380612e+05	1.087498e+02	6.109991e+00	-3.084977e-02	2.217852e-03	7.929301e-01	5.616713e-01	5.486453e-01	-6.730664e-03	-1.119266e-01	6.119596e-05
88	5.938867e+03	1.112499e+02	6.487058e+00	3.674137e-03	-6.043552e-02	7.918149e-01	5.583561e-01	5.421785e-01	-4.788263e-02	-1.013308e-01	-1.011636e-02
89	1.380609e+05	1.112497e+02	6.140793e+00	-2.720401e-02	2.998716e-03	7.990493e-01	5.630031e-01	5.518087e-01	-5.312718e-03	-1.167539e-01	4.657835e-04
90	5.938868e+03	1.137499e+02	6.509726e+00	1.697118e-02	-5.891654e-02	8.033035e-01	5.611905e-01	5.445408e-01	-4.545473e-02	-1.066008e-01	-9.483771e-03
91	1.380609e+05	1.137497e+02	6.173652e+00	-2.340124e-02	2.204828e-03	8.068851e-01	5.640119e-01	5.546317e-01	-3.172087e-03	-1.220642e-01	8.109891e-04
92	5.938876e+03	1.162499e+02	6.531816e+00	3.047856e-02	-5.708788e-02	8.137289e-01	5.628259e-01	5.464060e-01	-4.288854e-02	-1.123970e-01	-8.575222e-03
93	1.380608e+05	1.162498e+02	6.208863e+00	-1.905489e-02	2.723780e-03	8.146106e-01	5.645102e-01	5.572788e-01	-5.440770e-04	-1.278035e-01	1.124129e-03
94	5.938869e+03	1.187499e+02	6.553359e+00	4.362588e-02	-5.550260e-02	8.248112e-01	5.623054e-01	5.489268e-01	-4.128600e-02	-1.186747e-01	-7.370092e-03
95	1.380609e+05	1.187498e+02	6.246072e+00	-1.473511e-02	2.150893e-03	8.217624e-01	5.650745e-01	5.599263e-01	1.249918e-03	-1.342312e-01	1.371891e-03
96	5.938871e+03	1.212499e+02	6.575824e+00	5.515895e-02	-5.200252e-02	8.377090e-01	5.620134e-01	5.512944e-01	-4.003796e-02	-1.253691e-01	-7.364369e-03
97	1.380610e+05	1.212507e+02	6.285132e+00	-1.049735e-02	2.418670e-03	8.285409e-01	5.662982e-01	5.623603e-01	2.631434e-03	-1.411574e-01	1.814088e-03
98	5.938872e+03	1.237498e+02	6.599627e+00	6.545044e-02	-4.859973e-02	8.477492e-01	5.624487e-01	5.540803e-01	-4.080622e-02	-1.330238e-01	-7.308919e-03
99	1.380610e+05	1.237505e+02	6.326015e+00	-6.484189e-03	1.935301e-03	8.341492e-01	5.681006e-01	5.647088e-01	2.551886e-03	-1.483082e-01	2.201026e-03
100	5.938871e+03	1.262499e+02	6.626060e+00	7.554439e-02	-4.381333e-02	8.563663e-01	5.647565e-01	5.571280e-01	-4.325240e-02	-1.413089e-01	-6.062023e-03
101	1.380609e+05	1.262500e+02	6.368616e+00	-2.358332e-03	2.026299e-03	8.394692e-01	5.710178e-01	5.668565e-01	5.740264e-04	-1.556191e-01	2.478310e-03
102	5.938877e+03	1.287499e+02	6.654953e+00	8.372997e-02	-3.953288e-02	8.641573e-01	5.666280e-01	5.601344e-01	-4.345381e-02	-1.489783e-01	-4.877319e-03
103	1.380610e+05	1.287502e+02	6.413380e+00	1.504741e-03	1.562761e-03	8.449519e-01	5.740027e-01	5.691919e-01	-2.801521e-03	-1.629675e-01	2.799533e-03
104	5.938870e+03	1.312499e+02	6.685565e+00	8.898860e-02	-3.548193e-02	8.688248e-01	5.690688e-01	5.625688e-01	-4.068628e-02	-1.556318e-01	-3.777517e-03
105	1.380615e+05	1.312491e+02	6.460828e+00	4.899848e-03	1.624221e-03	8.501597e-01	5.768709e-01	5.715854e-01	-4.328541e-03	-1.704392e-01	2.805803e-03
106	5.938870e+03	1.337499e+02	6.718760e+00	9.144883e-02	-3.168643e-02	8.734376e-01	5.709563e-01	5.648126e-01	-3.809476e-02	-1.610845e-01	-3.485845e-03
107	1.380616e+05	1.337493e+02	6.510468e+00	7.632423e-03	1.288423e-03	8.561666e-01	5.802831e-01	5.735713e-01	-4.169926e-03	-1.774967e-01	2.736563e-03
108	5.938869e+03	1.362499e+02	6.750966e+00	9.270120e-02	-2.743228e-02	8.786229e-01	5.704718e-01	5.666175e-01	-3.754343e-02	-1.664306e-01	-3.264777e-03
109	1.380612e+05	1.362499e+02	6.561499e+00	9.531694e-03	1.225851e-03	8.625644e-01	5.839809e-01	5.753454e-01	-3.500593e-03	-1.846480e-01	2.733828e-03
110	5.938871e+03	1.387499e+02	6.782440e+00	9.426380e-02	-2.372982e-02	8.835439e-01	5.679577e-01	5.667054e-01	-3.888618e-02	-1.715304e-01	-3.129058e-03
111	1.380611e+05	1.387500e+02	6.613078e+00	1.039894e-02	9.747029e-04	8.702017e-01	5.861831e-01	5.766603e-01	-3.442429e-03	-1.913633e-01	2.696394e-03
112	5.938870e+03	1.412499e+02	6.814952e+00	9.378374e-02	-2.066607e-02	8.890387e-01	5.650661e-01	5.657273e-01	-3.921622e-02	-1.763806e-01	-2.939201e-03
113	1.380611e+05	1.412511e+02	6.666049e+00	1.047000e-02	9.073142e-04	8.793111e-01	5.875473e-01	5.775104e-01	-2.818177e-03	-1.977127e-01	2.287040e-03
114	5.938871e+03	1.437498e+02	6.846801e+00	8.923095e-02	-1.827755e-02	8.936364e-01	5.623180e-01	5.631965e-01	-4.000377e-02	-1.799090e-01	-2.241259e-03
115	1.380610e+05	1.437503e+02	6.721136e+00	1.037966e-02	7.705801e-04	8.884938e-01	5.895866e-01	5.777313e-01	-1.673277e-03	-2.035018e-01	1.741535e-03
116	5.938871e+03	1.462499e+02	6.880068e+00	8.385457e-02	-1.561965e-02	9.000729e-01	5.628351e-01	5.608864e-01	-4.312197e-02	-1.827168e-01	-4.296568e-04
117	1.380610e+05	1.462506e+02	6.777944e+00	1.256403e-02	6.695625e-04	8.987911e-01	5.921923e-01	5.775238e-01	-1.898814e-03	-2.088802e-01	1.219041e-03
118	5.938872e+03	1.487498e+02	6.917311e+00	8.186764e-02	-1.254206e-02	9.071934e-01	5.662478e-01	5.583152e-01	-4.822693e-02	-1.840305e-01	1.048607e-03
119	1.380610e+05	1.487496e+02	6.834801e+00	1.603815e-02	5.346373e-04	9.088209e-01	5.958191e-01	5.770381e-01	-3.167700e-03	-2.135029e-01	6.336602e-04
120	5.938889e+03	1.512497e+02	6.956958e+00	7.860343e-02	-9.869535e-03	9.121859e-01	5.711461e-01	5.554906e-01	-5.257088e-02	-1.854728e-01	2.338871e-03
121	1.380611e+05	1.512503e+02	6.892829e+00	1.916072e-02	4.325704e-04	9.183536e-01	5.992678e-01	5.760066e-01	-5.184506e-03	-2.172058e-01	2.046921e-04
122	5.938873e+03	1.537498e+02	6.997688e+00	7.599536e-02	-6.328352e-03	9.163725e-01	5.757545e-01	5.532182e-01	-5.533646e-02	-1.852688e-01	3.361976e-03
123	1.380607e+05	1.537506e+02	6.952817e+00	2.217108e-02	2.556694e-04	9.274812e-01	6.020340e-01	5.748687e-01	-7.802029e-03	-2.200637e-01	4.134994e-05
124	5.938873e+03	1.562498e+02	7.039815e+00	7.708489e-02	-2.471356e-03	9.202216e-01	5.778602e-01	5.506238e-01	-5.676107e-02	-1.852284e-01	4.044787e-03
125	1.380610e+05	1.562498e+02	7.013960e+00	2.515681e-02	1.192952e-04	9.349853e-01	6.047893e-01	5.739641e-01	-1.097319e-02	-2.223153e-01	-1.938473e-04
126	5.938874e+03	1.587498e+02	7.084549e+00	7.789607e-02	7.349371e-04	9.250256e-01	5.772403e-01	5.479147e-01	-5.825501e-02	-1.860365e-01	4.990020e-03
127	1.380610e+05	1.587496e+02	7.075021e+00	2.693120e-02	-4.879228e-05	9.406328e-01	6.069981e-01	5.731753e-01	-1.239813e-02	-2.238277e-01	-3.969063e-04
128	5.938874e+03	1.612497e+02	7.130162e+00	7.920458e-02	3.703216e-03	9.311688e-01	5.751191e-01	5.451458e-01	-5.987843e-02	-1.871069e-01	5.862771e-03
129	1.380611e+05	1.612502e+02	7.135718e+00	2.894754e-02	-1.620332e-04	9.442657e-01	6.075204e-01	5.725705e-01	-1.130252e-02	-2.246812e-01	-4.718823e-04
130	5.938874e+03	1.637498e+02	7.179730e+00	7.989587e-02	6.206606e-03	9.371126e-01	5.746445e-01	5.420845e-01	-6.073675e-02	-1.877527e-01	5.922440e-03
131	1.380611e+05	1.637503e+02	7.196333e+00	3.149136e-02	-2.817080e-04	9.463891e-01	6.064823e-01	5.718467e-01	-9.416535e-03	-2.249800e-01	-6.384582e-04
132	5.938874e+03	1.662498e+02	7.229143e+00	7.864000e-02	7.945420e-03	9.383493e-01	5.755193e-01	5.399491e-01	-6.052944e-02	-1.875444e-01	4.620415e-03
133	1.380611e+05	1.662504e+02	7.258146e+00	3.406521e-02	-3.322532e-04	9.474929e-01	6.050091e-01	5.705773e-01	-7.286319e-03	-2.247111e-01	-6.750831e-04
134	5.938874e+03	1.687498e+02	7.279869e+00	7.553575e-02	9.460956e-03	9.350101e-01	5.755493e-01	5.379626e-01	-5.920396e-02	-1.864001e-01	2.747678e-03
135	1.380611e+05	1.687502e+02	7.321066e+00	3.753784e-02	-4.206990e-04	9.491978e-01	6.033388e-01	5.689786e-01	-5.322593e-03	-2.242033e-01	-7.650162e-04
136	5.938872e+03	1.712499e+02	7.329247e+00	7.204421e-02	1.032026e-02	9.329929e-01	5.747853e-01	5.354599e-01	-5.858148e-02	-1.856771e-01	2.273437e-03
137	1.380611e+05	1.712499e+02	7.384916e+00	4.149783e-02	-4.352353e-04	9.505402e-01	6.015603e-01	5.667939e-01	-5.217166e-03	-2.231651e-01	-8.475999e-04
138	5.938872e+03	1.737498e+02	7.380100e+00	6.877830e-02	1.206509e-02	9.299675e-01	5.739710e-01	5.327987e-01	-5.792513e-02	-1.851166e-01	1.731225e-03
139	1.380610e+05	1.737507e+02	7.448868e+00	4.427514e-02	-5.277414e-04	9.504858e-01	6.005023e-01	5.646778e-01	-5.631984e-03	-2.218508e-01	-9.460095e-04
140	5.938872e+03	1.762498e+02	7.433941e+00	6.420889e-02	1.443091e-02	9.269121e-01	5.736483e-01	5.311850e-01	-5.893466e-02	-1.844016e-01	1.766553e-03
141	1.380609e+05	1.762499e+02	7.512864e+00	4.528732e-02	-6.235673e-04	9.492732e-01	5.990522e-01	5.628248e-01	-8.127113e-03	-2.200770e-01	-1.073800e-03
142	5.938890e+03	1.787498e+02	7.488779e+00	5.876080e-02	1.707124e-02	9.247243e-01	5.729700e-01	5.293254e-01	-6.112486e-02	-1.834950e-01	2.498901e-03
143	1.380610e+05	1.787502e+02	7.576106e+00	4.450838e-02	-7.414735e-04	9.475300e-01	5.965654e-01	5.611004e-01	-1.064867e-02	-2.182044e-01	-1.260893e-03
144	5.938872e+03	1.812499e+02	7.542402e+00	5.187454e-02	1.939465e-02	9.222774e-01	5.719686e-01	5.275590e-01	-6.289861e-02	-1.819647e-01	2.648471e-03
145	1.380610e+05	1.812497e+02	7.638138e+00	4.152697e-02	-8.297851e-04	9.447792e-01	5.932873e-01	5.592698e-01	-1.190287e-02	-2.161749e-01	-1.378938e-03
146	5.938873e+03	1.837498e+02	7.596174e+00	4.491004e-02	2.069752e-02	9.186532e-01	5.699500e-01	5.252520e-01	-6.214868e-02	-1.805360e-01	2.990597e-03
147	1.380613e+05	1.837497e+02	7.700563e+00	3.665676e-02	-8.966281e-04	9.420520e-01	5.889387e-01	5.572220e-01	-1.189140e-02	-2.140332e-01	-1.520791e-03
148	5.938872e+03	1.862498e+02	7.649991e+00	3.954127e-02	2.240633e-02	9.149144e-01	5.686924e-01	5.229962e-01	-5.763613e-02	-1.797792e-01	4.603709e-03
149	1.380613e+05	1.862501e+02	7.763506e+00	3.065928e-02	-9.491692e-04	9.382625e-01	5.861789e-01	5.549664e-01	-9.951792e-03	-2.116617e-01	-1.587089e-03
150	5.938872e+03	1.887498e+02	7.705876e+00	3.214480e-02	2.409116e-02	9.134892e-01	5.695372e-01	5.203497e-01	-5.359806e-02	-1.793627e-01	5.854715e-03
151	1.380613e+05	1.887497e+02	7.828238e+00	2.374754e-02	-1.066288e-03	9.337948e-01	5.859366e-01	5.531020e-01	-7.262809e-03	-2.091691e-01	-1.695777e-03
152	5.938872e+03	1.912498e+02	7.763459e+00	2.433382e-02	2.580112e-02	9.129465e-01	5.695171e-01	5.179688e-01	-5.239610e-02	-1.791097e-01	6.722234e-03
153	1.380613e+05	1.912501e+02	7.893631e+00	1.649584e-02	-1.065317e-03	9.301584e-01	5.855374e-01	5.512782e-01	-5.519105e-03	-2.067483e-01	-1.781200e-03
154	5.938872e+03	1.937498e+02	7.821452e+00	1.945811e-02	2.817681e-02	9.120799e-01	5.684806e-01	5.149912e-01	-5.267673e-02	-1.781521e-01	7.374160e-03
155	1.380611e+05	1.937496e+02	7.958727e+00	1.104345e-02	-1.264002e-03	9.271196e-01	5.852345e-01	5.496076e-01	-4.406084e-03	-2.043818e-01	-1.769057e-03
156	5.938870e+03	1.962498e+02	7.882100e+00	1.837867e-02	3.100537e-02	9.124597e-01	5.668657e-01	5.123755e-01	-5.244907e-02	-1.769055e-01	7.739095e-03
157	1.380616e+05	1.962487e+02	8.024129e+00	8.630313e-03	-1.300643e-03	9.239743e-01	5.844266e-01	5.479749e-01	-3.264694e-03	-2.020903e-01	-1.684699e-03
158	5.938870e+03	1.987499e+02	7.943641e+00	2.004636e-02	3.462828e-02	9.128510e-01	5.684480e-01	5.106945e-01	-5.328658e-02	-1.745941e-01	8.269520e-03
159	1.380616e+05	1.987486e+02	8.089835e+00	9.404250e-03	-1.530082e-03	9.206598e-01	5.838729e-01	5.462391e-01	-1.294116e-03	-1.998556e-01	-1.666833e-03
160	5.938868e+03	2.012499e+02	8.004394e+00	2.525080e-02	3.893332e-02	9.129491e-01	5.731227e-01	5.083494e-01	-5.406828e-02	-1.709104e-01	8.228544e-03
161	1.380615e+05	2.012505e+02	8.156623e+00	1.298058e-02	-1.637343e-03	9.170865e-01	5.844406e-01	5.440829e-01	-3.825487e-04	-1.976124e-01	-1.501662e-03
162	5.938868e+03	2.037499e+02	8.064240e+00	3.342312e-02	4.406321e-02	9.128736e-01	5.774847e-01	5.048966e-01	-4.942863e-02	-1.659277e-01	7.107291e-03
163	1.380613e+05	2.037500e+02	8.223845e+00	1.850590e-02	-1.936532e-03	9.131635e-01	5.851414e-01	5.417590e-01	6.704474e-04	-1.954346e-01	-1.364569e-03
164	5.938882e+03	2.062500e+02	8.122883e+00	4.083462e-02	4.824155e-02	9.100969e-01	5.783594e-01	5.010468e-01	-4.132270e-02	-1.601682e-01	5.584293e-03
165	1.380615e+05	2.062513e+02	8.290557e+00	2.381350e-02	-2.054729e-03	9.077556e-01	5.848984e-01	5.392678e-01	1.648222e-03	-1.930659e-01	-1.139660e-03
166	5.938867e+03	2.087500e+02	8.181887e+00	4.712811e-02	5.193099e-02	9.053577e-01	5.769332e-01	4.984555e-01	-3.470282e-02	-1.545960e-01	4.478898e-03
167	1.380611e+05	2.087498e+02	8.358644e+00	2.865691e-02	-2.265419e-03	9.003423e-01	5.835158e-01	5.369848e-01	2.489738e-03	-1.906922e-01	-1.054586e-03
168	5.938865e+03	2.112500e+02	8.237602e+00	5.282612e-02	5.407672e-02	8.998446e-01	5.750927e-01	4.967611e-01	-2.975295e-02	-1.511099e-01	3.563656e-03
169	1.380612e+05	2.112510e+02	8.425843e+00	3.281043e-02	-2.301984e-03	8.922651e-01	5.820821e-01	5.345656e-01	2.949030e-03	-1.882926e-01	-1.067835e-03
170	5.938865e+03	2.137500e+02	8.292173e+00	6.015448e-02	5.684830e-02	8.919815e-01	5.716951e-01	4.959594e-01	-2.594662e-02	-1.495316e-01	2.560743e-03
171	1.380610e+05	2.137504e+02	8.491176e+00	3.681215e-02	-2.462070e-03	8.826981e-01	5.804030e-01	5.323049e-01	2.996422e-03	-1.858376e-01	-1.101350e-03
172	5.938865e+03	2.162500e+02	8.346486e+00	6.447758e-02	5.961075e-02	8.831868e-01	5.685105e-01	4.954904e-01	-2.259536e-02	-1.491423e-01	2.122180e-03
173	1.380609e+05	2.162505e+02	8.555196e+00	3.937756e-02	-2.542784e-03	8.731643e-01	5.786611e-01	5.302191e-01	2.562293e-03	-1.833870e-01	-1.309033e-03
174	5.938865e+03	2.187501e+02	8.399402e+00	6.310030e-02	6.211446e-02	8.746457e-01	5.641720e-01	4.956915e-01	-2.089531e-02	-1.488781e-01	2.693556e-03
175	1.380609e+05	2.187507e+02	8.619503e+00	4.086469e-02	-2.694336e-03	8.639232e-01	5.760554e-01	5.286282e-01	1.539495e-03	-1.807777e-01	-1.387636e-03
176	5.938867e+03	2.212501e+02	8.451797e+00	5.852136e-02	6.431810e-02	8.663252e-01	5.614828e-01	4.953391e-01	-2.286824e-02	-1.480740e-01	3.318838e-03
177	1.380607e+05	2.212506e+02	8.683541e+00	4.142453e-02	-2.761203e-03	8.556980e-01	5.735854e-01	5.269102e-01	4.331109e-04	-1.781401e-01	-1.462521e-03
178	5.938867e+03	2.237500e+02	8.507458e+00	5.344922e-02	6.662774e-02	8.578002e-01	5.611802e-01	4.947426e-01	-2.413004e-02	-1.477370e-01	3.405988e-03
179	1.380607e+05	2.237507e+02	8.747083e+00	4.143255e-02	-2.872280e-03	8.485191e-01	5.709178e-01	5.249997e-01	-6.960918e-04	-1.753759e-01	-1.405526e-03
180	5.938867e+03	2.262501e+02	8.560412e+00	4.709854e-02	6.877026e-02	8.514656e-01	5.615815e-01	4.938957e-01	-2.612519e-02	-1.476049e-01	2.748494e-03
181	1.380606e+05	2.262513e+02	8.808949e+00	4.025026e-02	-2.948350e-03	8.428873e-01	5.685589e-01	5.226769e-01	-1.656747e-03	-1.726561e-01	-1.360378e-03
182	5.938868e+03	2.287500e+02	8.614274e+00	4.111597e-02	7.013685e-02	8.486260e-01	5.594263e-01	4.922614e-01	-2.950226e-02	-1.467659e-01	1.197471e-03
183	1.380609e+05	2.287506e+02	8.868354e+00	3.787897e-02	-3.029697e-03	8.376641e-01	5.658528e-01	5.199224e-01	-3.509533e-03	-1.697196e-01	-1.293982e-03
184	5.938867e+03	2.312499e+02	8.667849e+00	3.421713e-02	7.113498e-02	8.454184e-01	5.565686e-01	4.902901e-01	-3.418246e-02	-1.446872e-01	-1.220360e-03
185	1.380609e+05	2.312505e+02	8.925681e+00	3.351415e-02	-3.051289e-03	8.322110e-01	5.621968e-01	5.166866e-01	-5.602264e-03	-1.668445e-01	-1.199410e-03
186	5.938889e+03	2.337499e+02	8.718887e+00	2.661606e-02	7.177723e-02	8.358526e-01	5.524776e-01	4.889594e-01	-3.468553e-02	-1.423958e-01	-3.527015e-03
187	1.380610e+05	2.337502e+02	8.981627e+00	2.803376e-02	-3.103874e-03	8.258777e-01	5.577504e-01	5.130795e-01	-5.409043e-03	-1.637433e-01	-1.266758e-03
188	5.938866e+03	2.362500e+02	8.770864e+00	1.872049e-02	7.225574e-02	8.272053e-01	5.471684e-01	4.873617e-01	-3.072125e-02	-1.412286e-01	-4.294475e-03
189	1.380611e+05	2.362496e+02	9.038239e+00	2.236797e-02	-3.088446e-03	8.192049e-01	5.521683e-01	5.092953e-01	-3.397643e-03	-1.606231e-01	-1.288230e-03
190	5.938864e+03	2.387502e+02	8.823237e+00	1.323779e-02	7.171556e-02	8.216817e-01	5.441279e-01	4.853309e-01	-2.608441e-02	-1.400096e-01	-4.678307e-03
191	1.380610e+05	2.387494e+02	9.094494e+00	1.666828e-02	-3.109544e-03	8.127431e-01	5.463768e-01	5.053822e-01	5.925921e-04	-1.574461e-01	-1.525577e-03
192	5.938865e+03	2.412500e+02	8.873315e+00	8.964597e-03	7.111997e-02	8.141998e-01	5.405193e-01	4.829544e-01	-2.231940e-02	-1.399537e-01	-5.135985e-03
193	1.380609e+05	2.412504e+02	9.150143e+00	1.052901e-02	-3.031384e-03	8.052170e-01	5.401780e-01	5.015469e-01	4.988848e-03	-1.542638e-01	-1.804716e-03
194	5.938868e+03	2.437499e+02	8.922684e+00	5.528070e-03	7.043604e-02	8.051176e-01	5.343939e-01	4.800289e-01	-1.877345e-02	-1.400230e-01	-4.981168e-03
195	1.380609e+05	2.437517e+02	9.203568e+00	5.596405e-03	-3.058279e-03	7.972335e-01	5.347032e-01	4.976545e-01	7.771992e-03	-1.509947e-01	-2.045138e-03
196	5.938867e+03	2.462501e+02	8.969736e+00	7.015472e-04	7.012974e-02	7.988481e-01	5.288717e-01	4.771501e-01	-1.682531e-02	-1.399418e-01	-4.027896e-03
197	1.380610e+05	2.462503e+02	9.256214e+00	3.191016e-04	-3.005456e-03	7.896881e-01	5.291467e-01	4.936702e-01	8.931370e-03	-1.476095e-01	-2.214679e-03
198	5.938866e+03	2.487502e+02	9.017686e+00	-6.582336e-03	7.057440e-02	7.936468e-01	5.223829e-01	4.742899e-01	-1.554393e-02	-1.397211e-01	-2.236473e-03
199	1.380609e+05	2.487506e+02	9.307920e+00	-5.793365e-03	-3.050866e-03	7.834288e-01	5.225543e-01	4.897204e-01	9.616290e-03	-1.442892e-01	-2.378226e-03
200	5.938864e+03	2.512502e+02	9.067307e+00	-1.809303e-02	7.106351e-02	7.853972e-01	5.150720e-01	4.720274e-01	-1.291168e-02	-1.381567e-01	-8.079242e-04
201	1.380607e+05	2.512512e+02	9.360034e+00	-1.321348e-02	-3.050510e-03	7.765401e-01	5.155214e-01	4.857288e-01	9.621724e-03	-1.409661e-01	-2.440594e-03
202	5.938866e+03	2.537500e+02	9.119657e+00	-2.946886e-02	7.165983e-02	7.760196e-01	5.091093e-01	4.702030e-01	-1.323923e-02	-1.368908e-01	5.575790e-05
203	1.380609e+05	2.537501e+02	9.412979e+00	-2.058556e-02	-3.084852e-03	7.678931e-01	5.091628e-01	4.817234e-01	8.834406e-03	-1.377945e-01	-2.341990e-03
204	5.938883e+03	2.562502e+02	9.170041e+00	-3.685328e-02	7.227553e-02	7.678025e-01	5.061098e-01	4.688360e-01	-1.532828e-02	-1.353510e-01	-1.478131e-04
205	1.380610e+05	2.562504e+02	9.464424e+00	-2.768465e-02	-3.088304e-03	7.591560e-01	5.042339e-01	4.778943e-01	7.516706e-03	-1.346319e-01	-2.230631e-03
206	5.938867e+03	2.587499e+02	9.221049e+00	-4.468890e-02	7.246539e-02	7.618312e-01	5.058581e-01	4.672066e-01	-1.753747e-02	-1.327650e-01	-5.399504e-04
207	1.380607e+05	2.587505e+02	9.514901e+00	-3.488885e-02	-3.118194e-03	7.501717e-01	5.011278e-01	4.742178e-01	6.735658e-03	-1.314802e-01	-1.956115e-03
208	5.938867e+03	2.612501e+02	9.269763e+00	-5.222286e-02	7.251113e-02	7.537194e-01	5.057927e-01	4.663287e-01	-1.984163e-02	-1.294229e-01	-6.598029e-04
209	1.380609e+05	2.612506e+02	9.565601e+00	-4.109609e-02	-3.126092e-03	7.409695e-01	4.988173e-01	4.711888e-01	5.911360e-03	-1.283257e-01	-1.716748e-03
210	5.938868e+03	2.637500e+02	9.317141e+00	-5.727882e-02	7.296485e-02	7.451016e-01	5.039214e-01	4.652936e-01	-2.326564e-02	-1.267938e-01	-7.954366e-04
211	1.380609e+05	2.637528e+02	9.616094e+00	-4.587314e-02	-3.133994e-03	7.324776e-01	4.964245e-01	4.683118e-01	4.910697e-03	-1.252220e-01	-1.512644e-03
212	5.938865e+03	2.662501e+02	9.364765e+00	-6.240901e-02	7.249915e-02	7.354403e-01	5.012286e-01	4.638341e-01	-2.802663e-02	-1.238202e-01	-4.112818e-04
213	1.380610e+05	2.662494e+02	9.666503e+00	-4.996643e-02	-3.117827e-03	7.245159e-01	4.934026e-01	4.656157e-01	3.415300e-03	-1.222514e-01	-1.350967e-03
214	5.938865e+03	2.687502e+02	9.412704e+00	-6.469017e-02	7.251707e-02	7.268279e-01	5.000436e-01	4.615023e-01	-3.203150e-02	-1.208659e-01	6.943692e-05
215	1.380610e+05	2.687511e+02	9.716956e+00	-5.219674e-02	-3.119344e-03	7.174896e-01	4.893745e-01	4.630162e-01	1.627910e-03	-1.194290e-01	-1.203689e-03
216	5.938865e+03	2.712501e+02	9.459732e+00	-6.440183e-02	7.258511e-02	7.170516e-01	4.986448e-01	4.595759e-01	-3.401864e-02	-1.181329e-01	-3.128818e-04
217	1.380610e+05	2.712502e+02	9.766774e+00	-5.233799e-02	-3.123415e-03	7.103184e-01	4.843838e-01	4.606268e-01	6.802211e-04	-1.167641e-01	-1.087119e-03
218	5.938865e+03	2.737501e+02	9.507633e+00	-6.506448e-02	7.304489e-02	7.093304e-01	4.950534e-01	4.583167e-01	-3.401609e-02	-1.159344e-01	-8.763339e-04
219	1.380610e+05	2.737513e+02	9.814987e+00	-5.154119e-02	-3.148234e-03	7.034105e-01	4.788825e-01	4.582023e-01	7.521980e-04	-1.139837e-01	-8.894092e-04
220	5.938865e+03	2.762501e+02	9.555018e+00	-6.389815e-02	7.242827e-02	7.033895e-01	4.891769e-01	4.570847e-01	-3.465199e-02	-1.138348e-01	-1.334397e-03
221	1.380611e+05	2.762489e+02	9.863027e+00	-5.008264e-02	-3.109661e-03	6.963244e-01	4.747079e-01	4.555483e-01	4.271478e-04	-1.112332e-01	-6.397057e-04
222	5.938867e+03	2.787501e+02	9.600019e+00	-6.101700e-02	7.295170e-02	6.984431e-01	4.837294e-01	4.549476e-01	-3.465302e-02	-1.110284e-01	-9.822882e-04
223	1.380612e+05	2.787502e+02	9.909937e+00	-4.763121e-02	-3.153250e-03	6.892035e-01	4.713472e-01	4.525403e-01	6.376097e-06	-1.084892e-01	-3.596406e-04
224	5.938867e+03	2.812501e+02	9.642919e+00	-5.641960e-02	7.399835e-02	6.924040e-01	4.789692e-01	4.514844e-01	-3.321032e-02	-1.086589e-01	-8.498009e-04
225	1.380614e+05	2.812491e+02	9.955335e+00	-4.452554e-02	-3.159596e-03	6.828911e-01	4.678213e-01	4.492946e-01	-3.625234e-04	-1.058145e-01	-7.773015e-05
226	5.938866e+03	2.837501e+02	9.685419e+00	-4.937982e-02	7.571059e-02	6.855719e-01	4.763283e-01	4.471084e-01	-3.093301e-02	-1.063282e-01	-1.557066e-03
227	1.380614e+05	2.837507e+02	9.999796e+00	-4.068155e-02	-3.278737e-03	6.764854e-01	4.647945e-01	4.457676e-01	-9.223879e-04	-1.031477e-01	1.720841e-04
228	5.938866e+03	2.862502e+02	9.729970e+00	-4.288931e-02	7.743269e-02	6.788968e-01	4.738727e-01	4.433725e-01	-2.827022e-02	-1.043379e-01	-2.761358e-03
229	1.380614e+05	2.862473e+02	1.004457e+01	-3.775664e-02	-3.303904e-03	6.698496e-01	4.611716e-01	4.423018e-01	-2.098807e-03	-1.005194e-01	3.814548e-04
230	5.938866e+03	2.887501e+02	9.776243e+00	-3.769240e-02	7.851612e-02	6.745697e-01	4.720473e-01	4.405806e-01	-2.540992e-02	-1.019078e-01	-4.241247e-03
231	1.380613e+05	2.887500e+02	1.008947e+01	-3.555036e-02	-3.401102e-03	6.639521e-01	4.567707e-01	4.387910e-01	-3.198728e-03	-9.814050e-02	6.144312e-04
232	5.938866e+03	2.912500e+02	9.826700e+00	-3.557888e-02	7.943310e-02	6.750279e-01	4.698745e-01	4.392231e-01	-2.479267e-02	-1.015388e-01	-5.012271e-03
233	1.380611e+05	2.912495e+02	1.013465e+01	-3.509029e-02	-3.391631e-03	6.593872e-01	4.524578e-01	4.355754e-01	-4.486595e-03	-9.620114e-02	8.104841e-04
234	5.938866e+03	2.937502e+02	9.876113e+00	-3.574551e-02	8.013801e-02	6.740471e-01	4.671330e-01	4.382090e-01	-2.484046e-02	-1.012112e-01	-4.873417e-03
235	1.380611e+05	2.937518e+02	1.017941e+01	-3.625846e-02	-3.470962e-03	6.548188e-01	4.487281e-01	4.325995e-01	-5.357554e-03	-9.435464e-02	9.408136e-04
236	5.938866e+03	2.962500e+02	9.928786e+00	-3.725526e-02	8.010086e-02	6.709222e-01	4.646724e-01	4.378694e-01	-2.435411e-02	-1.005984e-01	-4.793090e-03
237	1.380610e+05	2.962476e+02	1.022294e+01	-3.843630e-02	-3.425643e-03	6.500310e-01	4.460737e-01	4.301323e-01	-4.962360e-03	-9.286180e-02	1.067773e-03
238	5.938867e+03	2.987502e+02	9.979888e+00	-4.113825e-02	7.871560e-02	6.667799e-01	4.619243e-01	4.383055e-01	-2.363059e-02	-9.992670e-02	-4.409468e-03
239	1.380610e+05	2.987504e+02	1.026518e+01	-4.212498e-02	-3.410804e-03	6.445538e-01	4.432658e-01	4.277562e-01	-3.927661e-03	-9.130514e-02	1.032321e-03
240	5.938868e+03	3.012499e+02	1.002821e+01	-4.612567e-02	7.667440e-02	6.633939e-01	4.602901e-01	4.387480e-01	-2.566081e-02	-9.963185e-02	-2.913572e-03
241	1.380608e+05	3.012518e+02	1.030616e+01	-4.700509e-02	-3.276679e-03	6.391466e-01	4.411468e-01	4.254087e-01	-3.024249e-03	-8.995220e-02	1.018039e-03
242	5.938910e+03	3.037499e+02	1.007298e+01	-4.840956e-02	7.425352e-02	6.612986e-01	4.605040e-01	4.388919e-01	-2.798038e-02	-9.932749e-02	-1.390583e-03
243	1.380605e+05	3.037530e+02	1.034551e+01	-5.129401e-02	-3.214721e-03	6.336597e-01	4.402013e-01	4.230913e-01	-2.761090e-03	-8.859859e-02	8.697540e-04
244	5.938868e+03	3.062502e+02	1.011701e+01	-5.026239e-02	7.147588e-02	6.582543e-01	4.607304e-01	4.392445e-01	-2.827726e-02	-9.949324e-02	-3.482468e-04
245	1.380605e+05	3.062513e+02	1.038377e+01	-5.429060e-02	-3.052509e-03	6.272994e-01	4.391296e-01	4.209676e-01	-2.922510e-03	-8.758419e-02	6.464585e-04
246	5.938867e+03	3.087499e+02	1.015902e+01	-5.127778e-02	6.876462e-02	6.536260e-01	4.588058e-01	4.382887e-01	-2.891402e-02	-9.945397e-02	2.784931e-04
247	1.380605e+05	3.087505e+02	1.042144e+01	-5.560312e-02	-2.973541e-03	6.209830e-01	4.376993e-01	4.187632e-01	-2.800936e-03	-8.680533e-02	4.742521e-04
248	5.938868e+03	3.112500e+02	1.020186e+01	-5.077688e-02	6.712417e-02	6.484365e-01	4.574783e-01	4.363594e-01	-2.855913e-02	-9.928978e-02	9.325589e-04
249	1.380606e+05	3.112520e+02	1.045909e+01	-5.589715e-02	-2.872466e-03	6.142097e-01	4.359510e-01	4.166660e-01	-2.208734e-03	-8.627474e-02	3.285729e-04
250	5.938868e+03	3.137499e+02	1.024679e+01	-5.082145e-02	6.593200e-02	6.431618e-01	4.565963e-01	4.341966e-01	-2.947086e-02	-9.919426e-02	7.942250e-04
251	1.380605e+05	3.137529e+02	1.049764e+01	-5.653164e-02	-2.861060e-03	6.071339e-01	4.339496e-01	4.142779e-01	-1.803847e-03	-8.593719e-02	2.410323e-04
252	5.938869e+03	3.162500e+02	1.029136e+01	-4.951885e-02	6.390505e-02	6.390739e-01	4.530910e-01	4.316980e-01	-2.943189e-02	-9.992059e-02	5.228143e-04
253	1.380604e+05	3.162505e+02	1.053704e+01	-5.789529e-02	-2.728176e-03	6.005477e-01	4.318119e-01	4.115299e-01	-2.374304e-03	-8.566766e-02	1.171325e-04
254	5.938870e+03	3.187498e+02	1.033718e+01	-4.637903e-02	6.109503e-02	6.340050e-01	4.489157e-01	4.285079e-01	-2.682241e-02	-1.005975e-01	-9.066797e-05
255	1.380605e+05	3.187509e+02	1.057784e+01	-5.791372e-02	-2.645367e-03	5.939269e-01	4.294375e-01	4.084580e-01	-2.845515e-03	-8.537639e-02	2.457120e-05
256	5.938869e+03	3.212500e+02	1.038398e+01	-4.184109e-02	5.850855e-02	6.270581e-01	4.459524e-01	4.258787e-01	-2.308463e-02	-1.015023e-01	-8.296857e-04
257	1.380607e+05	3.212513e+02	1.061920e+01	-5.724251e-02	-2.507204e-03	5.873613e-01	4.260384e-01	4.054304e-01	-2.465402e-03	-8.519384e-02	-1.170834e-04
258	5.938868e+03	3.237501e+02	1.043526e+01	-3.616800e-02	5.685370e-02	6.204597e-01	4.447513e-01	4.232153e-01	-2.053744e-02	-1.033481e-01	-7.690689e-04
259	1.380607e+05	3.237502e+02	1.066122e+01	-5.520305e-02	-2.447690e-03	5.806645e-01	4.227086e-01	4.025787e-01	-1.920938e-03	-8.496764e-02	-2.315776e-04
260	5.938870e+03	3.262499e+02	1.048727e+01	-3.086918e-02	5.557039e-02	6.125768e-01	4.445639e-01	4.218358e-01	-1.878676e-02	-1.054622e-01	-8.454984e-04
261	1.380610e+05	3.262502e+02	1.070428e+01	-5.242828e-02	-2.392318e-03	5.748323e-01	4.208472e-01	4.001684e-01	-1.125012e-03	-8.473825e-02	-3.887896e-04
262	5.938870e+03	3.287499e+02	1.053565e+01	-2.621555e-02	5.460023e-02	6.081964e-01	4.451983e-01	4.206285e-01	-1.644945e-02	-1.073462e-01	-1.677308e-03
263	1.380610e+05	3.287496e+02	1.074753e+01	-5.045719e-02	-2.352203e-03	5.705900e-01	4.197735e-01	3.980609e-01	2.506661e-05	-8.436519e-02	-4.665156e-04
264	5.938871e+03	3.312497e+02	1.058568e+01	-2.360811e-02	5.391045e-02	6.049311e-01	4.456268e-01	4.200158e-01	-1.428285e-02	-1.085864e-01	-2.419688e-03
265	1.380612e+05	3.312502e+02	1.079207e+01	-4.861180e-02	-2.314515e-03	5.669381e-01	4.187534e-01	3.959153e-01	1.059217e-03	-8.389682e-02	-4.941142e-04
266	5.938872e+03	3.337498e+02	1.063840e+01	-2.301477e-02	5.319591e-02	6.003183e-01	4.443571e-01	4.189929e-01	-1.211826e-02	-1.096037e-01	-2.504373e-03
267	1.380609e+05	3.337495e+02	1.083696e+01	-4.721999e-02	-2.290319e-03	5.617642e-01	4.164371e-01	3.938761e-01	2.248450e-03	-8.364112e-02	-4.685822e-04
268	5.938869e+03	3.362500e+02	1.069196e+01	-2.231725e-02	5.190411e-02	5.962512e-01	4.422164e-01	4.178446e-01	-9.589109e-03	-1.089676e-01	-1.778485e-03
269	1.380609e+05	3.362498e+02	1.088192e+01	-4.604295e-02	-2.230409e-03	5.565662e-01	4.141946e-01	3.919362e-01	3.265393e-03	-8.331589e-02	-4.169044e-04
270	5.938870e+03	3.387498e+02	1.074450e+01	-2.066540e-02	4.996044e-02	5.919521e-01	4.417013e-01	4.166619e-01	-8.022385e-03	-1.079233e-01	-7.136707e-04
271	1.380612e+05	3.387489e+02	1.092644e+01	-4.442754e-02	-2.148777e-03	5.519500e-01	4.123670e-01	3.899454e-01	3.742130e-03	-8.316042e-02	-3.848542e-04
272	5.938869e+03	3.412499e+02	1.079470e+01	-1.860447e-02	4.653511e-02	5.880302e-01	4.396842e-01	4.154944e-01	-8.675382e-03	-1.059588e-01	7.226006e-06
273	1.380612e+05	3.412489e+02	1.097056e+01	-4.286557e-02	-2.008384e-03	5.469145e-01	4.103881e-01	3.880701e-01	3.662504e-03	-8.296385e-02	-3.285253e-04
274	5.938869e+03	3.437500e+02	1.084480e+01	-1.480627e-02	4.255691e-02	5.826949e-01	4.356172e-01	4.131563e-01	-1.052317e-02	-1.038732e-01	1.083929e-04
275	1.380612e+05	3.437506e+02	1.101429e+01	-4.023201e-02	-1.815868e-03	5.427468e-01	4.081406e-01	3.862395e-01	2.613233e-03	-8.264931e-02	-2.585330e-04
276	5.938869e+03	3.462500e+02	1.089361e+01	-1.026566e-02	3.792528e-02	5.793687e-01	4.314217e-01	4.105531e-01	-1.004067e-02	-1.010252e-01	-2.299182e-04
277	1.380614e+05	3.462499e+02	1.105634e+01	-3.687935e-02	-1.659785e-03	5.398149e-01	4.056146e-01	3.845821e-01	1.686599e-03	-8.236613e-02	-1.977816e-04
278	5.938868e+03	3.487499e+02	1.094315e+01	-4.378587e-03	3.407049e-02	5.797588e-01	4.282652e-01	4.073220e-01	-7.703118e-03	-9.960739e-02	-1.419618e-03
279	1.380617e+05	3.487484e+02	1.109756e+01	-3.285500e-02	-1.432757e-03	5.370309e-01	4.039085e-01	3.828486e-01	1.522566e-03	-8.191244e-02	-9.262845e-05
280	5.938869e+03	3.512500e+02	1.099368e+01	2.264041e-03	3.156957e-02	5.763171e-01	4.258203e-01	4.041915e-01	-4.569655e-03	-9.879903e-02	-1.773807e-03
281	1.380617e+05	3.512483e+02	1.113927e+01	-3.049689e-02	-1.396453e-03	5.329077e-01	4.031318e-01	3.812046e-01	1.735352e-03	-8.144665e-02	-1.099876e-04
282	5.938869e+03	3.537499e+02	1.104553e+01	6.284044e-03	2.800277e-02	5.682780e-01	4.243921e-01	4.019991e-01	-6.437685e-04	-9.740154e-02	-2.156807e-03
283	1.380616e+05	3.537484e+02	1.118079e+01	-2.840530e-02	-1.155137e-03	5.280876e-01	4.006979e-01	3.792771e-01	1.796516e-03	-8.088303e-02	-4.868939e-05
284	5.938868e+03	3.562501e+02	1.109826e+01	5.885348e-03	2.357770e-02	5.581056e-01	4.194424e-01	3.999183e-01	2.893758e-03	-9.614178e-02	-2.881184e-03
285	1.380617e+05	3.562490e+02	1.122190e+01	-2.642507e-02	-1.060208e-03	5.234547e-01	3.963718e-01	3.771665e-01	1.353368e-03	-8.027873e-02	-7.344520e-05
286	5.938905e+03	3.587497e+02	1.115014e+01	2.955900e-03	1.843497e-02	5.512852e-01	4.142637e-01	3.981360e-01	5.696978e-03	-9.510703e-02	-2.648255e-03
287	1.380618e+05	3.587492e+02	1.126293e+01	-2.568973e-02	-7.452532e-04	5.194737e-01	3.927382e-01	3.746457e-01	1.370403e-03	-7.956009e-02	-5.778555e-05
288	5.938869e+03	3.612499e+02	1.120065e+01	5.438248e-04	1.365305e-02	5.454139e-01	4.095835e-01	3.954312e-01	7.054109e-03	-9.425776e-02	-1.510308e-03
289	1.380618e+05	3.612489e+02	1.130453e+01	-2.523116e-02	-6.309171e-04	5.150082e-01	3.900055e-01	3.717358e-01	1.621038e-03	-7.878263e-02	-1.442642e-04
290	5.938869e+03	3.637500e+02	1.125161e+01	-8.447545e-06	1.033148e-02	5.376258e-01	4.055034e-01	3.915780e-01	6.015034e-03	-9.271913e-02	-4.889831e-04
291	1.380618e+05	3.637484e+02	1.134643e+01	-2.458039e-02	-3.956254e-04	5.097247e-01	3.870800e-01	3.679519e-01	1.551117e-03	-7.790715e-02	-2.608220e-04
292	5.938868e+03	3.662502e+02	1.130293e+01	2.180252e-03	8.009665e-03	5.293409e-01	4.021099e-01	3.866637e-01	3.805645e-03	-9.077574e-02	6.808956e-04
293	1.380617e+05	3.662469e+02	1.138829e+01	-2.341885e-02	-3.971129e-04	5.041189e-01	3.836692e-01	3.638798e-01	1.203130e-03	-7.702316e-02	-3.141489e-04
294	5.938868e+03	3.687499e+02	1.135287e+01	4.329192e-03	7.616745e-03	5.181625e-01	3.973430e-01	3.809347e-01	2.599668e-03	-8.815074e-02	8.297914e-04
295	1.380617e+05	3.687483e+02	1.143017e+01	-2.283517e-02	-2.701168e-04	4.988227e-01	3.800609e-01	3.592652e-01	1.097034e-03	-7.598662e-02	-3.458824e-04
296	5.938868e+03	3.712499e+02	1.140251e+01	2.665952e-03	7.388076e-03	5.079131e-01	3.902023e-01	3.750660e-01	2.909640e-03	-8.622565e-02	-2.283450e-04
297	1.380620e+05	3.712480e+02	1.147195e+01	-2.359826e-02	-3.768897e-04	4.940632e-01	3.764787e-01	3.548153e-01	1.089382e-03	-7.488579e-02	-2.489125e-04
298	5.938868e+03	3.737502e+02	1.145074e+01	-2.658918e-05	7.692876e-03	4.993814e-01	3.826732e-01	3.698600e-01	2.550896e-03	-8.456855e-02	-1.936278e-03
299	1.380620e+05	3.737477e+02	1.151258e+01	-2.514133e-02	-2.755527e-04	4.893157e-01	3.731328e-01	3.506770e-01	1.610284e-04	-7.363604e-02	-1.450944e-04
300	5.938868e+03	3.762500e+02	1.149828e+01	-4.076138e-03	7.406510e-03	4.934039e-01	3.756645e-01	3.652591e-01	3.828677e-03	-8.256150e-02	-3.276953e-03
301	1.380623e+05	3.762460e+02	1.155354e+01	-2.745405e-02	-3.647676e-04	4.837641e-01	3.694959e-01	3.471605e-01	-1.030577e-03	-7.239392e-02	5.256367e-06
302	5.938869e+03	3.787502e+02	1.154371e+01	-8.747522e-03	6.436814e-03	4.903540e-01	3.694156e-01	3.608245e-01	4.365032e-03	-8.060018e-02	-3.454390e-03
303	1.380618e+05	3.787482e+02	1.159398e+01	-2.956867e-02	-2.340496e-04	4.788556e-01	3.653067e-01	3.442278e-01	-2.367073e-03	-7.107849e-02	1.446229e-04
304	5.938868e+03	3.812500e+02	1.158799e+01	-1.250304e-02	6.128030e-03	4.893087e-01	3.654980e-01	3.560238e-01	2.793191e-03	-7.922475e-02	-3.153027e-03
305	1.380617e+05	3.812485e+02	1.163325e+01	-3.072995e-02	-3.063912e-04	4.748746e-01	3.623242e-01	3.416730e-01	-3.770442e-03	-6.969310e-02	2.657138e-04
306	5.938868e+03	3.837502e+02	1.162990e+01	-1.533004e-02	6.449026e-03	4.844820e-01	3.619934e-01	3.509821e-01	2.485340e-03	-7.770698e-02	-2.014244e-03
307	1.380612e+05	3.837506e+02	1.167211e+01	-3.110885e-02	-2.516852e-04	4.707122e-01	3.593174e-01	3.390865e-01	-4.116791e-03	-6.816924e-02	3.368765e-04
308	5.938868e+03	3.862501e+02	1.166952e+01	-1.690689e-02	7.003777e-03	4.763541e-01	3.572013e-01	3.453018e-01	2.426774e-03	-7.541370e-02	-7.432444e-04
309	1.380613e+05	3.862486e+02	1.171033e+01	-3.103003e-02	-3.275287e-04	4.650324e-01	3.553179e-01	3.358943e-01	-4.748993e-03	-6.660774e-02	4.134767e-04
310	5.938868e+03	3.887501e+02	1.170908e+01	-1.692285e-02	8.559568e-03	4.693446e-01	3.541184e-01	3.397565e-01	1.826477e-03	-7.294409e-02	4.942352e-04
311	1.380612e+05	3.887494e+02	1.174989e+01	-3.053512e-02	-3.363966e-04	4.592486e-01	3.514784e-01	3.320704e-01	-5.466440e-03	-6.500571e-02	4.724011e-04
312	5.938868e+03	3.912501e+02	1.174956e+01	-1.566913e-02	9.832769e-03	4.616922e-01	3.497438e-01	3.337882e-01	8.134844e-04	-7.010345e-02	8.893018e-04
313	1.380611e+05	3.912491e+02	1.179137e+01	-3.045589e-02	-4.479304e-04	4.534311e-01	3.476377e-01	3.279850e-01	-5.407908e-03	-6.332053e-02	5.715039e-04
314	5.938867e+03	3.937499e+02	1.179184e+01	-1.371879e-02	1.084649e-02	4.531375e-01	3.438203e-01	3.283110e-01	5.752806e-04	-6.734409e-02	1.176676e-03
315	1.380611e+05	3.937502e+02	1.183447e+01	-3.027776e-02	-4.362234e-04	4.472256e-01	3.435839e-01	3.238655e-01	-5.095461e-03	-6.151706e-02	6.143298e-04
316	5.938867e+03	3.962503e+02	1.183364e+01	-1.127889e-02	1.155062e-02	4.430704e-01	3.385845e-01	3.238555e-01	6.935278e-04	-6.408266e-02	1.612539e-03
317	1.380611e+05	3.962503e+02	1.187636e+01	-2.920964e-02	-5.175091e-04	4.407599e-01	3.391677e-01	3.197122e-01	-5.242486e-03	-5.964682e-02	7.047937e-04
318	5.938866e+03	3.987501e+02	1.187640e+01	-7.988843e-03	1.246667e-02	4.325942e-01	3.329711e-01	3.190039e-01	1.547265e-04	-6.034667e-02	2.012694e-03
319	1.380612e+05	3.987510e+02	1.191678e+01	-2.749631e-02	-5.140838e-04	4.339693e-01	3.343862e-01	3.153218e-01	-5.386386e-03	-5.773441e-02	7.405491e-04
320	5.938866e+03	4.012501e+02	1.191968e+01	-8.950765e-03	1.349994e-02	4.225770e-01	3.267279e-01	3.132360e-01	7.290010e-06	-5.690331e-02	2.740818e-03
321	1.380612e+05	4.012471e+02	1.195691e+01	-2.644246e-02	-6.041843e-04	4.269827e-01	3.286145e-01	3.106973e-01	-5.297474e-03	-5.587545e-02	8.080350e-04
322	5.938866e+03	4.037505e+02	1.196323e+01	-1.000269e-02	1.512673e-02	4.155675e-01	3.219192e-01	3.071899e-01	-3.117564e-04	-5.405438e-02	3.372365e-03
323	1.380610e+05	4.037501e+02	1.199603e+01	-2.440949e-02	-6.204252e-04	4.203097e-01	3.227947e-01	3.060251e-01	-5.249368e-03	-5.400051e-02	8.619038e-04
324	5.938868e+03	4.062500e+02	1.200828e+01	-9.876493e-03	1.696280e-02	4.091457e-01	3.161708e-01	3.016579e-01	1.255947e-04	-5.156738e-02	3.652981e-03
325	1.380610e+05	4.062506e+02	1.203445e+01	-2.209216e-02	-7.695800e-04	4.134850e-01	3.187451e-01	3.012423e-01	-5.074082e-03	-5.207719e-02	9.038770e-04
326	5.938869e+03	4.087501e+02	1.205406e+01	-1.050816e-02	1.871101e-02	4.041264e-01	3.098444e-01	2.968220e-01	-2.141143e-04	-4.979662e-02	3.537988e-03
327	1.380613e+05	4.087514e+02	1.207249e+01	-1.975088e-02	-7.453623e-04	4.077713e-01	3.157379e-01	2.962812e-01	-4.904512e-03	-5.025065e-02	9.450907e-04
328	5.938867e+03	4.112500e+02	1.209771e+01	-1.141660e-02	1.895033e-02	4.003107e-01	3.038773e-01	2.927808e-01	-1.176972e-03	-4.819765e-02	3.119890e-03
329	1.380612e+05	4.112475e+02	1.210862e+01	-1.833322e-02	-8.674649e-04	4.032937e-01	3.125700e-01	2.915132e-01	-4.641711e-03	-4.842816e-02	8.973961e-04
330	5.938911e+03	4.137496e+02	1.213958e+01	-1.115358e-02	1.900780e-02	3.966945e-01	3.008559e-01	2.894350e-01	-2.042465e-03	-4.691673e-02	2.711044e-03
331	1.380611e+05	4.137491e+02	1.214220e+01	-1.622282e-02	-7.648130e-04	4.001066e-01	3.084861e-01	2.872148e-01	-4.730531e-03	-4.666777e-02	8.632927e-04
332	2.421907e+03	4.162498e+02	1.217124e+01	-1.349223e-02	1.778603e-02	3.931236e-01	2.989244e-01	2.841292e-01	-3.650509e-03	-4.438676e-02	2.290811e-03
333	1.415780e+05	4.162502e+02	1.217526e+01	-1.323429e-02	-3.620667e-04	3.975950e-01	3.033146e-01	2.831743e-01	-4.998302e-03	-4.495941e-02	7.894171e-04
334	2.406289e+03	4.187498e+02	1.220805e+01	-9.901147e-03	1.670673e-02	3.871961e-01	2.941563e-01	2.809041e-01	-4.253610e-03	-4.274565e-02	2.633301e-03
335	1.415936e+05	4.187507e+02	1.220860e+01	-9.564533e-03	-2.161496e-04	3.952528e-01	2.968719e-01	2.791804e-01	-5.595762e-03	-4.329942e-02	6.409613e-04
336	2.421907e+03	4.212501e+02	1.224008e+01	-4.074086e-03	1.537391e-02	3.820175e-01	2.870242e-01	2.780948e-01	-4.047610e-03	-4.103855e-02	2.784516e-03
337	1.415781e+05	4.212511e+02	1.223985e+01	-5.236144e-03	-3.410456e-04	3.931751e-01	2.891062e-01	2.751652e-01	-6.032983e-03	-4.163230e-02	4.356426e-04
338	2.421906e+03	4.237501e+02	1.227355e+01	2.398334e-03	1.334414e-02	3.770144e-01	2.827473e-01	2.747637e-01	-3.913753e-03	-3.951610e-02	3.117088e-03
339	1.415781e+05	4.237487e+02	1.227000e+01	-6.827405e-04	-1.421402e-04	3.914806e-01	2.828608e-01	2.709666e-01	-6.269634e-03	-3.997398e-02	2.087367e-04
340	2.421906e+03	4.262502e+02	1.230677e+01	6.970680e-03	1.073071e-02	3.724617e-01	2.795487e-01	2.712120e-01	-3.345255e-03	-3.827630e-02	3.246714e-03
341	1.415779e+05	4.262518e+02	1.229886e+01	3.972725e-03	-2.711974e-04	3.895929e-01	2.775794e-01	2.664649e-01	-6.228131e-03	-3.839071e-02	5.936420e-05
342	2.437528e+03	4.287501e+02	1.233978e+01	9.129604e-03	8.641095e-03	3.702960e-01	2.733212e-01	2.666133e-01	-2.419013e-03	-3.696854e-02	2.799848e-03
343	1.415620e+05	4.287528e+02	1.232629e+01	7.399831e-03	-6.023320e-05	3.879398e-01	2.718461e-01	2.617296e-01	-6.233221e-03	-3.676530e-02	-3.918604e-05
344	2.468771e+03	4.312501e+02	1.237077e+01	1.098951e-02	6.407756e-03	3.679927e-01	2.642004e-01	2.617111e-01	-2.494569e-03	-3.541350e-02	2.285647e-03
345	1.415309e+05	4.312499e+02	1.235424e+01	9.758083e-03	-2.033650e-04	3.863612e-01	2.661438e-01	2.569680e-01	-6.416717e-03	-3.514197e-02	-7.611409e-05
346	2.421906e+03	4.337501e+02	1.239952e+01	1.398151e-02	4.949456e-03	3.660861e-01	2.546350e-01	2.564264e-01	-2.889425e-03	-3.367991e-02	1.866201e-03
347	1.415779e+05	4.337509e+02	1.238132e+01	1.226632e-02	1.212883e-05	3.847597e-01	2.590426e-01	2.522047e-01	-6.386952e-03	-3.350167e-02	-6.832720e-05
348	2.421906e+03	4.362501e+02	1.243028e+01	1.710526e-02	2.746647e-03	3.628600e-01	2.454550e-01	2.513427e-01	-3.465832e-03	-3.247364e-02	1.733782e-03
349	1.415780e+05	4.362517e+02	1.240701e+01	1.460157e-02	-1.534670e-04	3.823132e-01	2.515692e-01	2.474461e-01	-6.258176e-03	-3.179413e-02	-7.283060e-05
350	2.421906e+03	4.387501e+02	1.245994e+01	1.895981e-02	3.786914e-04	3.585196e-01	2.387004e-01	2.452520e-01	-3.578961e-03	-3.089802e-02	1.882726e-03
351	1.415776e+05	4.387532e+02	1.243168e+01	1.624864e-02	1.217864e-04	3.800291e-01	2.444503e-01	2.422904e-01	-5.975965e-03	-3.014365e-02	-9.256923e-05
352	2.421906e+03	4.412500e+02	1.248824e+01	1.800701e-02	-3.420479e-03	3.539183e-01	2.325543e-01	2.387033e-01	-3.587628e-03	-2.921731e-02	2.046139e-03
353	1.415778e+05	4.412483e+02	1.245586e+01	1.687543e-02	-8.146638e-05	3.782718e-01	2.376629e-01	2.371510e-01	-5.467688e-03	-2.848491e-02	-1.266898e-04
354	2.437527e+03	4.437501e+02	1.251494e+01	1.662854e-02	-5.936919e-03	3.522025e-01	2.264937e-01	2.321780e-01	-2.897168e-03	-2.763011e-02	2.084320e-03
355	1.415622e+05	4.437503e+02	1.247872e+01	1.623552e-02	2.525539e-04	3.780330e-01	2.317238e-01	2.320989e-01	-4.638341e-03	-2.690784e-02	-1.207660e-04
356	2.437527e+03	4.462502e+02	1.254047e+01	1.435463e-02	-7.969481e-03	3.550644e-01	2.221038e-01	2.263770e-01	-1.516550e-03	-2.625803e-02	1.851232e-03
357	1.415622e+05	4.462509e+02	1.249965e+01	1.503473e-02	-2.805733e-05	3.791956e-01	2.265774e-01	2.269578e-01	-3.769074e-03	-2.533127e-02	-1.229634e-04
358	2.406288e+03	4.487499e+02	1.256454e+01	1.047536e-02	-8.364263e-03	3.586730e-01	2.166668e-01	2.202878e-01	-6.403374e-04	-2.487304e-02	1.165197e-03
359	1.415936e+05	4.487526e+02	1.251977e+01	1.317696e-02	3.249464e-04	3.805613e-01	2.211411e-01	2.217405e-01	-3.294904e-03	-2.385162e-02	-7.860711e-05
360	2.406288e+03	4.512500e+02	1.258478e+01	7.435430e-03	-9.221386e-03	3.624393e-01	2.107324e-01	2.145226e-01	-4.214324e-04	-2.376506e-02	8.867964e-04
361	1.415935e+05	4.512496e+02	1.253896e+01	1.116433e-02	-4.096716e-05	3.806826e-01	2.151081e-01	2.163910e-01	-3.102449e-03	-2.237659e-02	-4.260151e-05
362	2.421906e+03	4.537502e+02	1.260219e+01	5.832127e-03	-8.834275e-03	3.646706e-01	2.048653e-01	2.092636e-01	-7.356469e-04	-2.266536e-02	9.110076e-04
363	1.415779e+05	4.537487e+02	1.255734e+01	9.196480e-03	3.651849e-04	3.806665e-01	2.090497e-01	2.108801e-01	-3.075683e-03	-2.097023e-02	-8.637504e-07
364	2.453151e+03	4.562502e+02	1.261926e+01	5.958486e-03	-9.577749e-03	3.646890e-01	1.979416e-01	2.032985e-01	-7.180737e-04	-2.108752e-02	9.906467e-04
365	1.415466e+05	4.562509e+02	1.257394e+01	7.318038e-03	-6.505316e-05	3.810664e-01	2.028638e-01	2.053759e-01	-2.744748e-03	-1.964220e-02	2.519780e-05
366	2.437527e+03	4.587502e+02	1.263310e+01	5.116760e-03	-8.308254e-03	3.627949e-01	1.914672e-01	1.976470e-01	-3.509172e-04	-1.967672e-02	1.104142e-03
367	1.415623e+05	4.587507e+02	1.258919e+01	5.523668e-03	3.943006e-04	3.811739e-01	1.965988e-01	1.997148e-01	-2.587044e-03	-1.837389e-02	1.147590e-04
368	2.437527e+03	4.612500e+02	1.264719e+01	3.347294e-03	-8.172788e-03	3.619058e-01	1.853520e-01	1.917462e-01	-1.976115e-04	-1.814574e-02	1.125153e-03
369	1.415623e+05	4.612520e+02	1.260448e+01	3.997959e-03	-1.254584e-04	3.810322e-01	1.906154e-01	1.937432e-01	-2.294600e-03	-1.713294e-02	1.575692e-04
370	2.437527e+03	4.637500e+02	1.265922e+01	3.050974e-04	-6.330936e-03	3.612250e-01	1.804079e-01	1.860916e-01	-8.577686e-05	-1.663279e-02	1.171485e-03
371	1.415623e+05	4.637509e+02	1.261954e+01	2.435488e-03	3.901319e-04	3.812696e-01	1.847313e-01	1.876807e-01	-1.840029e-03	-1.594279e-02	1.755227e-04
372	2.437528e+03	4.662500e+02	1.267095e+01	-3.102567e-03	-6.220124e-03	3.614391e-01	1.772113e-01	1.802477e-01	-2.129294e-04	-1.505871e-02	1.270366e-03
373	1.415623e+05	4.662505e+02	1.263453e+01	8.962904e-04	-1.976291e-04	3.820831e-01	1.794783e-01	1.814290e-01	-1.622529e-03	-1.479806e-02	1.713848e-04
375	1.439997e+05	4.687498e+02	1.265022e+01	-1.549338e-04	3.286940e-04	3.833910e-01	1.750273e-01	1.751872e-01	-1.547974e-03	-1.366202e-02	2.006777e-04
377	1.439997e+05	4.712521e+02	1.266438e+01	2.387814e-04	-3.563629e-04	3.854003e-01	1.709551e-01	1.691894e-01	-1.669495e-03	-1.261916e-02	1.896036e-04
379	1.439997e+05	4.737513e+02	1.267786e+01	1.633867e-03	3.869307e-04	3.876928e-01	1.667195e-01	1.633624e-01	-1.713813e-03	-1.155485e-02	2.075282e-04
381	1.439997e+05	4.762521e+02	1.269044e+01	3.808967e-03	-4.103383e-04	3.896457e-01	1.627928e-01	1.574479e-01	-1.741184e-03	-1.055089e-02	2.032590e-04
383	1.439997e+05	4.787506e+02	1.270220e+01	5.794027e-03	4.368187e-04	3.911152e-01	1.592382e-01	1.512790e-01	-1.716657e-03	-9.514885e-03	1.878493e-04
385	1.439997e+05	4.812523e+02	1.271389e+01	7.190221e-03	-4.794769e-04	3.925828e-01	1.552982e-01	1.449390e-01	-1.573548e-03	-8.538129e-03	1.468265e-04
387	1.439997e+05	4.837506e+02	1.272563e+01	7.831994e-03	5.154512e-04	3.954362e-01	1.514215e-01	1.379376e-01	-1.223823e-03	-7.456556e-03	8.150198e-05
389	1.439997e+05	4.862498e+02	1.273567e+01	7.597876e-03	-5.611592e-04	3.976991e-01	1.478082e-01	1.302667e-01	-6.959827e-04	-6.461614e-03	1.666423e-05
391	1.439997e+05	4.887502e+02	1.274418e+01	6.466517e-03	5.851428e-04	4.006512e-01	1.453114e-01	1.207977e-01	-1.184177e-04	-5.268922e-03	-4.820598e-05
393	1.439997e+05	4.912517e+02	1.275243e+01	5.075567e-03	-6.659217e-04	4.044482e-01	1.459283e-01	1.089414e-01	3.295481e-04	-4.162926e-03	-6.816155e-05
395	1.439997e+05	4.937511e+02	1.276096e+01	3.507197e-03	6.857126e-04	4.081680e-01	1.513270e-01	9.211180e-02	1.432561e-04	-2.907526e-03	-7.505048e-05
397	1.439997e+05	4.962509e+02	1.276859e+01	-2.164199e-03	-8.609940e-04	4.130859e-01	1.632141e-01	6.848020e-02	-7.356817e-04	-1.814991e-03	-7.895146e-05
399	1.439997e+05	4.987523e+02	1.278479e+01	-9.275818e-03	9.909051e-04	4.264523e-01	1.906538e-01	3.018419e-02	-1.006351e-03	-4.070764e-04	-2.380861e-05
