Time (s)	1.000000e+04	dt_sampled - EXTRA_TIME	3.750000e+03
 i	 Vol	 Z	 Uavg	 Vavg	 Wavg	 Urms	 Vrms	 Wrms	 UVmean	 UWmean	 VWmean
0	7.200000e+04	6.247349e-01	4.288336e+00	5.975059e-01	-1.255366e-02	4.412840e-01	2.502126e-01	9.523715e-02	1.285109e-02	-1.265551e-02	-1.666476e-03
1	7.200000e+04	1.875637e+00	5.065922e+00	7.109151e-01	8.091887e-03	4.914726e-01	2.657210e-01	1.178002e-01	1.623994e-02	-2.380603e-02	-2.952607e-03
2	7.200000e+04	3.125806e+00	5.287059e+00	7.404519e-01	-7.467531e-03	4.604193e-01	2.620940e-01	1.436661e-01	1.207050e-02	-2.377368e-02	-2.566438e-03
3	7.200000e+04	4.374590e+00	5.436138e+00	7.553000e-01	6.454821e-03	4.372859e-01	2.581767e-01	1.607048e-01	8.062037e-03	-2.478057e-02	-2.577143e-03
4	7.200000e+04	5.626863e+00	5.532553e+00	7.618516e-01	-5.575318e-03	4.196863e-01	2.536055e-01	1.707864e-01	4.604212e-03	-2.481605e-02	-2.309867e-03
5	7.200000e+04	6.876738e+00	5.609482e+00	7.658052e-01	4.957961e-03	4.081871e-01	2.500094e-01	1.770626e-01	2.099093e-03	-2.485234e-02	-2.144773e-03
6	7.200000e+04	8.127151e+00	5.669474e+00	7.681255e-01	-4.344775e-03	3.998059e-01	2.460593e-01	1.803252e-01	2.204666e-04	-2.485446e-02	-1.939564e-03
7	7.200000e+04	9.375942e+00	5.721385e+00	7.706507e-01	3.893873e-03	3.939357e-01	2.424785e-01	1.823510e-01	-1.373787e-03	-2.464297e-02	-1.717301e-03
8	7.200000e+04	1.062404e+01	5.766884e+00	7.734684e-01	-3.447483e-03	3.895747e-01	2.390335e-01	1.832944e-01	-2.810383e-03	-2.459487e-02	-1.521818e-03
9	7.200000e+04	1.187262e+01	5.808246e+00	7.757040e-01	3.101692e-03	3.862559e-01	2.365832e-01	1.837761e-01	-3.915150e-03	-2.434085e-02	-1.333558e-03
10	7.200000e+04	1.312173e+01	5.846519e+00	7.771954e-01	-2.769799e-03	3.832608e-01	2.350779e-01	1.839770e-01	-4.975769e-03	-2.425934e-02	-1.166265e-03
11	7.200000e+04	1.437005e+01	5.882457e+00	7.783101e-01	2.508585e-03	3.808178e-01	2.340671e-01	1.838669e-01	-5.948103e-03	-2.399366e-02	-9.848371e-04
12	7.200000e+04	1.562164e+01	5.916087e+00	7.793509e-01	-2.250405e-03	3.782990e-01	2.329716e-01	1.837870e-01	-6.959176e-03	-2.389597e-02	-8.246922e-04
13	7.200000e+04	1.687398e+01	5.947880e+00	7.800986e-01	2.039155e-03	3.761609e-01	2.316766e-01	1.835373e-01	-7.837497e-03	-2.364208e-02	-6.623014e-04
14	7.200000e+04	1.811819e+01	5.978394e+00	7.804294e-01	-1.837434e-03	3.743682e-01	2.305329e-01	1.833104e-01	-8.363022e-03	-2.353043e-02	-5.141541e-04
15	7.200000e+04	1.937408e+01	6.007908e+00	7.799721e-01	1.669386e-03	3.727791e-01	2.299608e-01	1.828104e-01	-8.679426e-03	-2.328123e-02	-3.780391e-04
16	7.200000e+04	2.062489e+01	6.036333e+00	7.788519e-01	-1.509352e-03	3.712312e-01	2.293576e-01	1.823954e-01	-9.035026e-03	-2.316525e-02	-2.343783e-04
17	7.200000e+04	2.188293e+01	6.062841e+00	7.773888e-01	1.373834e-03	3.697724e-01	2.288406e-01	1.818104e-01	-9.362476e-03	-2.291430e-02	-1.044452e-04
18	7.200000e+04	2.312019e+01	6.088140e+00	7.756399e-01	-1.247193e-03	3.682111e-01	2.283060e-01	1.813681e-01	-9.669376e-03	-2.279855e-02	2.866155e-05
19	7.200000e+04	2.438035e+01	6.113025e+00	7.739703e-01	1.137361e-03	3.668228e-01	2.273623e-01	1.808558e-01	-9.919112e-03	-2.256399e-02	1.580068e-04
20	7.200000e+04	2.561718e+01	6.136857e+00	7.723919e-01	-1.032238e-03	3.651379e-01	2.258639e-01	1.805511e-01	-1.006107e-02	-2.244849e-02	2.833151e-04
21	7.200000e+04	2.687912e+01	6.158898e+00	7.709022e-01	9.431465e-04	3.631617e-01	2.241553e-01	1.801626e-01	-1.020810e-02	-2.222426e-02	4.097350e-04
22	7.200000e+04	2.811253e+01	6.181215e+00	7.697968e-01	-8.583558e-04	3.609866e-01	2.225341e-01	1.799385e-01	-1.034408e-02	-2.210866e-02	5.302962e-04
23	7.200000e+04	2.937544e+01	6.202857e+00	7.684143e-01	7.829589e-04	3.587288e-01	2.210377e-01	1.795527e-01	-1.038521e-02	-2.190059e-02	6.321445e-04
24	7.200000e+04	3.063739e+01	6.223698e+00	7.667059e-01	-7.119136e-04	3.564037e-01	2.197841e-01	1.792105e-01	-1.021472e-02	-2.178321e-02	7.443718e-04
25	7.200000e+04	3.187226e+01	6.244176e+00	7.646335e-01	6.515844e-04	3.542379e-01	2.185530e-01	1.787088e-01	-9.956742e-03	-2.158452e-02	8.428619e-04
26	7.200000e+04	3.313847e+01	6.263709e+00	7.621222e-01	-5.940633e-04	3.520803e-01	2.172974e-01	1.783096e-01	-9.595130e-03	-2.146250e-02	9.487646e-04
27	7.200000e+04	3.437844e+01	6.283585e+00	7.593284e-01	5.465986e-04	3.498089e-01	2.160873e-01	1.779128e-01	-9.219214e-03	-2.127563e-02	1.042606e-03
28	7.200000e+04	3.562554e+01	6.302322e+00	7.566622e-01	-4.990323e-04	3.473185e-01	2.150487e-01	1.777099e-01	-8.861163e-03	-2.115734e-02	1.146220e-03
29	7.200000e+04	3.686655e+01	6.320232e+00	7.540058e-01	4.561949e-04	3.446083e-01	2.140037e-01	1.774949e-01	-8.440938e-03	-2.097425e-02	1.243323e-03
30	7.200000e+04	3.813452e+01	6.337776e+00	7.509712e-01	-4.160266e-04	3.418437e-01	2.127968e-01	1.773422e-01	-8.138785e-03	-2.085620e-02	1.341275e-03
31	7.200000e+04	3.937933e+01	6.354968e+00	7.480065e-01	3.810293e-04	3.390070e-01	2.117753e-01	1.771151e-01	-7.874794e-03	-2.068007e-02	1.435548e-03
32	7.200049e+04	4.061963e+01	6.371772e+00	7.450930e-01	-3.489130e-04	3.362327e-01	2.109112e-01	1.769663e-01	-7.613478e-03	-2.056447e-02	1.530743e-03
33	7.200049e+04	4.186478e+01	6.387431e+00	7.422428e-01	3.190538e-04	3.335294e-01	2.099804e-01	1.767682e-01	-7.375940e-03	-2.038940e-02	1.622150e-03
34	7.200050e+04	4.313503e+01	6.403308e+00	7.393623e-01	-2.897071e-04	3.310436e-01	2.091964e-01	1.766652e-01	-7.148617e-03	-2.026934e-02	1.714968e-03
35	7.200049e+04	4.438379e+01	6.419182e+00	7.365262e-01	2.667876e-04	3.287171e-01	2.086370e-01	1.765400e-01	-6.927061e-03	-2.010187e-02	1.804845e-03
36	7.200049e+04	4.560881e+01	6.434463e+00	7.335934e-01	-2.428600e-04	3.263678e-01	2.082565e-01	1.765370e-01	-6.572598e-03	-1.998509e-02	1.896807e-03
37	7.200051e+04	4.685774e+01	6.449615e+00	7.307958e-01	2.215011e-04	3.239560e-01	2.078823e-01	1.765605e-01	-6.105866e-03	-1.982370e-02	1.985509e-03
38	7.200051e+04	4.812769e+01	6.464601e+00	7.280747e-01	-2.002468e-04	3.213760e-01	2.073589e-01	1.766474e-01	-5.568461e-03	-1.971704e-02	2.072201e-03
39	7.200049e+04	4.939823e+01	6.479401e+00	7.255877e-01	1.808785e-04	3.186979e-01	2.068801e-01	1.767247e-01	-5.055523e-03	-1.956800e-02	2.159420e-03
40	7.200049e+04	5.065087e+01	6.494198e+00	7.230799e-01	-1.626128e-04	3.160299e-01	2.066197e-01	1.768559e-01	-4.632512e-03	-1.946539e-02	2.244018e-03
41	7.200051e+04	5.186778e+01	6.508883e+00	7.205300e-01	1.443829e-04	3.132069e-01	2.065797e-01	1.769259e-01	-4.275266e-03	-1.932257e-02	2.330843e-03
42	7.200049e+04	5.312151e+01	6.523317e+00	7.179412e-01	-1.272469e-04	3.103442e-01	2.067343e-01	1.769836e-01	-4.027981e-03	-1.922446e-02	2.410597e-03
43	7.200049e+04	5.439294e+01	6.536735e+00	7.152501e-01	1.147324e-04	3.076521e-01	2.069358e-01	1.770262e-01	-3.829264e-03	-1.909344e-02	2.495035e-03
44	7.200051e+04	5.564795e+01	6.550016e+00	7.122742e-01	-9.934868e-05	3.051425e-01	2.070133e-01	1.771685e-01	-3.534526e-03	-1.899494e-02	2.572525e-03
45	7.200049e+04	5.686254e+01	6.563390e+00	7.090678e-01	8.705983e-05	3.026304e-01	2.070571e-01	1.773373e-01	-3.296821e-03	-1.886741e-02	2.654795e-03
46	7.200050e+04	5.811786e+01	6.576849e+00	7.058516e-01	-7.361114e-05	3.001361e-01	2.071025e-01	1.775109e-01	-3.195456e-03	-1.876989e-02	2.734252e-03
47	7.200052e+04	5.938993e+01	6.589671e+00	7.026705e-01	6.394107e-05	2.974115e-01	2.071500e-01	1.776952e-01	-3.130691e-03	-1.864923e-02	2.815961e-03
48	7.200050e+04	6.064682e+01	6.601286e+00	6.996103e-01	-5.402710e-05	2.946616e-01	2.071611e-01	1.779118e-01	-3.122233e-03	-1.855179e-02	2.891781e-03
49	7.200049e+04	6.186095e+01	6.613502e+00	6.965598e-01	4.357784e-05	2.919282e-01	2.072691e-01	1.781278e-01	-3.128964e-03	-1.843605e-02	2.964617e-03
50	7.200048e+04	6.312056e+01	6.625626e+00	6.935265e-01	-3.296961e-05	2.891987e-01	2.075589e-01	1.783289e-01	-3.195860e-03	-1.833756e-02	3.038009e-03
51	7.200050e+04	6.437122e+01	6.636476e+00	6.906169e-01	2.366552e-05	2.866320e-01	2.078475e-01	1.785116e-01	-3.292541e-03	-1.822724e-02	3.101169e-03
52	7.200050e+04	6.563755e+01	6.648850e+00	6.878100e-01	-1.346807e-05	2.842157e-01	2.082537e-01	1.785210e-01	-3.294940e-03	-1.812610e-02	3.169213e-03
53	7.200050e+04	6.689892e+01	6.661456e+00	6.851205e-01	3.543415e-06	2.818703e-01	2.087247e-01	1.784627e-01	-3.214095e-03	-1.802361e-02	3.230170e-03
54	7.200051e+04	6.811652e+01	6.672623e+00	6.825423e-01	6.825814e-06	2.794323e-01	2.093952e-01	1.781169e-01	-3.093589e-03	-1.791956e-02	3.293725e-03
55	7.200049e+04	6.937602e+01	6.683935e+00	6.799714e-01	-1.895844e-05	2.767023e-01	2.103388e-01	1.777707e-01	-2.886814e-03	-1.783256e-02	3.351792e-03
56	7.200046e+04	7.065012e+01	6.696331e+00	6.774663e-01	2.911094e-05	2.738937e-01	2.113445e-01	1.771076e-01	-2.668395e-03	-1.771787e-02	3.414491e-03
57	7.200048e+04	7.191071e+01	6.707088e+00	6.747750e-01	-4.333368e-05	2.711142e-01	2.120606e-01	1.767037e-01	-2.433557e-03	-1.765295e-02	3.466805e-03
58	7.200048e+04	7.313443e+01	6.719104e+00	6.719790e-01	5.433474e-05	2.682060e-01	2.126614e-01	1.757021e-01	-2.187666e-03	-1.751676e-02	3.530431e-03
59	7.200048e+04	7.439701e+01	6.730832e+00	6.690556e-01	-7.693044e-05	2.651560e-01	2.128378e-01	1.752656e-01	-2.029210e-03	-1.748950e-02	3.580799e-03
60	7.200057e+04	7.561620e+01	6.741469e+00	6.661840e-01	8.739716e-05	2.622330e-01	2.127912e-01	1.736098e-01	-1.915653e-03	-1.730070e-02	3.650882e-03
61	7.200055e+04	7.687666e+01	6.751607e+00	6.633925e-01	-1.290980e-04	2.592233e-01	2.121342e-01	1.731172e-01	-1.803122e-03	-1.734230e-02	3.694448e-03
62	7.189972e+04	7.816975e+01	6.762402e+00	6.610368e-01	1.556054e-04	2.561286e-01	2.112660e-01	1.702487e-01	-1.596723e-03	-1.706894e-02	3.779572e-03
63	7.189972e+04	7.939858e+01	6.771676e+00	6.582576e-01	-2.710526e-04	2.533373e-01	2.108099e-01	1.700106e-01	-1.358075e-03	-1.722196e-02	3.791418e-03
65	1.440000e+05	8.125715e+01	6.782954e+00	6.519705e-01	6.480776e-04	2.453499e-01	2.032722e-01	1.642474e-01	-9.777014e-04	-1.684139e-02	3.853009e-03
67	1.440000e+05	8.375500e+01	6.806772e+00	6.463543e-01	-8.131219e-04	2.434271e-01	2.032452e-01	1.626093e-01	-7.195384e-04	-1.655594e-02	4.035439e-03
69	1.440000e+05	8.625465e+01	6.830320e+00	6.422589e-01	7.041728e-04	2.401453e-01	2.021151e-01	1.614864e-01	-4.881592e-04	-1.660616e-02	4.089578e-03
71	1.440000e+05	8.875224e+01	6.853693e+00	6.382737e-01	-6.342357e-04	2.364325e-01	2.016313e-01	1.617989e-01	-3.935849e-04	-1.630877e-02	4.208669e-03
73	1.440000e+05	9.125868e+01	6.876324e+00	6.345478e-01	5.811054e-04	2.333688e-01	2.009833e-01	1.623979e-01	-4.458343e-04	-1.624356e-02	4.267699e-03
75	1.440000e+05	9.375607e+01	6.897425e+00	6.304041e-01	-5.238896e-04	2.314091e-01	2.010901e-01	1.631299e-01	-4.632144e-04	-1.602084e-02	4.361598e-03
77	1.440000e+05	9.625478e+01	6.918257e+00	6.250154e-01	4.767018e-04	2.300777e-01	2.010966e-01	1.635436e-01	-6.688261e-04	-1.588327e-02	4.409842e-03
79	1.440000e+05	9.875185e+01	6.938458e+00	6.176232e-01	-4.410935e-04	2.291290e-01	2.012534e-01	1.638846e-01	-1.015756e-03	-1.565969e-02	4.476854e-03
81	1.440000e+05	1.012481e+02	6.957769e+00	6.103979e-01	4.018620e-04	2.280667e-01	2.026042e-01	1.638300e-01	-1.457048e-03	-1.550444e-02	4.526295e-03
83	1.440000e+05	1.037451e+02	6.977020e+00	6.035738e-01	-3.647920e-04	2.267771e-01	2.044173e-01	1.633850e-01	-1.873031e-03	-1.527296e-02	4.573175e-03
85	1.440000e+05	1.062434e+02	6.996931e+00	5.968821e-01	3.353125e-04	2.251427e-01	2.065249e-01	1.627780e-01	-2.147334e-03	-1.510324e-02	4.596385e-03
87	1.440000e+05	1.087403e+02	7.017481e+00	5.904990e-01	-3.078335e-04	2.226177e-01	2.087541e-01	1.620267e-01	-2.283865e-03	-1.488242e-02	4.627347e-03
89	1.440000e+05	1.112446e+02	7.039607e+00	5.834029e-01	2.811667e-04	2.197197e-01	2.098729e-01	1.611553e-01	-2.238766e-03	-1.468462e-02	4.618358e-03
91	1.440000e+05	1.137413e+02	7.062260e+00	5.750750e-01	-2.511489e-04	2.172889e-01	2.095603e-01	1.598518e-01	-2.259741e-03	-1.443839e-02	4.614623e-03
93	1.440000e+05	1.162395e+02	7.083789e+00	5.664474e-01	2.371155e-04	2.159125e-01	2.085399e-01	1.584478e-01	-2.519767e-03	-1.423560e-02	4.581958e-03
95	1.440000e+05	1.187372e+02	7.104083e+00	5.569637e-01	-2.076818e-04	2.144767e-01	2.078390e-01	1.568735e-01	-2.791975e-03	-1.399186e-02	4.537735e-03
97	1.440000e+05	1.212618e+02	7.124442e+00	5.467557e-01	1.855270e-04	2.124443e-01	2.069575e-01	1.554944e-01	-3.016003e-03	-1.378548e-02	4.482957e-03
99	1.440000e+05	1.237618e+02	7.144335e+00	5.359170e-01	-1.676693e-04	2.104795e-01	2.059959e-01	1.543412e-01	-3.098997e-03	-1.355323e-02	4.421108e-03
101	1.440000e+05	1.262551e+02	7.163054e+00	5.255479e-01	1.547021e-04	2.090064e-01	2.040577e-01	1.532659e-01	-2.870910e-03	-1.333688e-02	4.362777e-03
103	1.440000e+05	1.287570e+02	7.181064e+00	5.159631e-01	-1.388320e-04	2.073412e-01	2.022491e-01	1.522326e-01	-2.461594e-03	-1.311691e-02	4.293783e-03
105	1.440000e+05	1.312533e+02	7.199170e+00	5.074180e-01	1.194438e-04	2.063906e-01	2.004504e-01	1.511393e-01	-2.224052e-03	-1.289887e-02	4.225373e-03
107	1.440000e+05	1.337573e+02	7.216872e+00	4.995237e-01	-1.072701e-04	2.061214e-01	1.977668e-01	1.499868e-01	-2.327482e-03	-1.269522e-02	4.162474e-03
109	1.440000e+05	1.362459e+02	7.233090e+00	4.923100e-01	9.238980e-05	2.053435e-01	1.947688e-01	1.486910e-01	-2.839248e-03	-1.250313e-02	4.100146e-03
111	1.440000e+05	1.387519e+02	7.248825e+00	4.847152e-01	-8.176529e-05	2.051005e-01	1.915494e-01	1.471390e-01	-3.490531e-03	-1.231548e-02	4.032926e-03
113	1.440000e+05	1.412593e+02	7.264211e+00	4.773470e-01	7.818291e-05	2.051179e-01	1.874585e-01	1.453958e-01	-4.237371e-03	-1.212585e-02	3.977526e-03
115	1.440000e+05	1.437448e+02	7.278393e+00	4.711814e-01	-6.884360e-05	2.049323e-01	1.831805e-01	1.435824e-01	-4.900728e-03	-1.194144e-02	3.932422e-03
117	1.440000e+05	1.462555e+02	7.291924e+00	4.650657e-01	6.042438e-05	2.049334e-01	1.789168e-01	1.417675e-01	-5.291766e-03	-1.174807e-02	3.888658e-03
119	1.440000e+05	1.487392e+02	7.305073e+00	4.587662e-01	-5.072674e-05	2.045157e-01	1.743477e-01	1.399187e-01	-5.618312e-03	-1.156216e-02	3.845776e-03
121	1.440000e+05	1.512560e+02	7.317941e+00	4.520598e-01	4.704835e-05	2.039221e-01	1.699345e-01	1.382474e-01	-6.026657e-03	-1.137102e-02	3.800039e-03
123	1.440000e+05	1.537382e+02	7.330429e+00	4.451711e-01	-3.929837e-05	2.038267e-01	1.663065e-01	1.367558e-01	-6.218669e-03	-1.118973e-02	3.764927e-03
125	1.440000e+05	1.562517e+02	7.342259e+00	4.380216e-01	3.379724e-05	2.042248e-01	1.644672e-01	1.352909e-01	-6.352403e-03	-1.099615e-02	3.734852e-03
127	1.440000e+05	1.587321e+02	7.354206e+00	4.302199e-01	-3.148409e-05	2.042258e-01	1.639727e-01	1.338249e-01	-6.543782e-03	-1.080583e-02	3.701779e-03
129	1.440000e+05	1.612682e+02	7.366259e+00	4.220926e-01	2.348842e-05	2.031830e-01	1.639005e-01	1.323321e-01	-6.857322e-03	-1.061605e-02	3.675186e-03
131	1.440000e+05	1.637469e+02	7.378037e+00	4.140676e-01	-1.800672e-05	2.015759e-01	1.633392e-01	1.308120e-01	-7.067579e-03	-1.043587e-02	3.644442e-03
133	1.440000e+05	1.662625e+02	7.389524e+00	4.057239e-01	1.018391e-05	1.997739e-01	1.626426e-01	1.292370e-01	-7.228515e-03	-1.025114e-02	3.615230e-03
135	1.440000e+05	1.687400e+02	7.401619e+00	3.976499e-01	-3.037418e-06	1.975782e-01	1.617888e-01	1.276841e-01	-7.433049e-03	-1.006428e-02	3.579688e-03
137	1.440000e+05	1.712611e+02	7.414272e+00	3.901715e-01	-2.733664e-06	1.943798e-01	1.607060e-01	1.260728e-01	-7.620623e-03	-9.888815e-03	3.553473e-03
139	1.440000e+05	1.737372e+02	7.427210e+00	3.830539e-01	1.300104e-05	1.902456e-01	1.596224e-01	1.242885e-01	-7.739334e-03	-9.698893e-03	3.515155e-03
141	1.440000e+05	1.762554e+02	7.440173e+00	3.763134e-01	-2.235756e-05	1.868448e-01	1.579117e-01	1.227572e-01	-7.826286e-03	-9.500979e-03	3.490465e-03
143	1.440000e+05	1.787300e+02	7.452965e+00	3.698583e-01	2.809190e-05	1.844539e-01	1.556717e-01	1.214962e-01	-7.699853e-03	-9.304031e-03	3.444250e-03
145	1.440000e+05	1.812481e+02	7.466052e+00	3.635650e-01	-3.037454e-05	1.825769e-01	1.531602e-01	1.204055e-01	-7.389157e-03	-9.089187e-03	3.415510e-03
147	1.440000e+05	1.837677e+02	7.479755e+00	3.570883e-01	3.365188e-05	1.811573e-01	1.508576e-01	1.193312e-01	-7.081328e-03	-8.866158e-03	3.376824e-03
149	1.440000e+05	1.862422e+02	7.494043e+00	3.497553e-01	-3.789180e-05	1.802596e-01	1.480879e-01	1.183762e-01	-6.745079e-03	-8.630342e-03	3.326529e-03
151	1.440000e+05	1.887628e+02	7.508573e+00	3.419737e-01	4.588586e-05	1.781866e-01	1.448399e-01	1.175136e-01	-6.361648e-03	-8.395700e-03	3.284376e-03
153	1.440000e+05	1.912396e+02	7.523346e+00	3.342233e-01	-5.149847e-05	1.754709e-01	1.418527e-01	1.167410e-01	-5.894145e-03	-8.150665e-03	3.236375e-03
155	1.440000e+05	1.937611e+02	7.537820e+00	3.260528e-01	6.075043e-05	1.728934e-01	1.397966e-01	1.160360e-01	-5.526279e-03	-7.898122e-03	3.192460e-03
157	1.440000e+05	1.962332e+02	7.551943e+00	3.176777e-01	-6.428970e-05	1.699151e-01	1.380108e-01	1.153722e-01	-5.177804e-03	-7.655434e-03	3.146491e-03
159	1.440000e+05	1.987556e+02	7.566014e+00	3.094454e-01	7.450262e-05	1.669998e-01	1.363719e-01	1.147544e-01	-4.883164e-03	-7.389622e-03	3.101966e-03
161	1.440000e+05	2.012436e+02	7.579558e+00	3.014963e-01	-8.518806e-05	1.639383e-01	1.358144e-01	1.139467e-01	-4.699897e-03	-7.140629e-03	3.054051e-03
163	1.440000e+05	2.037671e+02	7.592037e+00	2.939931e-01	9.228426e-05	1.615321e-01	1.356651e-01	1.128617e-01	-4.603740e-03	-6.880390e-03	3.010314e-03
165	1.440000e+05	2.062371e+02	7.604284e+00	2.866789e-01	-1.037128e-04	1.591482e-01	1.350231e-01	1.116726e-01	-4.524132e-03	-6.638087e-03	2.965078e-03
167	1.440000e+05	2.087611e+02	7.616261e+00	2.799533e-01	1.135998e-04	1.565805e-01	1.341814e-01	1.104832e-01	-4.432564e-03	-6.394664e-03	2.922073e-03
169	1.440000e+05	2.112335e+02	7.628878e+00	2.739017e-01	-1.206130e-04	1.538045e-01	1.327811e-01	1.094402e-01	-4.404114e-03	-6.163009e-03	2.875950e-03
171	1.440000e+05	2.137582e+02	7.641073e+00	2.681277e-01	1.347189e-04	1.513142e-01	1.308988e-01	1.084004e-01	-4.460055e-03	-5.922752e-03	2.822645e-03
173	1.440000e+05	2.162266e+02	7.653262e+00	2.618618e-01	-1.456987e-04	1.486049e-01	1.289738e-01	1.072793e-01	-4.481609e-03	-5.707014e-03	2.770738e-03
175	1.440000e+05	2.187520e+02	7.665050e+00	2.552929e-01	1.577033e-04	1.455238e-01	1.269144e-01	1.060806e-01	-4.517542e-03	-5.487778e-03	2.706382e-03
177	1.440000e+05	2.212776e+02	7.676601e+00	2.495052e-01	-1.716560e-04	1.429950e-01	1.244671e-01	1.048233e-01	-4.506425e-03	-5.283740e-03	2.648219e-03
179	1.440000e+05	2.237445e+02	7.687221e+00	2.442981e-01	1.852090e-04	1.411667e-01	1.220131e-01	1.034658e-01	-4.449651e-03	-5.078002e-03	2.575622e-03
181	1.440000e+05	2.262719e+02	7.697344e+00	2.389946e-01	-2.009002e-04	1.391117e-01	1.201857e-01	1.020922e-01	-4.370758e-03	-4.894405e-03	2.512556e-03
183	1.440000e+05	2.287381e+02	7.707015e+00	2.335886e-01	2.160289e-04	1.361342e-01	1.184875e-01	1.006746e-01	-4.220056e-03	-4.696087e-03	2.426765e-03
185	1.440000e+05	2.312697e+02	7.717100e+00	2.283518e-01	-2.277452e-04	1.328779e-01	1.166800e-01	9.906120e-02	-4.032782e-03	-4.517622e-03	2.357569e-03
187	1.440000e+05	2.337345e+02	7.727477e+00	2.227772e-01	2.488492e-04	1.295342e-01	1.150560e-01	9.732917e-02	-3.878267e-03	-4.332077e-03	2.270354e-03
189	1.440000e+05	2.362637e+02	7.737340e+00	2.171495e-01	-2.652626e-04	1.263134e-01	1.136417e-01	9.559666e-02	-3.862359e-03	-4.163939e-03	2.202964e-03
191	1.440000e+05	2.387309e+02	7.746548e+00	2.120729e-01	2.845986e-04	1.232795e-01	1.123472e-01	9.372626e-02	-3.977769e-03	-3.985106e-03	2.111752e-03
193	1.440000e+05	2.412678e+02	7.755137e+00	2.071413e-01	-3.038227e-04	1.196398e-01	1.112966e-01	9.165330e-02	-4.174262e-03	-3.841639e-03	2.039175e-03
195	1.440000e+05	2.437354e+02	7.763984e+00	2.021819e-01	3.247736e-04	1.161093e-01	1.101399e-01	8.952491e-02	-4.286100e-03	-3.680184e-03	1.952476e-03
197	1.440000e+05	2.462658e+02	7.772321e+00	1.974443e-01	-3.474480e-04	1.127433e-01	1.087353e-01	8.751693e-02	-4.322647e-03	-3.548835e-03	1.884845e-03
199	1.440000e+05	2.487365e+02	7.780796e+00	1.930508e-01	3.680150e-04	1.095372e-01	1.069086e-01	8.548662e-02	-4.303202e-03	-3.397311e-03	1.797429e-03
201	1.440000e+05	2.512528e+02	7.789114e+00	1.889140e-01	-3.960445e-04	1.067796e-01	1.045660e-01	8.341932e-02	-4.254397e-03	-3.273787e-03	1.739488e-03
203	1.440000e+05	2.537241e+02	7.797725e+00	1.851136e-01	4.182328e-04	1.046293e-01	1.024387e-01	8.120602e-02	-4.261789e-03	-3.127905e-03	1.659534e-03
205	1.440000e+05	2.562555e+02	7.806080e+00	1.816176e-01	-4.395442e-04	1.024555e-01	1.003546e-01	7.898203e-02	-4.212471e-03	-3.002942e-03	1.603784e-03
207	1.440000e+05	2.587296e+02	7.813868e+00	1.782433e-01	4.664634e-04	1.002218e-01	9.829793e-02	7.686824e-02	-4.143266e-03	-2.860765e-03	1.525893e-03
209	1.440000e+05	2.612619e+02	7.820963e+00	1.749535e-01	-4.914864e-04	9.775250e-02	9.646666e-02	7.494024e-02	-4.059308e-03	-2.740256e-03	1.472033e-03
211	1.440000e+05	2.637651e+02	7.827547e+00	1.711957e-01	5.151388e-04	9.521379e-02	9.478182e-02	7.298723e-02	-3.943386e-03	-2.592558e-03	1.390753e-03
213	1.440000e+05	2.662414e+02	7.833642e+00	1.672130e-01	-5.463830e-04	9.329902e-02	9.271654e-02	7.090155e-02	-3.762657e-03	-2.472871e-03	1.340395e-03
215	1.440000e+05	2.687739e+02	7.839544e+00	1.633800e-01	5.768982e-04	9.158614e-02	8.997741e-02	6.866709e-02	-3.565398e-03	-2.331650e-03	1.260756e-03
217	1.440000e+05	2.712552e+02	7.844979e+00	1.597283e-01	-6.066005e-04	8.963943e-02	8.698177e-02	6.639061e-02	-3.393274e-03	-2.220729e-03	1.211678e-03
219	1.440000e+05	2.737511e+02	7.849495e+00	1.561427e-01	6.398464e-04	8.752887e-02	8.416080e-02	6.414142e-02	-3.271798e-03	-2.090710e-03	1.128154e-03
221	1.440000e+05	2.762305e+02	7.853983e+00	1.529156e-01	-6.734354e-04	8.467011e-02	8.172179e-02	6.195941e-02	-3.182446e-03	-1.985526e-03	1.081676e-03
223	1.440000e+05	2.787639e+02	7.858912e+00	1.497799e-01	7.092475e-04	8.109076e-02	7.956859e-02	5.980001e-02	-2.997115e-03	-1.857484e-03	9.958567e-04
225	1.440000e+05	2.812578e+02	7.863725e+00	1.463286e-01	-7.468153e-04	7.762169e-02	7.677863e-02	5.771053e-02	-2.746300e-03	-1.763212e-03	9.486930e-04
227	1.440000e+05	2.837469e+02	7.868884e+00	1.423501e-01	7.823563e-04	7.400440e-02	7.317812e-02	5.563775e-02	-2.474406e-03	-1.649685e-03	8.642783e-04
229	1.440000e+05	2.862289e+02	7.873978e+00	1.382030e-01	-8.249771e-04	7.090455e-02	6.910011e-02	5.361662e-02	-2.200612e-03	-1.563070e-03	8.182193e-04
231	1.440000e+05	2.887630e+02	7.878232e+00	1.341714e-01	8.632668e-04	6.796941e-02	6.532064e-02	5.148861e-02	-1.983723e-03	-1.455611e-03	7.359563e-04
233	1.440000e+05	2.912500e+02	7.882747e+00	1.304297e-01	-9.029792e-04	6.515656e-02	6.164977e-02	4.934934e-02	-1.813339e-03	-1.369552e-03	6.870299e-04
235	1.440000e+05	2.937323e+02	7.886175e+00	1.269082e-01	9.433507e-04	6.233991e-02	5.815604e-02	4.710270e-02	-1.641897e-03	-1.265730e-03	6.092462e-04
237	1.440000e+05	2.962174e+02	7.889307e+00	1.235993e-01	-9.877321e-04	6.040221e-02	5.469578e-02	4.485010e-02	-1.482466e-03	-1.185404e-03	5.630836e-04
239	1.440000e+05	2.987519e+02	7.892237e+00	1.203531e-01	1.030382e-03	5.788672e-02	5.131524e-02	4.255663e-02	-1.310227e-03	-1.085061e-03	4.891903e-04
241	1.440000e+05	3.012867e+02	7.894785e+00	1.170911e-01	-1.076696e-03	5.576671e-02	4.812919e-02	4.042824e-02	-1.130101e-03	-1.011482e-03	4.481029e-04
243	1.440000e+05	3.037741e+02	7.897676e+00	1.141360e-01	1.124471e-03	5.291706e-02	4.537391e-02	3.842378e-02	-9.652597e-04	-9.222070e-04	3.834481e-04
245	1.440000e+05	3.062499e+02	7.900630e+00	1.111842e-01	-1.172632e-03	5.102317e-02	4.265297e-02	3.666290e-02	-8.186465e-04	-8.600742e-04	3.464184e-04
247	1.440000e+05	3.087376e+02	7.903896e+00	1.086530e-01	1.227219e-03	4.858825e-02	4.015251e-02	3.508126e-02	-6.962176e-04	-7.812968e-04	2.915171e-04
249	1.440000e+05	3.112760e+02	7.906890e+00	1.062690e-01	-1.280199e-03	4.684337e-02	3.751739e-02	3.363127e-02	-5.953833e-04	-7.281047e-04	2.593956e-04
251	1.440000e+05	3.137657e+02	7.909205e+00	1.039592e-01	1.338190e-03	4.474743e-02	3.505108e-02	3.229040e-02	-5.058916e-04	-6.573198e-04	2.130439e-04
253	1.440000e+05	3.162361e+02	7.911512e+00	1.018054e-01	-1.397925e-03	4.211712e-02	3.266766e-02	3.094336e-02	-4.205040e-04	-6.111140e-04	1.874805e-04
255	1.440000e+05	3.187261e+02	7.913239e+00	9.981732e-02	1.459939e-03	3.933027e-02	3.033031e-02	2.963326e-02	-3.378874e-04	-5.487642e-04	1.499339e-04
257	1.440000e+05	3.212739e+02	7.915502e+00	9.799137e-02	-1.528351e-03	3.463690e-02	2.799130e-02	2.830046e-02	-2.634430e-04	-5.092809e-04	1.298024e-04
259	1.440000e+05	3.237657e+02	7.917058e+00	9.632754e-02	1.595641e-03	3.369470e-02	2.595666e-02	2.703563e-02	-1.995576e-04	-4.533361e-04	9.904170e-05
261	1.440000e+05	3.262309e+02	7.919160e+00	9.495387e-02	-1.670477e-03	3.045552e-02	2.404335e-02	2.578792e-02	-1.528143e-04	-4.178011e-04	8.303796e-05
263	1.440000e+05	3.287231e+02	7.920450e+00	9.378675e-02	1.748009e-03	2.861520e-02	2.225387e-02	2.455974e-02	-1.087058e-04	-3.657287e-04	5.839512e-05
265	1.440000e+05	3.312625e+02	7.922652e+00	9.281640e-02	-1.830747e-03	3.093595e-02	2.065813e-02	2.331755e-02	-7.049122e-05	-3.307713e-04	4.766464e-05
267	1.440000e+05	3.337561e+02	7.923840e+00	9.204964e-02	1.918359e-03	3.457646e-02	1.914754e-02	2.213804e-02	-3.436272e-05	-2.848730e-04	2.835812e-05
269	1.440000e+05	3.362165e+02	7.925837e+00	9.123509e-02	-2.004669e-03	3.691997e-02	1.781030e-02	2.101485e-02	-3.960454e-06	-2.533415e-04	2.220680e-05
271	1.440000e+05	3.387108e+02	7.926673e+00	9.056042e-02	2.095951e-03	3.790890e-02	1.668606e-02	1.986446e-02	2.445049e-05	-2.136609e-04	1.124740e-05
273	1.440000e+05	3.412480e+02	7.927968e+00	8.985621e-02	-2.189444e-03	4.189943e-02	1.582380e-02	1.879960e-02	4.048190e-05	-1.898522e-04	9.810520e-06
275	1.440000e+05	3.437858e+02	7.928592e+00	8.946641e-02	2.283882e-03	4.296120e-02	1.501949e-02	1.761731e-02	5.076320e-05	-1.614385e-04	3.808180e-06
277	1.440000e+05	3.462827e+02	7.929821e+00	8.896674e-02	-2.387071e-03	4.901439e-02	1.420549e-02	1.664348e-02	5.173551e-05	-1.447680e-04	4.454842e-06
279	1.440000e+05	3.487373e+02	7.930285e+00	8.875894e-02	2.491937e-03	5.157455e-02	1.323549e-02	1.541915e-02	5.516184e-05	-1.212990e-04	1.718385e-06
281	1.440000e+05	3.512361e+02	7.931441e+00	8.836398e-02	-2.603724e-03	5.867247e-02	1.247570e-02	1.452866e-02	5.133168e-05	-1.064693e-04	3.414677e-06
283	1.440000e+05	3.537746e+02	7.931879e+00	8.825360e-02	2.717760e-03	5.730649e-02	1.173483e-02	1.327176e-02	5.219112e-05	-8.588300e-05	1.638181e-06
285	1.440000e+05	3.562735e+02	7.932819e+00	8.790001e-02	-2.834040e-03	6.564146e-02	1.127428e-02	1.256181e-02	4.902755e-05	-7.237113e-05	2.561424e-06
287	1.440000e+05	3.587234e+02	7.933034e+00	8.790872e-02	2.957220e-03	5.552939e-02	1.068425e-02	1.133622e-02	4.863783e-05	-5.666411e-05	1.492449e-06
289	1.440000e+05	3.612320e+02	7.935031e+00	8.771700e-02	-3.080715e-03	6.634934e-02	1.036594e-02	1.078831e-02	3.930540e-05	-4.502598e-05	2.983849e-06
291	1.440000e+05	3.637706e+02	7.935260e+00	8.787467e-02	3.212780e-03	5.290473e-02	9.811191e-03	9.623388e-03	3.467025e-05	-3.406964e-05	2.454461e-06
293	1.440000e+05	3.662710e+02	7.936013e+00	8.774669e-02	-3.340949e-03	6.306883e-02	9.581429e-03	9.244031e-03	3.342899e-05	-2.449203e-05	3.568723e-06
295	1.440000e+05	3.687170e+02	7.935896e+00	8.796177e-02	3.473934e-03	5.577519e-02	9.111803e-03	8.132581e-03	3.697867e-05	-1.926462e-05	2.403821e-06
297	1.440000e+05	3.712194e+02	7.936362e+00	8.776334e-02	-3.604056e-03	6.341317e-02	8.973680e-03	7.891500e-03	3.660720e-05	-1.291912e-05	2.894995e-06
299	1.440000e+05	3.737585e+02	7.936032e+00	8.798011e-02	3.736535e-03	5.466356e-02	8.569241e-03	6.834600e-03	3.768746e-05	-1.088715e-05	2.049416e-06
301	1.440000e+05	3.762604e+02	7.936967e+00	8.777466e-02	-3.869070e-03	6.548403e-02	8.479272e-03	6.727746e-03	3.937745e-05	-5.979421e-06	2.637671e-06
303	1.440000e+05	3.787031e+02	7.936152e+00	8.802006e-02	4.005543e-03	5.781803e-02	8.148680e-03	5.744638e-03	3.814878e-05	-6.713110e-06	2.029900e-06
305	1.440000e+05	3.812426e+02	7.937500e+00	8.772931e-02	-4.143885e-03	6.747811e-02	8.109536e-03	5.735329e-03	3.819218e-05	-2.276871e-06	2.386028e-06
307	1.440000e+05	3.837448e+02	7.936276e+00	8.798812e-02	4.282189e-03	5.831417e-02	7.841964e-03	4.857524e-03	3.777341e-05	-4.986544e-06	1.556716e-06
309	1.440000e+05	3.862851e+02	7.937851e+00	8.773010e-02	-4.422048e-03	6.601381e-02	7.792663e-03	4.916642e-03	3.642644e-05	-3.734480e-07	1.534964e-06
311	1.440000e+05	3.887885e+02	7.936299e+00	8.800623e-02	4.564263e-03	5.884280e-02	7.586775e-03	4.138842e-03	3.807058e-05	-4.039840e-06	1.070188e-06
313	1.440000e+05	3.912288e+02	7.937965e+00	8.766752e-02	-4.707586e-03	6.711850e-02	7.545775e-03	4.233292e-03	3.636244e-05	6.635562e-07	7.434181e-07
315	1.440000e+05	3.937322e+02	7.936169e+00	8.797362e-02	4.852450e-03	5.510132e-02	7.405193e-03	3.564008e-03	3.523549e-05	-3.512701e-06	5.805277e-07
317	1.440000e+05	3.962732e+02	7.937373e+00	8.771889e-02	-4.999488e-03	6.901514e-02	7.369779e-03	3.679697e-03	3.575832e-05	1.414154e-06	-4.100011e-08
319	1.440000e+05	3.987773e+02	7.936159e+00	8.811083e-02	5.147825e-03	5.232285e-02	7.269284e-03	3.107709e-03	3.180028e-05	-3.165672e-06	4.838378e-07
321	1.440000e+05	4.012227e+02	7.937743e+00	8.787302e-02	-5.301730e-03	6.079734e-02	7.267468e-03	3.232035e-03	3.081961e-05	2.249715e-06	-2.598875e-07
323	1.440000e+05	4.037263e+02	7.936183e+00	8.825896e-02	5.454156e-03	4.410727e-02	7.192428e-03	2.758672e-03	2.469330e-05	-3.239484e-06	5.367418e-07
325	1.440000e+05	4.062682e+02	7.937393e+00	8.803511e-02	-5.608580e-03	6.133221e-02	7.150645e-03	2.886120e-03	2.936894e-05	2.447869e-06	-4.224173e-07
327	1.440000e+05	4.087726e+02	7.936127e+00	8.830941e-02	5.765889e-03	4.955970e-02	7.096963e-03	2.523704e-03	2.164703e-05	-3.411616e-06	4.859307e-07
329	1.440000e+05	4.112087e+02	7.937353e+00	8.810587e-02	-5.924445e-03	5.299845e-02	7.097567e-03	2.616737e-03	2.402980e-05	2.732613e-06	-3.888916e-07
331	1.440000e+05	4.137135e+02	7.936086e+00	8.839931e-02	6.079955e-03	4.941611e-02	7.070092e-03	2.340737e-03	2.053224e-05	-3.426189e-06	5.496975e-07
333	1.440000e+05	4.162557e+02	7.936968e+00	8.808690e-02	-6.239456e-03	4.998826e-02	7.055395e-03	2.428391e-03	2.190793e-05	2.657484e-06	-5.176113e-07
335	1.440000e+05	4.187626e+02	7.936091e+00	8.837562e-02	6.397913e-03	4.975791e-02	7.016798e-03	2.197599e-03	2.065235e-05	-3.307838e-06	4.971726e-07
337	1.440000e+05	4.213039e+02	7.937285e+00	8.817232e-02	-6.560754e-03	5.189436e-02	6.971285e-03	2.282354e-03	2.073835e-05	2.450468e-06	-5.131627e-07
339	1.440000e+05	4.237330e+02	7.936051e+00	8.834723e-02	6.717113e-03	4.059852e-02	7.004564e-03	2.167192e-03	1.814585e-05	-3.558753e-06	6.284550e-07
341	1.440000e+05	4.262408e+02	7.937208e+00	8.806817e-02	-6.873916e-03	5.496319e-02	6.991748e-03	2.196168e-03	2.187922e-05	2.187754e-06	-7.229922e-07
343	1.440000e+05	4.287833e+02	7.936025e+00	8.833922e-02	7.037174e-03	4.495535e-02	7.046286e-03	2.089323e-03	1.804529e-05	-3.564376e-06	7.669580e-07
345	1.440000e+05	4.312928e+02	7.937285e+00	8.823037e-02	-7.211259e-03	5.630956e-02	7.003830e-03	2.142441e-03	2.090931e-05	2.246778e-06	-6.934110e-07
347	1.440000e+05	4.337201e+02	7.936016e+00	8.836602e-02	7.381415e-03	5.497402e-02	7.001230e-03	2.086521e-03	1.740084e-05	-3.670219e-06	6.766770e-07
349	1.440000e+05	4.362285e+02	7.938015e+00	8.806937e-02	-7.555400e-03	5.179384e-02	6.992827e-03	2.090349e-03	2.001183e-05	2.052725e-06	-7.184179e-07
351	1.440000e+05	4.387708e+02	7.936028e+00	8.824062e-02	7.726397e-03	5.685253e-02	7.026066e-03	2.272547e-03	1.940645e-05	-3.394697e-06	9.023419e-07
353	1.440000e+05	4.412881e+02	7.937502e+00	8.812410e-02	-7.899843e-03	5.616361e-02	6.974341e-03	2.176308e-03	2.051624e-05	1.762163e-06	-8.232510e-07
355	1.440000e+05	4.437123e+02	7.936017e+00	8.837230e-02	8.077068e-03	5.030560e-02	6.964518e-03	2.397539e-03	1.683726e-05	-3.369855e-06	1.162743e-06
357	1.440000e+05	4.462217e+02	7.937900e+00	8.813571e-02	-8.263004e-03	6.489433e-02	7.050370e-03	2.199505e-03	2.148817e-05	1.630086e-06	-7.894303e-07
359	1.440000e+05	4.487649e+02	7.936042e+00	8.835299e-02	8.442455e-03	5.715243e-02	7.034351e-03	2.530441e-03	1.843870e-05	-3.568279e-06	1.303089e-06
361	1.440000e+05	4.512774e+02	7.937898e+00	8.842719e-02	-8.629944e-03	7.102690e-02	7.009782e-03	2.297244e-03	2.103576e-05	1.411271e-06	-1.245447e-06
363	1.440000e+05	4.536982e+02	7.936055e+00	8.838096e-02	8.809280e-03	5.708830e-02	7.032598e-03	2.584199e-03	1.654056e-05	-3.553781e-06	1.281282e-06
365	1.440000e+05	4.562085e+02	7.938038e+00	8.837131e-02	-8.990884e-03	5.905230e-02	7.065614e-03	2.548035e-03	2.349431e-05	1.044622e-06	-1.773053e-06
367	1.440000e+05	4.587520e+02	7.936032e+00	8.855612e-02	9.187912e-03	6.094084e-02	7.004382e-03	2.629576e-03	1.679945e-05	-3.646937e-06	1.384571e-06
369	1.440000e+05	4.612955e+02	7.937710e+00	8.856519e-02	-9.395678e-03	6.115386e-02	7.126499e-03	2.736635e-03	2.320786e-05	7.591134e-07	-1.825085e-06
371	1.440000e+05	4.638066e+02	7.936048e+00	8.879633e-02	9.588110e-03	6.351113e-02	7.201619e-03	2.837442e-03	1.896194e-05	-3.846029e-06	1.548697e-06
373	1.440000e+05	4.662248e+02	7.937499e+00	8.854770e-02	-9.771906e-03	6.453629e-02	7.105114e-03	3.037585e-03	2.307927e-05	6.112007e-07	-1.794417e-06
375	1.440000e+05	4.687387e+02	7.936041e+00	8.915699e-02	9.958906e-03	5.513627e-02	7.146516e-03	3.324973e-03	1.547690e-05	-4.385536e-06	1.650693e-06
377	1.440000e+05	4.712799e+02	7.937170e+00	8.888545e-02	-1.013921e-02	6.474723e-02	7.018812e-03	3.463885e-03	1.916810e-05	4.374235e-07	-1.512174e-06
379	1.440000e+05	4.737907e+02	7.935985e+00	8.910213e-02	1.033080e-02	4.809240e-02	7.083784e-03	3.689379e-03	1.372527e-05	-4.432595e-06	2.278022e-06
381	1.440000e+05	4.762108e+02	7.936770e+00	8.868941e-02	-1.054003e-02	4.966829e-02	7.194516e-03	3.839216e-03	1.901930e-05	5.879270e-07	-2.010642e-07
383	1.440000e+05	4.787241e+02	7.935878e+00	8.909793e-02	1.074736e-02	5.988429e-02	7.130849e-03	3.737741e-03	1.342688e-05	-3.983832e-06	2.377335e-06
385	1.440000e+05	4.812759e+02	7.936428e+00	8.875522e-02	-1.096773e-02	5.748159e-02	7.350012e-03	4.191529e-03	2.057815e-05	5.231727e-07	-1.432904e-07
387	1.440000e+05	4.837899e+02	7.935551e+00	8.897257e-02	1.117187e-02	7.363514e-02	7.415340e-03	4.065675e-03	1.743227e-05	-3.753375e-06	2.661372e-06
389	1.440000e+05	4.862129e+02	7.936061e+00	8.906982e-02	-1.138719e-02	6.261881e-02	7.560093e-03	4.863864e-03	2.105573e-05	5.730982e-07	-2.120450e-06
391	1.440000e+05	4.887282e+02	7.935181e+00	8.898548e-02	1.159198e-02	6.871279e-02	7.596397e-03	4.711303e-03	1.891726e-05	-3.581712e-06	2.492885e-06
393	1.440000e+05	4.912500e+02	7.935886e+00	8.931108e-02	-1.179794e-02	6.075024e-02	7.701844e-03	5.869547e-03	2.433465e-05	6.148161e-07	-4.745041e-06
395	1.440000e+05	4.937638e+02	7.933441e+00	8.970062e-02	1.200338e-02	5.615197e-02	7.708530e-03	5.271505e-03	2.653428e-05	-2.922095e-06	1.247360e-06
397	1.440000e+05	4.961895e+02	7.935058e+00	8.984854e-02	-1.241808e-02	6.984022e-02	9.566924e-03	6.431925e-03	2.559336e-05	2.837616e-07	-5.311634e-06
399	1.440000e+05	4.987036e+02	7.931516e+00	9.060945e-02	1.296024e-02	6.977267e-02	8.014051e-03	4.293841e-03	2.999344e-05	-2.045430e-06	-6.606134e-07
