Time (s)	9.993750e+03	dt_sampled - EXTRA_TIME	3.743750e+03
 i	 Vol	 Z	 Uavg	 Vavg	 Wavg	 Urms	 Vrms	 Wrms	 UVmean	 UWmean	 VWmean
0	6.299841e+04	6.250091e-01	2.052528e-01	1.627365e-01	-1.780553e-02	4.736979e-01	5.008531e-01	1.462382e-01	-2.507190e-02	-1.128161e-03	-3.362907e-04
1	6.299841e+04	1.875173e+00	3.235128e-01	1.919079e-01	6.105677e-03	4.269254e-01	4.505343e-01	2.357256e-01	-1.466880e-02	-6.002535e-03	-2.692792e-03
2	6.299841e+04	3.125400e+00	3.761557e-01	2.057368e-01	-2.685748e-03	4.127882e-01	4.336884e-01	2.885936e-01	-1.201187e-02	-1.022256e-02	-4.884864e-03
3	6.299841e+04	4.375069e+00	4.079028e-01	2.169483e-01	2.386344e-03	4.094974e-01	4.268642e-01	3.196595e-01	-1.068970e-02	-1.283035e-02	-7.003377e-03
4	6.299848e+04	5.625588e+00	4.281987e-01	2.279461e-01	-1.364318e-03	4.085336e-01	4.237362e-01	3.396856e-01	-9.151943e-03	-1.646263e-02	-9.484451e-03
5	6.299848e+04	6.875798e+00	4.441538e-01	2.398742e-01	1.018633e-03	4.085032e-01	4.221226e-01	3.534077e-01	-7.128121e-03	-1.947414e-02	-1.182646e-02
6	6.299851e+04	8.125542e+00	4.589391e-01	2.530637e-01	-7.193963e-04	4.092395e-01	4.213525e-01	3.647846e-01	-4.694503e-03	-2.342969e-02	-1.461284e-02
7	6.299850e+04	9.375190e+00	4.740198e-01	2.680653e-01	5.615655e-04	4.110525e-01	4.211363e-01	3.733956e-01	-1.961756e-03	-2.726193e-02	-1.740025e-02
8	6.300080e+04	1.062495e+01	4.914518e-01	2.852440e-01	-4.052971e-04	4.138204e-01	4.224202e-01	3.809023e-01	7.172676e-04	-3.183493e-02	-2.060920e-02
9	6.300080e+04	1.187444e+01	5.113060e-01	3.048634e-01	3.309906e-04	4.174903e-01	4.246457e-01	3.870526e-01	3.583393e-03	-3.669719e-02	-2.392413e-02
10	6.300071e+04	1.312418e+01	5.349183e-01	3.278570e-01	-3.297761e-04	4.223653e-01	4.272764e-01	3.922183e-01	6.505448e-03	-4.235110e-02	-2.763166e-02
11	6.300113e+04	1.437415e+01	5.630560e-01	3.544663e-01	3.233512e-04	4.287876e-01	4.303487e-01	3.961698e-01	9.489086e-03	-4.862077e-02	-3.153883e-02
12	6.300076e+04	1.562402e+01	5.994487e-01	3.860054e-01	-5.082281e-04	4.369056e-01	4.341478e-01	3.985998e-01	1.272831e-02	-5.566679e-02	-3.578821e-02
13	6.300066e+04	1.687446e+01	6.440955e-01	4.219936e-01	5.049698e-04	4.477189e-01	4.391910e-01	3.992310e-01	1.696981e-02	-6.342608e-02	-4.034230e-02
14	6.299325e+04	1.812432e+01	7.064602e-01	4.684148e-01	-8.797077e-04	4.621674e-01	4.461902e-01	3.974893e-01	2.334264e-02	-7.197092e-02	-4.523125e-02
15	6.299300e+04	1.937633e+01	7.867396e-01	5.243674e-01	3.645811e-04	4.827637e-01	4.574592e-01	3.939407e-01	3.362744e-02	-8.070236e-02	-5.043060e-02
16	7.200361e+04	2.062462e+01	9.012921e-01	6.143078e-01	8.893351e-03	5.136070e-01	4.800200e-01	3.622730e-01	5.255136e-02	-7.494603e-02	-4.620248e-02
17	7.200321e+04	2.187835e+01	9.988398e-01	6.642303e-01	-4.277873e-03	5.198657e-01	4.795286e-01	3.600978e-01	4.750051e-02	-7.759687e-02	-4.567176e-02
18	7.197987e+04	2.312083e+01	1.070527e+00	7.070197e-01	3.158190e-03	5.214118e-01	4.779479e-01	3.609005e-01	4.477054e-02	-7.569520e-02	-4.413701e-02
19	7.197969e+04	2.437657e+01	1.130487e+00	7.408894e-01	-2.336658e-03	5.214285e-01	4.758811e-01	3.624172e-01	4.116273e-02	-7.641417e-02	-4.375274e-02
20	7.197967e+04	2.561959e+01	1.183436e+00	7.715909e-01	1.752918e-03	5.214688e-01	4.744599e-01	3.623959e-01	3.946607e-02	-7.529373e-02	-4.265415e-02
21	7.197979e+04	2.687571e+01	1.232761e+00	7.984993e-01	-1.384584e-03	5.216519e-01	4.733179e-01	3.633633e-01	3.805918e-02	-7.564896e-02	-4.215995e-02
22	7.197970e+04	2.811882e+01	1.279645e+00	8.232602e-01	1.069635e-03	5.220456e-01	4.727195e-01	3.630663e-01	3.725467e-02	-7.494775e-02	-4.122626e-02
23	7.198013e+04	2.937435e+01	1.325476e+00	8.465175e-01	-8.626470e-04	5.222729e-01	4.721299e-01	3.634123e-01	3.634118e-02	-7.511909e-02	-4.063801e-02
24	7.198037e+04	3.061723e+01	1.370233e+00	8.682979e-01	6.727405e-04	5.221934e-01	4.716022e-01	3.630081e-01	3.550369e-02	-7.463085e-02	-3.977890e-02
25	7.198065e+04	3.187208e+01	1.414236e+00	8.890744e-01	-5.540638e-04	5.221726e-01	4.711587e-01	3.632464e-01	3.453439e-02	-7.469653e-02	-3.913729e-02
26	7.198070e+04	3.311946e+01	1.457081e+00	9.093939e-01	4.278204e-04	5.219863e-01	4.709066e-01	3.630618e-01	3.333799e-02	-7.432464e-02	-3.831707e-02
27	7.198106e+04	3.436686e+01	1.499670e+00	9.290799e-01	-3.671662e-04	5.217493e-01	4.705080e-01	3.633376e-01	3.191256e-02	-7.429338e-02	-3.767165e-02
28	7.198121e+04	3.561568e+01	1.541671e+00	9.479022e-01	2.785293e-04	5.212985e-01	4.694935e-01	3.633153e-01	3.046271e-02	-7.401684e-02	-3.690060e-02
29	7.198105e+04	3.686962e+01	1.583297e+00	9.662262e-01	-2.397913e-04	5.211093e-01	4.679005e-01	3.635957e-01	2.884988e-02	-7.393469e-02	-3.623437e-02
30	7.213562e+04	3.812094e+01	1.624336e+00	9.837505e-01	1.744616e-04	5.213198e-01	4.661875e-01	3.637442e-01	2.720077e-02	-7.371361e-02	-3.553963e-02
31	7.213605e+04	3.937129e+01	1.664508e+00	1.000866e+00	-1.532616e-04	5.213892e-01	4.644610e-01	3.639975e-01	2.569198e-02	-7.362462e-02	-3.489472e-02
32	7.200341e+04	4.062430e+01	1.703907e+00	1.017531e+00	1.146693e-04	5.214580e-01	4.628031e-01	3.641157e-01	2.399527e-02	-7.344526e-02	-3.424266e-02
33	7.200330e+04	4.187168e+01	1.742993e+00	1.033839e+00	-1.100948e-04	5.216008e-01	4.609762e-01	3.643786e-01	2.212758e-02	-7.333164e-02	-3.361002e-02
34	7.200296e+04	4.312790e+01	1.781756e+00	1.049707e+00	8.169669e-05	5.216098e-01	4.591453e-01	3.645892e-01	2.039743e-02	-7.315580e-02	-3.297047e-02
35	7.200295e+04	4.438206e+01	1.819705e+00	1.065020e+00	-8.413981e-05	5.213447e-01	4.572463e-01	3.648561e-01	1.866625e-02	-7.301972e-02	-3.233136e-02
36	7.200309e+04	4.562483e+01	1.856782e+00	1.079821e+00	6.368012e-05	5.208794e-01	4.557065e-01	3.649611e-01	1.688359e-02	-7.281725e-02	-3.168361e-02
37	7.200324e+04	4.687191e+01	1.893270e+00	1.094177e+00	-6.134257e-05	5.203758e-01	4.541924e-01	3.649845e-01	1.514967e-02	-7.263996e-02	-3.102679e-02
38	7.200378e+04	4.812636e+01	1.929286e+00	1.108171e+00	4.189197e-05	5.199627e-01	4.528117e-01	3.648695e-01	1.357906e-02	-7.239903e-02	-3.036975e-02
39	7.200376e+04	4.938316e+01	1.964649e+00	1.121765e+00	-5.314975e-05	5.197346e-01	4.520206e-01	3.647207e-01	1.232502e-02	-7.219601e-02	-2.972588e-02
40	7.200414e+04	5.062899e+01	1.999424e+00	1.134870e+00	4.442401e-05	5.197751e-01	4.512582e-01	3.643954e-01	1.112796e-02	-7.195434e-02	-2.908596e-02
41	7.200419e+04	5.187096e+01	2.034017e+00	1.147687e+00	-4.938272e-05	5.199376e-01	4.503558e-01	3.640803e-01	1.004095e-02	-7.177144e-02	-2.846793e-02
42	7.200458e+04	5.312433e+01	2.068494e+00	1.160535e+00	4.109782e-05	5.198834e-01	4.497017e-01	3.637393e-01	9.062880e-03	-7.156272e-02	-2.784631e-02
43	7.200457e+04	5.438137e+01	2.102994e+00	1.172983e+00	-5.274478e-05	5.197443e-01	4.492868e-01	3.633680e-01	8.013732e-03	-7.139754e-02	-2.725554e-02
44	7.200427e+04	5.563274e+01	2.137164e+00	1.185036e+00	4.472079e-05	5.193486e-01	4.486656e-01	3.630522e-01	7.059918e-03	-7.121177e-02	-2.666437e-02
45	7.200415e+04	5.687240e+01	2.170827e+00	1.197042e+00	-6.190025e-05	5.186861e-01	4.482245e-01	3.628108e-01	5.964851e-03	-7.104611e-02	-2.609899e-02
46	7.200428e+04	5.812349e+01	2.204269e+00	1.208806e+00	6.134185e-05	5.179420e-01	4.478472e-01	3.626583e-01	4.783387e-03	-7.084874e-02	-2.552024e-02
47	7.200430e+04	5.938029e+01	2.237795e+00	1.220094e+00	-8.600307e-05	5.169743e-01	4.476080e-01	3.625739e-01	3.600852e-03	-7.067639e-02	-2.496934e-02
48	7.200389e+04	6.063459e+01	2.271373e+00	1.231071e+00	9.868754e-05	5.157104e-01	4.476908e-01	3.624555e-01	2.412850e-03	-7.046199e-02	-2.440143e-02
49	7.200379e+04	6.187809e+01	2.304849e+00	1.241866e+00	-1.207297e-04	5.143082e-01	4.477844e-01	3.623039e-01	1.435218e-03	-7.027105e-02	-2.385653e-02
50	7.200360e+04	6.312520e+01	2.337920e+00	1.252416e+00	1.369563e-04	5.127099e-01	4.480345e-01	3.621860e-01	8.061531e-04	-7.005602e-02	-2.329198e-02
51	7.200369e+04	6.437863e+01	2.370555e+00	1.262593e+00	-1.744432e-04	5.113210e-01	4.481935e-01	3.620453e-01	5.410771e-04	-6.985255e-02	-2.276661e-02
52	7.200364e+04	6.563102e+01	2.403001e+00	1.272899e+00	1.973511e-04	5.100824e-01	4.479965e-01	3.618814e-01	3.221369e-04	-6.961545e-02	-2.220404e-02
53	7.200366e+04	6.687630e+01	2.435253e+00	1.282752e+00	-2.399275e-04	5.086352e-01	4.478447e-01	3.616706e-01	3.396583e-04	-6.939685e-02	-2.170866e-02
54	7.200340e+04	6.812001e+01	2.467608e+00	1.292010e+00	2.728448e-04	5.068734e-01	4.475062e-01	3.614556e-01	3.959786e-04	-6.914190e-02	-2.118112e-02
55	7.200313e+04	6.937585e+01	2.499457e+00	1.301040e+00	-3.303594e-04	5.050618e-01	4.469318e-01	3.612557e-01	3.584095e-04	-6.893139e-02	-2.070176e-02
56	7.200341e+04	7.063453e+01	2.531744e+00	1.310353e+00	3.782892e-04	5.027900e-01	4.457630e-01	3.609137e-01	2.700056e-04	-6.864770e-02	-2.016411e-02
57	7.200344e+04	7.189005e+01	2.563490e+00	1.319398e+00	-4.620012e-04	5.002897e-01	4.443476e-01	3.605605e-01	3.780191e-04	-6.845239e-02	-1.970531e-02
58	7.200252e+04	7.313580e+01	2.595008e+00	1.328595e+00	5.372940e-04	4.974171e-01	4.428893e-01	3.595748e-01	5.521502e-04	-6.811780e-02	-1.914833e-02
59	7.200253e+04	7.438148e+01	2.624857e+00	1.337116e+00	-6.775361e-04	4.944746e-01	4.412113e-01	3.588642e-01	9.302184e-04	-6.796093e-02	-1.872976e-02
60	7.200269e+04	7.562762e+01	2.655870e+00	1.345937e+00	8.028154e-04	4.914610e-01	4.392842e-01	3.562378e-01	1.132291e-03	-6.749947e-02	-1.812504e-02
61	7.200242e+04	7.687481e+01	2.684417e+00	1.353523e+00	-1.081331e-03	4.889993e-01	4.369234e-01	3.550657e-01	1.141124e-03	-6.752169e-02	-1.780235e-02
62	7.191646e+04	7.813601e+01	2.714505e+00	1.361257e+00	1.361257e-03	4.868042e-01	4.343697e-01	3.484302e-01	8.302603e-04	-6.680104e-02	-1.706947e-02
63	7.191644e+04	7.938412e+01	2.740458e+00	1.366337e+00	-2.301403e-03	4.846926e-01	4.316005e-01	3.479030e-01	3.854828e-04	-6.730089e-02	-1.701087e-02
64	5.938594e+03	8.124998e+01	2.776526e+00	1.368660e+00	5.234088e-03	4.692138e-01	4.166600e-01	3.304506e-01	1.875838e-03	-6.566849e-02	-1.613718e-02
65	1.380607e+05	8.125045e+01	2.779757e+00	1.371024e+00	4.728325e-03	4.749149e-01	4.163015e-01	3.306491e-01	2.714312e-04	-6.573342e-02	-1.583815e-02
66	5.938870e+03	8.374987e+01	2.836376e+00	1.380738e+00	-5.216097e-03	4.719878e-01	4.147977e-01	3.275976e-01	1.261358e-03	-6.511800e-02	-1.530770e-02
67	1.380616e+05	8.374939e+01	2.839029e+00	1.383023e+00	-5.656519e-03	4.762343e-01	4.136671e-01	3.277741e-01	-4.207223e-04	-6.517237e-02	-1.487837e-02
68	5.938869e+03	8.624988e+01	2.895391e+00	1.391636e+00	4.584566e-03	4.730542e-01	4.128628e-01	3.232242e-01	-5.273780e-04	-6.486563e-02	-1.460374e-02
69	1.380613e+05	8.624984e+01	2.896891e+00	1.393733e+00	4.478886e-03	4.754324e-01	4.113811e-01	3.237397e-01	-2.033714e-03	-6.488079e-02	-1.399991e-02
70	5.938878e+03	8.874988e+01	2.954305e+00	1.403760e+00	-3.617140e-03	4.746326e-01	4.118371e-01	3.227637e-01	-2.660534e-03	-6.458347e-02	-1.411730e-02
71	1.380615e+05	8.874944e+01	2.954929e+00	1.405735e+00	-3.780928e-03	4.745994e-01	4.104722e-01	3.230944e-01	-4.151981e-03	-6.407271e-02	-1.309408e-02
72	5.938868e+03	9.124990e+01	3.013293e+00	1.416430e+00	3.041670e-03	4.754664e-01	4.101152e-01	3.222576e-01	-4.391723e-03	-6.495269e-02	-1.344271e-02
73	1.380613e+05	9.124996e+01	3.012556e+00	1.417589e+00	3.169531e-03	4.737687e-01	4.097242e-01	3.216703e-01	-6.125530e-03	-6.346948e-02	-1.216652e-02
74	5.938868e+03	9.374991e+01	3.073819e+00	1.429512e+00	-2.743103e-03	4.749114e-01	4.081396e-01	3.227614e-01	-4.598821e-03	-6.560066e-02	-1.274564e-02
75	1.380611e+05	9.374995e+01	3.071965e+00	1.429106e+00	-2.638083e-03	4.721329e-01	4.093342e-01	3.209260e-01	-6.889062e-03	-6.273606e-02	-1.140827e-02
76	5.938868e+03	9.624992e+01	3.135225e+00	1.441778e+00	2.026465e-03	4.758237e-01	4.064249e-01	3.219682e-01	-5.520327e-03	-6.579120e-02	-1.192101e-02
77	1.380611e+05	9.624971e+01	3.132292e+00	1.440440e+00	2.228884e-03	4.704034e-01	4.085322e-01	3.194109e-01	-7.145703e-03	-6.210842e-02	-1.061743e-02
78	5.938868e+03	9.874995e+01	3.196986e+00	1.455032e+00	-2.064853e-03	4.769797e-01	4.054717e-01	3.204709e-01	-6.222103e-03	-6.524359e-02	-1.146058e-02
79	1.380611e+05	9.875003e+01	3.193361e+00	1.452848e+00	-1.857669e-03	4.702674e-01	4.075425e-01	3.181246e-01	-7.342287e-03	-6.147063e-02	-9.868409e-03
80	5.938876e+03	1.012499e+02	3.257444e+00	1.468710e+00	1.258650e-03	4.782221e-01	4.046115e-01	3.184227e-01	-5.936020e-03	-6.412808e-02	-1.091500e-02
81	1.380612e+05	1.012499e+02	3.254929e+00	1.466205e+00	1.578251e-03	4.709134e-01	4.066589e-01	3.164237e-01	-7.501327e-03	-6.085861e-02	-9.065535e-03
82	5.938868e+03	1.037499e+02	3.317265e+00	1.480566e+00	-1.394677e-03	4.761123e-01	4.027202e-01	3.166891e-01	-5.441496e-03	-6.277018e-02	-1.010073e-02
83	1.380612e+05	1.037502e+02	3.316247e+00	1.478957e+00	-1.318803e-03	4.698626e-01	4.048546e-01	3.148350e-01	-6.959387e-03	-6.027400e-02	-8.388804e-03
84	5.938868e+03	1.062499e+02	3.376260e+00	1.491723e+00	1.274028e-03	4.717224e-01	4.009282e-01	3.145181e-01	-4.403123e-03	-6.124527e-02	-8.947568e-03
85	1.380611e+05	1.062500e+02	3.376496e+00	1.490458e+00	1.118964e-03	4.676024e-01	4.029001e-01	3.129191e-01	-5.983608e-03	-5.958822e-02	-7.634104e-03
86	5.938868e+03	1.087499e+02	3.434009e+00	1.502444e+00	-6.764243e-04	4.658158e-01	3.994505e-01	3.124782e-01	-3.461485e-03	-6.003390e-02	-7.969150e-03
87	1.380612e+05	1.087498e+02	3.436723e+00	1.501207e+00	-9.807706e-04	4.642193e-01	4.006640e-01	3.112587e-01	-4.700580e-03	-5.894874e-02	-6.970298e-03
88	5.938867e+03	1.112499e+02	3.492031e+00	1.510276e+00	1.177253e-03	4.612353e-01	3.974725e-01	3.101698e-01	-3.511013e-03	-5.906899e-02	-6.838503e-03
89	1.380609e+05	1.112497e+02	3.496065e+00	1.510068e+00	8.180724e-04	4.611178e-01	3.982386e-01	3.092151e-01	-4.204111e-03	-5.822150e-02	-6.273223e-03
90	5.938868e+03	1.137499e+02	3.551455e+00	1.517071e+00	-3.578954e-04	4.599423e-01	3.947473e-01	3.079908e-01	-4.297147e-03	-5.831881e-02	-5.750861e-03
91	1.380609e+05	1.137497e+02	3.554591e+00	1.517888e+00	-7.338508e-04	4.588018e-01	3.956030e-01	3.074837e-01	-4.910565e-03	-5.756319e-02	-5.564300e-03
92	5.938876e+03	1.162499e+02	3.611418e+00	1.523790e+00	8.457695e-04	4.581445e-01	3.924130e-01	3.058414e-01	-6.208423e-03	-5.743627e-02	-4.912683e-03
93	1.380608e+05	1.162498e+02	3.613014e+00	1.524398e+00	6.019981e-04	4.558781e-01	3.933870e-01	3.056377e-01	-6.048818e-03	-5.678266e-02	-4.834733e-03
94	5.938869e+03	1.187499e+02	3.669640e+00	1.530462e+00	-3.536033e-04	4.533121e-01	3.919706e-01	3.037552e-01	-8.403230e-03	-5.695752e-02	-4.266553e-03
95	1.380609e+05	1.187498e+02	3.671053e+00	1.529719e+00	-5.332603e-04	4.512790e-01	3.928509e-01	3.039707e-01	-7.641203e-03	-5.608422e-02	-4.147402e-03
96	5.938871e+03	1.212499e+02	3.726913e+00	1.536401e+00	5.538706e-04	4.463325e-01	3.925841e-01	3.017893e-01	-1.074899e-02	-5.616948e-02	-3.624819e-03
97	1.380610e+05	1.212507e+02	3.728202e+00	1.534363e+00	4.564157e-04	4.458995e-01	3.926239e-01	3.020808e-01	-9.285133e-03	-5.529203e-02	-3.400255e-03
98	5.938872e+03	1.237498e+02	3.784683e+00	1.540273e+00	-2.717466e-04	4.407339e-01	3.928341e-01	3.003586e-01	-1.357667e-02	-5.545000e-02	-2.932531e-03
99	1.380610e+05	1.237505e+02	3.785012e+00	1.537870e+00	-4.054493e-04	4.406981e-01	3.924202e-01	3.005216e-01	-1.110185e-02	-5.455586e-02	-2.753273e-03
100	5.938871e+03	1.262499e+02	3.841275e+00	1.543249e+00	5.491175e-04	4.382704e-01	3.910934e-01	2.991861e-01	-1.521031e-02	-5.476211e-02	-2.007585e-03
101	1.380609e+05	1.262500e+02	3.840929e+00	1.540619e+00	3.244675e-04	4.366715e-01	3.913993e-01	2.989483e-01	-1.250842e-02	-5.376467e-02	-2.105285e-03
102	5.938877e+03	1.287499e+02	3.896674e+00	1.545631e+00	1.204250e-04	4.359538e-01	3.886912e-01	2.977043e-01	-1.632123e-02	-5.392964e-02	-7.970497e-04
103	1.380610e+05	1.287502e+02	3.896264e+00	1.543088e+00	-3.168582e-04	4.336756e-01	3.898278e-01	2.972739e-01	-1.360789e-02	-5.296380e-02	-1.519429e-03
104	5.938870e+03	1.312499e+02	3.952619e+00	1.547116e+00	7.556292e-04	4.331052e-01	3.880877e-01	2.952835e-01	-1.738184e-02	-5.316189e-02	3.275861e-04
105	1.380615e+05	1.312491e+02	3.952015e+00	1.544617e+00	2.388739e-04	4.315883e-01	3.884720e-01	2.951188e-01	-1.531055e-02	-5.216441e-02	-9.259208e-04
106	5.938870e+03	1.337499e+02	4.009655e+00	1.546519e+00	1.485542e-04	4.306531e-01	3.877730e-01	2.926011e-01	-1.878683e-02	-5.233361e-02	1.048373e-03
107	1.380616e+05	1.337493e+02	4.008127e+00	1.544677e+00	-2.380990e-04	4.296815e-01	3.875136e-01	2.927569e-01	-1.676731e-02	-5.139603e-02	-3.771525e-04
108	5.938869e+03	1.362499e+02	4.066312e+00	1.545981e+00	4.416499e-04	4.276751e-01	3.854875e-01	2.901771e-01	-2.006222e-02	-5.134666e-02	1.755537e-03
109	1.380612e+05	1.362499e+02	4.064255e+00	1.544063e+00	1.872577e-04	4.275235e-01	3.858250e-01	2.906139e-01	-1.808606e-02	-5.063169e-02	1.789282e-04
110	5.938871e+03	1.387499e+02	4.123162e+00	1.545246e+00	-1.380807e-04	4.248501e-01	3.819834e-01	2.882707e-01	-2.052305e-02	-5.022813e-02	2.225996e-03
111	1.380611e+05	1.387500e+02	4.120044e+00	1.543363e+00	-1.821620e-04	4.253132e-01	3.836437e-01	2.888651e-01	-1.897098e-02	-4.990544e-02	6.702311e-04
112	5.938870e+03	1.412499e+02	4.180286e+00	1.541833e+00	1.253492e-04	4.231883e-01	3.779473e-01	2.862000e-01	-2.138289e-02	-4.923730e-02	2.529460e-03
113	1.380611e+05	1.412511e+02	4.175841e+00	1.541402e+00	1.525784e-04	4.236531e-01	3.797638e-01	2.870978e-01	-1.993348e-02	-4.916509e-02	1.146513e-03
114	5.938871e+03	1.437498e+02	4.235546e+00	1.536088e+00	-3.165375e-04	4.219411e-01	3.751796e-01	2.839504e-01	-2.218120e-02	-4.829519e-02	2.619120e-03
115	1.380610e+05	1.437503e+02	4.230433e+00	1.536490e+00	-1.192090e-04	4.221470e-01	3.762255e-01	2.849010e-01	-2.085868e-02	-4.848488e-02	1.585772e-03
116	5.938871e+03	1.462499e+02	4.289479e+00	1.528273e+00	-1.805216e-04	4.212650e-01	3.727136e-01	2.813962e-01	-2.329578e-02	-4.758762e-02	2.519926e-03
117	1.380610e+05	1.462506e+02	4.284491e+00	1.528844e+00	1.253058e-04	4.210521e-01	3.737838e-01	2.822301e-01	-2.224457e-02	-4.770710e-02	2.044477e-03
118	5.938872e+03	1.487498e+02	4.343044e+00	1.518518e+00	-4.789004e-04	4.198788e-01	3.700103e-01	2.784213e-01	-2.419256e-02	-4.711191e-02	2.491356e-03
119	1.380610e+05	1.487496e+02	4.338531e+00	1.519646e+00	-9.769588e-05	4.198926e-01	3.719355e-01	2.792513e-01	-2.327466e-02	-4.699302e-02	2.450428e-03
120	5.938889e+03	1.512497e+02	4.395457e+00	1.508649e+00	-1.693552e-04	4.181593e-01	3.684397e-01	2.750684e-01	-2.506491e-02	-4.663376e-02	2.863825e-03
121	1.380611e+05	1.512503e+02	4.392503e+00	1.510802e+00	1.079761e-04	4.178596e-01	3.700255e-01	2.759396e-01	-2.388217e-02	-4.624103e-02	2.874317e-03
122	5.938873e+03	1.537498e+02	4.447014e+00	1.499357e+00	-1.567659e-04	4.176793e-01	3.673220e-01	2.718121e-01	-2.627900e-02	-4.609780e-02	3.571504e-03
123	1.380607e+05	1.537506e+02	4.444535e+00	1.502092e+00	-8.243724e-05	4.162622e-01	3.681514e-01	2.725895e-01	-2.457876e-02	-4.555489e-02	3.234720e-03
124	5.938873e+03	1.562498e+02	4.499488e+00	1.492052e+00	8.570241e-05	4.170671e-01	3.659491e-01	2.691618e-01	-2.746802e-02	-4.551033e-02	4.373169e-03
125	1.380610e+05	1.562498e+02	4.496382e+00	1.494027e+00	6.965915e-05	4.151841e-01	3.668510e-01	2.694158e-01	-2.543226e-02	-4.478883e-02	3.682821e-03
126	5.938874e+03	1.587498e+02	4.552307e+00	1.485947e+00	-3.329341e-05	4.158959e-01	3.655377e-01	2.670234e-01	-2.897166e-02	-4.502500e-02	4.748499e-03
127	1.380610e+05	1.587496e+02	4.549153e+00	1.486396e+00	-6.229656e-05	4.145759e-01	3.663016e-01	2.665786e-01	-2.687917e-02	-4.416455e-02	4.074586e-03
128	5.938874e+03	1.612497e+02	4.603567e+00	1.480902e+00	-8.893242e-05	4.147943e-01	3.651420e-01	2.654004e-01	-3.025182e-02	-4.439300e-02	4.590927e-03
129	1.380611e+05	1.612502e+02	4.602181e+00	1.479228e+00	6.246046e-05	4.135378e-01	3.657858e-01	2.642294e-01	-2.879514e-02	-4.347404e-02	4.502502e-03
130	5.938874e+03	1.637498e+02	4.654719e+00	1.474947e+00	-3.722653e-04	4.133960e-01	3.652030e-01	2.640633e-01	-3.121773e-02	-4.385144e-02	4.344980e-03
131	1.380611e+05	1.637503e+02	4.655056e+00	1.472720e+00	-3.190108e-05	4.124423e-01	3.644982e-01	2.623188e-01	-3.057948e-02	-4.283151e-02	4.892329e-03
132	5.938874e+03	1.662498e+02	4.706120e+00	1.468829e+00	-3.038849e-04	4.111098e-01	3.649132e-01	2.627379e-01	-3.242381e-02	-4.317713e-02	4.629209e-03
133	1.380611e+05	1.662504e+02	4.706535e+00	1.466977e+00	6.129812e-05	4.104811e-01	3.627727e-01	2.605675e-01	-3.177886e-02	-4.217298e-02	5.245083e-03
134	5.938874e+03	1.687498e+02	4.758219e+00	1.461029e+00	-2.802882e-04	4.101485e-01	3.637379e-01	2.609815e-01	-3.389062e-02	-4.258399e-02	5.046734e-03
135	1.380611e+05	1.687502e+02	4.757445e+00	1.460155e+00	-3.524292e-05	4.081762e-01	3.618842e-01	2.588492e-01	-3.297288e-02	-4.151477e-02	5.537961e-03
136	5.938872e+03	1.712499e+02	4.811687e+00	1.450508e+00	-1.540720e-04	4.097297e-01	3.637689e-01	2.589614e-01	-3.586562e-02	-4.200280e-02	5.400923e-03
137	1.380611e+05	1.712499e+02	4.808992e+00	1.451325e+00	5.162487e-05	4.061511e-01	3.624499e-01	2.568299e-01	-3.472832e-02	-4.083332e-02	5.896518e-03
138	5.938872e+03	1.737498e+02	4.865550e+00	1.438808e+00	-2.204453e-04	4.079389e-01	3.638801e-01	2.572869e-01	-3.789216e-02	-4.131711e-02	5.577037e-03
139	1.380610e+05	1.737507e+02	4.861560e+00	1.439900e+00	-3.371362e-05	4.044080e-01	3.635443e-01	2.547747e-01	-3.663525e-02	-4.016289e-02	6.171327e-03
140	5.938872e+03	1.762498e+02	4.917319e+00	1.425987e+00	-1.144056e-04	4.067412e-01	3.649909e-01	2.558047e-01	-3.963433e-02	-4.054458e-02	5.622221e-03
141	1.380609e+05	1.762499e+02	4.914206e+00	1.427024e+00	4.272545e-05	4.042429e-01	3.656272e-01	2.532308e-01	-3.854812e-02	-3.949650e-02	6.520185e-03
142	5.938890e+03	1.787498e+02	4.967764e+00	1.412648e+00	-1.586021e-04	4.077027e-01	3.666437e-01	2.545232e-01	-4.177463e-02	-3.999208e-02	5.782495e-03
143	1.380610e+05	1.787502e+02	4.966046e+00	1.413804e+00	-2.918171e-05	4.050281e-01	3.677488e-01	2.520881e-01	-4.043549e-02	-3.883985e-02	6.731040e-03
144	5.938872e+03	1.812499e+02	5.017502e+00	1.401144e+00	2.382490e-05	4.080792e-01	3.685355e-01	2.532546e-01	-4.341362e-02	-3.945341e-02	6.075272e-03
145	1.380610e+05	1.812497e+02	5.017748e+00	1.401745e+00	3.440676e-05	4.055277e-01	3.697370e-01	2.510951e-01	-4.202057e-02	-3.817840e-02	7.012888e-03
146	5.938873e+03	1.837498e+02	5.068556e+00	1.390811e+00	-1.134360e-04	4.083056e-01	3.693858e-01	2.521648e-01	-4.410053e-02	-3.874998e-02	6.381179e-03
147	1.380613e+05	1.837497e+02	5.070318e+00	1.390361e+00	-4.036531e-05	4.065357e-01	3.707558e-01	2.500998e-01	-4.312008e-02	-3.753909e-02	7.209188e-03
148	5.938872e+03	1.862498e+02	5.121673e+00	1.379905e+00	7.200923e-05	4.082869e-01	3.703711e-01	2.505005e-01	-4.429774e-02	-3.776667e-02	6.829788e-03
149	1.380613e+05	1.862501e+02	5.123662e+00	1.378409e+00	4.060979e-05	4.066899e-01	3.711253e-01	2.486451e-01	-4.406408e-02	-3.682869e-02	7.458495e-03
150	5.938872e+03	1.887498e+02	5.177378e+00	1.367803e+00	1.164843e-04	4.076042e-01	3.704339e-01	2.482724e-01	-4.450947e-02	-3.678641e-02	7.610994e-03
151	1.380613e+05	1.887497e+02	5.178006e+00	1.365699e+00	-3.700343e-05	4.061287e-01	3.707980e-01	2.467884e-01	-4.486326e-02	-3.614137e-02	7.608477e-03
152	5.938872e+03	1.912498e+02	5.234648e+00	1.353696e+00	2.595389e-04	4.075887e-01	3.697083e-01	2.454488e-01	-4.593271e-02	-3.575768e-02	8.061699e-03
153	1.380613e+05	1.912501e+02	5.233138e+00	1.352229e+00	1.989293e-05	4.058838e-01	3.696806e-01	2.447214e-01	-4.631712e-02	-3.542427e-02	7.773296e-03
154	5.938872e+03	1.937498e+02	5.291401e+00	1.340220e+00	6.288778e-05	4.072018e-01	3.679666e-01	2.424833e-01	-4.865320e-02	-3.474716e-02	8.284301e-03
155	1.380611e+05	1.937496e+02	5.288852e+00	1.339948e+00	-3.841253e-05	4.047236e-01	3.680635e-01	2.425037e-01	-4.844629e-02	-3.469537e-02	7.959440e-03
156	5.938870e+03	1.962498e+02	5.346041e+00	1.328017e+00	1.436100e-04	4.074279e-01	3.654737e-01	2.397145e-01	-5.124315e-02	-3.395710e-02	8.366435e-03
157	1.380616e+05	1.962487e+02	5.343013e+00	1.328722e+00	2.621469e-05	4.035596e-01	3.657226e-01	2.402967e-01	-5.095021e-02	-3.396800e-02	8.142177e-03
158	5.938870e+03	1.987499e+02	5.399319e+00	1.314612e+00	2.865720e-06	4.074684e-01	3.623849e-01	2.369817e-01	-5.355730e-02	-3.323203e-02	8.418139e-03
159	1.380616e+05	1.987486e+02	5.396448e+00	1.316487e+00	-2.648348e-05	4.032228e-01	3.628388e-01	2.379566e-01	-5.335658e-02	-3.323673e-02	8.286887e-03
160	5.938868e+03	2.012499e+02	5.451731e+00	1.300771e+00	-4.339237e-05	4.040621e-01	3.597377e-01	2.340968e-01	-5.591688e-02	-3.255775e-02	8.457431e-03
161	1.380615e+05	2.012505e+02	5.449450e+00	1.303018e+00	2.658573e-05	4.009509e-01	3.601070e-01	2.353980e-01	-5.537894e-02	-3.249487e-02	8.469200e-03
162	5.938868e+03	2.037499e+02	5.504007e+00	1.286190e+00	-2.435841e-04	4.003338e-01	3.561976e-01	2.308720e-01	-5.681046e-02	-3.204356e-02	8.448864e-03
163	1.380613e+05	2.037500e+02	5.502108e+00	1.288010e+00	-1.849794e-05	3.978377e-01	3.568476e-01	2.323578e-01	-5.624511e-02	-3.178787e-02	8.599050e-03
164	5.938882e+03	2.062500e+02	5.555503e+00	1.269142e+00	-3.891219e-04	3.973484e-01	3.532512e-01	2.278022e-01	-5.669555e-02	-3.129726e-02	8.426098e-03
165	1.380615e+05	2.062513e+02	5.554669e+00	1.270382e+00	3.854043e-05	3.949995e-01	3.540963e-01	2.292787e-01	-5.619011e-02	-3.109005e-02	8.701407e-03
166	5.938867e+03	2.087500e+02	5.606226e+00	1.250900e+00	-6.021826e-04	3.938146e-01	3.522960e-01	2.249304e-01	-5.627642e-02	-3.049521e-02	8.475593e-03
167	1.380611e+05	2.087498e+02	5.606826e+00	1.252083e+00	-1.992442e-06	3.925678e-01	3.524007e-01	2.261337e-01	-5.596030e-02	-3.039886e-02	8.810896e-03
168	5.938865e+03	2.112500e+02	5.657304e+00	1.232008e+00	-6.481134e-04	3.912466e-01	3.517870e-01	2.222490e-01	-5.603983e-02	-2.971069e-02	8.665065e-03
169	1.380612e+05	2.112510e+02	5.658296e+00	1.233484e+00	5.705671e-05	3.904846e-01	3.511710e-01	2.231037e-01	-5.568988e-02	-2.969689e-02	8.911958e-03
170	5.938865e+03	2.137500e+02	5.710198e+00	1.213624e+00	-5.520921e-04	3.893769e-01	3.511769e-01	2.198011e-01	-5.628627e-02	-2.905691e-02	8.997739e-03
171	1.380610e+05	2.137504e+02	5.710041e+00	1.214849e+00	-2.190137e-06	3.883732e-01	3.500116e-01	2.203554e-01	-5.601241e-02	-2.893834e-02	8.988076e-03
172	5.938865e+03	2.162500e+02	5.763092e+00	1.195672e+00	-2.633932e-04	3.863326e-01	3.503350e-01	2.179141e-01	-5.745445e-02	-2.855020e-02	9.311652e-03
173	1.380609e+05	2.162505e+02	5.761575e+00	1.195897e+00	3.583538e-05	3.857675e-01	3.491266e-01	2.179947e-01	-5.672337e-02	-2.824829e-02	9.068918e-03
174	5.938865e+03	2.187501e+02	5.813518e+00	1.178333e+00	-2.787231e-04	3.845623e-01	3.483578e-01	2.159783e-01	-5.860923e-02	-2.805027e-02	9.268749e-03
175	1.380609e+05	2.187507e+02	5.811536e+00	1.176859e+00	-1.268015e-05	3.844156e-01	3.475658e-01	2.157241e-01	-5.767972e-02	-2.751835e-02	9.088943e-03
176	5.938867e+03	2.212501e+02	5.861979e+00	1.159878e+00	-5.208962e-04	3.839281e-01	3.460661e-01	2.136427e-01	-5.893799e-02	-2.737950e-02	9.047265e-03
177	1.380607e+05	2.212506e+02	5.860406e+00	1.157801e+00	5.132095e-05	3.829137e-01	3.455870e-01	2.134323e-01	-5.826858e-02	-2.679456e-02	9.123827e-03
178	5.938867e+03	2.237500e+02	5.911668e+00	1.140248e+00	-7.528756e-04	3.826130e-01	3.432792e-01	2.107046e-01	-5.847971e-02	-2.662225e-02	8.872233e-03
179	1.380607e+05	2.237507e+02	5.910391e+00	1.137684e+00	9.894271e-06	3.812630e-01	3.436756e-01	2.107739e-01	-5.839898e-02	-2.607178e-02	9.102063e-03
180	5.938867e+03	2.262501e+02	5.961926e+00	1.119024e+00	-7.989248e-04	3.816559e-01	3.400990e-01	2.078240e-01	-5.828883e-02	-2.603279e-02	8.822965e-03
181	1.380606e+05	2.262513e+02	5.960597e+00	1.115836e+00	4.148014e-05	3.808094e-01	3.409529e-01	2.078743e-01	-5.873894e-02	-2.537376e-02	9.115709e-03
182	5.938868e+03	2.287500e+02	6.012986e+00	1.096083e+00	-7.173629e-04	3.816944e-01	3.355889e-01	2.048935e-01	-5.833948e-02	-2.539030e-02	8.581345e-03
183	1.380609e+05	2.287506e+02	6.011569e+00	1.092516e+00	2.591842e-05	3.807025e-01	3.377153e-01	2.047020e-01	-5.923532e-02	-2.461906e-02	9.075497e-03
184	5.938867e+03	2.312499e+02	6.062721e+00	1.072487e+00	-7.428473e-04	3.807321e-01	3.307744e-01	2.019265e-01	-5.939424e-02	-2.478525e-02	8.450131e-03
185	1.380609e+05	2.312505e+02	6.062792e+00	1.068846e+00	3.269800e-05	3.803637e-01	3.349299e-01	2.015096e-01	-6.012686e-02	-2.392447e-02	9.103854e-03
186	5.938889e+03	2.337499e+02	6.111530e+00	1.049521e+00	-6.025527e-04	3.793193e-01	3.272957e-01	1.990006e-01	-6.027140e-02	-2.404575e-02	8.371945e-03
187	1.380610e+05	2.337502e+02	6.113544e+00	1.045923e+00	2.359400e-05	3.795832e-01	3.329473e-01	1.983358e-01	-6.120138e-02	-2.318687e-02	9.067186e-03
188	5.938866e+03	2.362500e+02	6.162046e+00	1.025375e+00	-4.879791e-04	3.783838e-01	3.263879e-01	1.959472e-01	-6.101700e-02	-2.317373e-02	8.328840e-03
189	1.380611e+05	2.362496e+02	6.164872e+00	1.023080e+00	3.023426e-05	3.782550e-01	3.313442e-01	1.952402e-01	-6.240306e-02	-2.239795e-02	9.042965e-03
190	5.938864e+03	2.387502e+02	6.214507e+00	9.996154e-01	-2.795426e-04	3.764456e-01	3.274297e-01	1.930371e-01	-6.202157e-02	-2.227829e-02	8.274372e-03
191	1.380610e+05	2.387494e+02	6.217228e+00	9.990324e-01	-5.108695e-06	3.764077e-01	3.311609e-01	1.922738e-01	-6.365846e-02	-2.166940e-02	8.940822e-03
192	5.938865e+03	2.412500e+02	6.267116e+00	9.740508e-01	4.320635e-05	3.725590e-01	3.294055e-01	1.903433e-01	-6.344131e-02	-2.132758e-02	8.385333e-03
193	1.380609e+05	2.412504e+02	6.269548e+00	9.743234e-01	1.172487e-05	3.734013e-01	3.319863e-01	1.893328e-01	-6.454991e-02	-2.091769e-02	8.881945e-03
194	5.938868e+03	2.437499e+02	6.321797e+00	9.504836e-01	2.521182e-04	3.694446e-01	3.303226e-01	1.872860e-01	-6.500331e-02	-2.037051e-02	8.480149e-03
195	1.380609e+05	2.437517e+02	6.323765e+00	9.512231e-01	-2.520066e-05	3.705563e-01	3.322099e-01	1.863528e-01	-6.573232e-02	-2.015116e-02	8.784468e-03
196	5.938867e+03	2.462501e+02	6.380308e+00	9.262208e-01	3.594785e-04	3.661142e-01	3.293239e-01	1.841043e-01	-6.633340e-02	-1.953949e-02	8.481542e-03
197	1.380610e+05	2.462503e+02	6.380873e+00	9.273156e-01	-6.435057e-06	3.680582e-01	3.315658e-01	1.834880e-01	-6.694874e-02	-1.947022e-02	8.652443e-03
198	5.938866e+03	2.487502e+02	6.438081e+00	9.019659e-01	3.270391e-04	3.648123e-01	3.271011e-01	1.804317e-01	-6.773189e-02	-1.871520e-02	8.381054e-03
199	1.380609e+05	2.487506e+02	6.437016e+00	9.030247e-01	-2.466507e-05	3.660450e-01	3.292027e-01	1.804327e-01	-6.794582e-02	-1.874117e-02	8.513875e-03
200	5.938864e+03	2.512502e+02	6.496110e+00	8.780654e-01	1.740358e-04	3.640781e-01	3.254575e-01	1.767768e-01	-6.908080e-02	-1.798545e-02	8.414078e-03
201	1.380607e+05	2.512512e+02	6.493073e+00	8.785966e-01	2.193567e-06	3.641188e-01	3.265980e-01	1.772397e-01	-6.867982e-02	-1.804340e-02	8.335114e-03
202	5.938866e+03	2.537500e+02	6.554751e+00	8.543906e-01	1.000980e-04	3.644179e-01	3.238684e-01	1.728770e-01	-6.999214e-02	-1.761135e-02	8.587345e-03
203	1.380609e+05	2.537501e+02	6.550276e+00	8.538722e-01	-1.743741e-05	3.632583e-01	3.246702e-01	1.736718e-01	-6.910978e-02	-1.730557e-02	8.165859e-03
204	5.938883e+03	2.562502e+02	6.613337e+00	8.295317e-01	-9.169028e-05	3.641281e-01	3.209155e-01	1.691044e-01	-6.989028e-02	-1.692547e-02	8.484638e-03
205	1.380610e+05	2.562504e+02	6.608789e+00	8.279421e-01	7.991837e-06	3.624064e-01	3.221406e-01	1.699324e-01	-6.924947e-02	-1.659253e-02	7.937581e-03
206	5.938867e+03	2.587499e+02	6.673131e+00	8.019505e-01	-3.780116e-04	3.644271e-01	3.181917e-01	1.650457e-01	-7.010008e-02	-1.605020e-02	8.244955e-03
207	1.380607e+05	2.587505e+02	6.668378e+00	7.996321e-01	9.639177e-06	3.622461e-01	3.195314e-01	1.658432e-01	-6.970497e-02	-1.585993e-02	7.767982e-03
208	5.938867e+03	2.612501e+02	6.732771e+00	7.731670e-01	-6.094786e-04	3.667732e-01	3.147733e-01	1.609957e-01	-7.078616e-02	-1.544502e-02	7.963749e-03
209	1.380609e+05	2.612506e+02	6.728875e+00	7.699157e-01	2.729463e-05	3.633029e-01	3.164822e-01	1.617355e-01	-7.032421e-02	-1.511923e-02	7.559838e-03
210	5.938868e+03	2.637500e+02	6.794513e+00	7.431371e-01	-5.564732e-04	3.686987e-01	3.114510e-01	1.569638e-01	-7.133521e-02	-1.473955e-02	7.655320e-03
211	1.380609e+05	2.637528e+02	6.790254e+00	7.397379e-01	2.582110e-05	3.648995e-01	3.131456e-01	1.578715e-01	-7.102544e-02	-1.436920e-02	7.365151e-03
212	5.938865e+03	2.662501e+02	6.858822e+00	7.126547e-01	-4.429525e-04	3.684424e-01	3.096674e-01	1.532484e-01	-7.212690e-02	-1.390563e-02	7.282363e-03
213	1.380610e+05	2.662494e+02	6.853215e+00	7.098827e-01	1.563462e-05	3.655807e-01	3.110844e-01	1.544420e-01	-7.209776e-02	-1.358588e-02	7.132877e-03
214	5.938865e+03	2.687502e+02	6.923304e+00	6.797521e-01	-2.608165e-04	3.673461e-01	3.078508e-01	1.494947e-01	-7.364918e-02	-1.292431e-02	6.886399e-03
215	1.380610e+05	2.687511e+02	6.916059e+00	6.781788e-01	-5.527213e-07	3.657503e-01	3.090364e-01	1.510628e-01	-7.354659e-02	-1.284473e-02	6.891010e-03
216	5.938865e+03	2.712501e+02	6.986534e+00	6.454756e-01	-1.261923e-04	3.679773e-01	3.054419e-01	1.455686e-01	-7.538032e-02	-1.213827e-02	6.543332e-03
217	1.380610e+05	2.712502e+02	6.978351e+00	6.446599e-01	1.192968e-05	3.661246e-01	3.067312e-01	1.472409e-01	-7.499649e-02	-1.205594e-02	6.645037e-03
218	5.938865e+03	2.737501e+02	7.049259e+00	6.094620e-01	-1.346263e-04	3.694324e-01	3.024834e-01	1.411348e-01	-7.705538e-02	-1.126759e-02	6.095241e-03
219	1.380610e+05	2.737513e+02	7.041838e+00	6.093541e-01	2.229252e-07	3.669642e-01	3.034855e-01	1.429523e-01	-7.625674e-02	-1.124998e-02	6.371954e-03
220	5.938865e+03	2.762501e+02	7.108936e+00	5.715487e-01	-1.371748e-04	3.727864e-01	3.016613e-01	1.366692e-01	-7.987777e-02	-1.039705e-02	5.675654e-03
221	1.380611e+05	2.762489e+02	7.104496e+00	5.730473e-01	1.236604e-05	3.701749e-01	3.015884e-01	1.384931e-01	-7.858477e-02	-1.047781e-02	6.083575e-03
222	5.938867e+03	2.787501e+02	7.168579e+00	5.334669e-01	-3.404750e-04	3.783006e-01	3.022007e-01	1.323621e-01	-8.321828e-02	-9.321902e-03	5.185164e-03
223	1.380612e+05	2.787502e+02	7.168406e+00	5.355244e-01	5.251088e-06	3.744844e-01	3.014332e-01	1.341264e-01	-8.173279e-02	-9.648469e-03	5.756895e-03
224	5.938867e+03	2.812501e+02	7.233245e+00	4.956024e-01	-5.368771e-04	3.838769e-01	3.014601e-01	1.279069e-01	-8.646785e-02	-8.600830e-03	4.814560e-03
225	1.380614e+05	2.812491e+02	7.235113e+00	4.966937e-01	2.723392e-05	3.788548e-01	3.013290e-01	1.297120e-01	-8.510532e-02	-8.854782e-03	5.429266e-03
226	5.938866e+03	2.837501e+02	7.300254e+00	4.588744e-01	-5.679161e-04	3.857034e-01	3.007134e-01	1.233220e-01	-8.928697e-02	-7.832290e-03	4.593149e-03
227	1.380614e+05	2.837507e+02	7.302195e+00	4.595896e-01	1.249249e-05	3.805400e-01	3.006151e-01	1.250737e-01	-8.769438e-02	-8.035115e-03	5.064636e-03
228	5.938866e+03	2.862502e+02	7.366556e+00	4.219956e-01	-3.207833e-04	3.823647e-01	2.991034e-01	1.184228e-01	-9.054972e-02	-7.121456e-03	4.307951e-03
229	1.380614e+05	2.862473e+02	7.367425e+00	4.225588e-01	1.709172e-05	3.785468e-01	2.990486e-01	1.206562e-01	-8.906601e-02	-7.263271e-03	4.680138e-03
230	5.938866e+03	2.887501e+02	7.429698e+00	3.848090e-01	-1.925609e-04	3.744459e-01	2.948901e-01	1.134352e-01	-8.966330e-02	-6.273547e-03	3.929345e-03
231	1.380613e+05	2.887500e+02	7.429450e+00	3.851501e-01	1.702385e-05	3.739738e-01	2.953200e-01	1.162973e-01	-8.905734e-02	-6.525583e-03	4.292827e-03
232	5.938866e+03	2.912500e+02	7.488904e+00	3.472112e-01	1.146971e-04	3.639735e-01	2.907358e-01	1.087285e-01	-8.769988e-02	-5.469196e-03	3.488446e-03
233	1.380611e+05	2.912495e+02	7.487832e+00	3.479400e-01	-1.481776e-05	3.666931e-01	2.906263e-01	1.118306e-01	-8.754028e-02	-5.815830e-03	3.882088e-03
234	5.938866e+03	2.937502e+02	7.543629e+00	3.109730e-01	5.182055e-04	3.517695e-01	2.842613e-01	1.042592e-01	-8.408386e-02	-4.811588e-03	3.067370e-03
235	1.380611e+05	2.937518e+02	7.541679e+00	3.119316e-01	-9.785504e-06	3.556006e-01	2.833868e-01	1.072639e-01	-8.368665e-02	-5.149624e-03	3.487169e-03
236	5.938866e+03	2.962500e+02	7.593627e+00	2.774888e-01	9.018290e-04	3.350802e-01	2.742961e-01	9.940593e-02	-7.757479e-02	-4.214142e-03	2.726364e-03
237	1.380610e+05	2.962476e+02	7.590041e+00	2.782504e-01	-4.703083e-05	3.393686e-01	2.735981e-01	1.024721e-01	-7.772458e-02	-4.494345e-03	3.093609e-03
238	5.938867e+03	2.987502e+02	7.639202e+00	2.444102e-01	1.456955e-03	3.141965e-01	2.612120e-01	9.423641e-02	-6.931841e-02	-3.637759e-03	2.452438e-03
239	1.380610e+05	2.987504e+02	7.633247e+00	2.465443e-01	-4.302707e-05	3.184571e-01	2.610426e-01	9.737267e-02	-6.976961e-02	-3.899912e-03	2.710625e-03
240	5.938868e+03	3.012499e+02	7.680264e+00	2.135812e-01	1.751110e-03	2.908567e-01	2.462818e-01	8.862536e-02	-6.042294e-02	-3.101222e-03	2.194947e-03
241	1.380608e+05	3.012518e+02	7.672697e+00	2.172288e-01	-9.042938e-05	2.952423e-01	2.465937e-01	9.215725e-02	-6.105859e-02	-3.337420e-03	2.358322e-03
242	5.938910e+03	3.037499e+02	7.718536e+00	1.861970e-01	1.749469e-03	2.645831e-01	2.279524e-01	8.354013e-02	-5.075673e-02	-2.563536e-03	1.829090e-03
243	1.380605e+05	3.037530e+02	7.710270e+00	1.902289e-01	-5.614061e-05	2.697245e-01	2.295181e-01	8.699875e-02	-5.182175e-02	-2.803874e-03	2.003359e-03
244	5.938868e+03	3.062502e+02	7.753725e+00	1.606835e-01	1.808681e-03	2.357960e-01	2.062868e-01	7.902175e-02	-4.076899e-02	-2.237620e-03	1.670955e-03
245	1.380605e+05	3.062513e+02	7.746254e+00	1.649124e-01	-9.303077e-05	2.413909e-01	2.094310e-01	8.198287e-02	-4.216641e-02	-2.336452e-03	1.682215e-03
246	5.938867e+03	3.087499e+02	7.785091e+00	1.375198e-01	1.572791e-03	2.088590e-01	1.833086e-01	7.441460e-02	-3.197305e-02	-1.844077e-03	1.414412e-03
247	1.380605e+05	3.087505e+02	7.778979e+00	1.411676e-01	-4.402863e-05	2.130132e-01	1.875337e-01	7.723799e-02	-3.312597e-02	-1.909532e-03	1.375658e-03
248	5.938868e+03	3.112500e+02	7.814239e+00	1.160849e-01	1.080517e-03	1.813587e-01	1.602734e-01	6.972823e-02	-2.403241e-02	-1.448619e-03	1.118873e-03
249	1.380606e+05	3.112520e+02	7.809123e+00	1.187893e-01	-6.820603e-05	1.851449e-01	1.645913e-01	7.276110e-02	-2.496430e-02	-1.522225e-03	1.105863e-03
250	5.938868e+03	3.137499e+02	7.841678e+00	9.552079e-02	7.664344e-04	1.523242e-01	1.378801e-01	6.509912e-02	-1.693914e-02	-1.140904e-03	8.558471e-04
251	1.380605e+05	3.137529e+02	7.837170e+00	9.837858e-02	1.957305e-08	1.564422e-01	1.419336e-01	6.857051e-02	-1.776568e-02	-1.189032e-03	8.607542e-04
252	5.938869e+03	3.162500e+02	7.866369e+00	7.644490e-02	3.704120e-04	1.224899e-01	1.163723e-01	6.111567e-02	-1.104996e-02	-8.902050e-04	6.515706e-04
253	1.380604e+05	3.162505e+02	7.862041e+00	8.001897e-02	-4.485973e-05	1.277807e-01	1.206394e-01	6.481206e-02	-1.192277e-02	-9.087094e-04	6.446433e-04
254	5.938870e+03	3.187498e+02	7.887216e+00	6.016469e-02	3.041637e-04	9.550923e-02	9.728321e-02	5.734412e-02	-6.923759e-03	-7.141039e-04	5.231680e-04
255	1.380605e+05	3.187509e+02	7.882751e+00	6.371432e-02	2.851192e-05	1.012046e-01	1.004632e-01	6.115970e-02	-7.470304e-03	-6.781460e-04	4.615587e-04
256	5.938869e+03	3.212500e+02	7.901772e+00	4.699651e-02	4.795261e-04	7.457057e-02	8.058506e-02	5.381178e-02	-4.163043e-03	-5.527137e-04	4.171302e-04
257	1.380607e+05	3.212513e+02	7.898467e+00	5.013125e-02	-5.823698e-05	7.911285e-02	8.211753e-02	5.761956e-02	-4.315796e-03	-5.012756e-04	3.112220e-04
258	5.938868e+03	3.237501e+02	7.911210e+00	3.706751e-02	6.290509e-04	5.842805e-02	6.537271e-02	5.032592e-02	-2.311940e-03	-3.822341e-04	2.772554e-04
259	1.380607e+05	3.237502e+02	7.909539e+00	3.936373e-02	2.263568e-05	6.139554e-02	6.598374e-02	5.418645e-02	-2.263903e-03	-3.515288e-04	1.888589e-04
260	5.938870e+03	3.262499e+02	7.917327e+00	2.991793e-02	6.343548e-04	4.511277e-02	5.250927e-02	4.709875e-02	-1.145298e-03	-2.568966e-04	1.577503e-04
261	1.380610e+05	3.262502e+02	7.916815e+00	3.171624e-02	-7.355268e-05	4.740174e-02	5.340960e-02	5.093713e-02	-1.108857e-03	-2.477071e-04	1.002733e-04
262	5.938870e+03	3.287499e+02	7.921401e+00	2.506489e-02	6.662425e-04	3.401221e-02	4.278371e-02	4.404616e-02	-5.095626e-04	-1.473271e-04	6.037100e-05
263	1.380610e+05	3.287496e+02	7.921295e+00	2.650800e-02	2.842221e-05	3.730723e-02	4.415325e-02	4.795510e-02	-5.262826e-04	-1.706038e-04	2.807609e-05
264	5.938871e+03	3.312497e+02	7.924026e+00	2.217550e-02	4.280561e-04	2.701773e-02	3.671481e-02	4.146792e-02	-2.118977e-04	-7.592469e-05	-1.195804e-05
265	1.380612e+05	3.312502e+02	7.924005e+00	2.303184e-02	-7.687747e-05	3.058841e-02	3.778306e-02	4.532323e-02	-2.548298e-04	-1.185857e-04	-1.891604e-05
266	5.938872e+03	3.337498e+02	7.925787e+00	2.049645e-02	3.752794e-04	2.357008e-02	3.295796e-02	3.895668e-02	-9.773458e-05	-4.330649e-05	-5.260984e-05
267	1.380609e+05	3.337495e+02	7.925801e+00	2.093256e-02	5.058480e-05	2.660022e-02	3.346596e-02	4.289449e-02	-1.442205e-04	-8.379711e-05	-5.296724e-05
268	5.938869e+03	3.362500e+02	7.926933e+00	1.967273e-02	1.208037e-04	2.152200e-02	3.013352e-02	3.679726e-02	-5.905109e-05	-2.632919e-05	-7.059831e-05
269	1.380609e+05	3.362498e+02	7.926984e+00	1.973421e-02	-7.446363e-05	2.403277e-02	3.025294e-02	4.071936e-02	-1.009169e-04	-6.236030e-05	-7.555734e-05
270	5.938870e+03	3.387498e+02	7.927702e+00	1.918104e-02	1.815923e-04	1.974359e-02	2.772533e-02	3.486722e-02	-3.870172e-05	-2.163344e-05	-7.591389e-05
271	1.380612e+05	3.387489e+02	7.927730e+00	1.915698e-02	6.885712e-05	2.208372e-02	2.779081e-02	3.877207e-02	-8.305091e-05	-5.040270e-05	-8.785363e-05
272	5.938869e+03	3.412499e+02	7.928194e+00	1.884781e-02	3.137666e-05	1.817568e-02	2.579303e-02	3.327847e-02	-2.577286e-05	-1.789024e-05	-7.269978e-05
273	1.380612e+05	3.412489e+02	7.928158e+00	1.900231e-02	-8.197758e-05	2.041041e-02	2.599359e-02	3.708620e-02	-7.072699e-05	-4.361606e-05	-9.498466e-05
274	5.938869e+03	3.437500e+02	7.928480e+00	1.864941e-02	2.345135e-04	1.692192e-02	2.450496e-02	3.192496e-02	-1.784917e-05	-1.401842e-05	-6.712376e-05
275	1.380612e+05	3.437506e+02	7.928389e+00	1.905563e-02	7.722637e-05	1.892495e-02	2.491154e-02	3.559715e-02	-5.880077e-05	-3.897490e-05	-9.712086e-05
276	5.938869e+03	3.462500e+02	7.928662e+00	1.862547e-02	1.850000e-04	1.583403e-02	2.396900e-02	3.078957e-02	-1.153522e-05	-9.987436e-06	-5.677641e-05
277	1.380614e+05	3.462499e+02	7.928485e+00	1.919846e-02	-1.012252e-04	1.760636e-02	2.445530e-02	3.429268e-02	-4.663494e-05	-3.523588e-05	-9.877689e-05
278	5.938868e+03	3.487499e+02	7.928743e+00	1.883818e-02	4.720657e-04	1.488287e-02	2.387355e-02	2.981825e-02	-7.307608e-06	-7.468445e-06	-4.653835e-05
279	1.380617e+05	3.487484e+02	7.928522e+00	1.936406e-02	8.003034e-05	1.648351e-02	2.454277e-02	3.314149e-02	-3.630429e-05	-3.186995e-05	-9.961583e-05
280	5.938869e+03	3.512500e+02	7.928757e+00	1.916045e-02	3.703655e-04	1.406090e-02	2.396598e-02	2.900683e-02	-4.293943e-06	-5.756878e-06	-3.694764e-05
281	1.380617e+05	3.512483e+02	7.928560e+00	1.948826e-02	-1.232752e-04	1.554724e-02	2.494811e-02	3.212293e-02	-2.818891e-05	-2.898980e-05	-1.012934e-04
282	5.938869e+03	3.537499e+02	7.928723e+00	1.959199e-02	6.456032e-04	1.332023e-02	2.420883e-02	2.832289e-02	-3.670102e-06	-4.770831e-06	-3.041108e-05
283	1.380616e+05	3.537484e+02	7.928563e+00	1.957783e-02	8.790435e-05	1.468929e-02	2.553513e-02	3.122403e-02	-2.183358e-05	-2.711825e-05	-1.036305e-04
284	5.938868e+03	3.562501e+02	7.928695e+00	2.027768e-02	4.699098e-04	1.264243e-02	2.475526e-02	2.779618e-02	-4.872886e-06	-3.823029e-06	-2.483823e-05
285	1.380617e+05	3.562490e+02	7.928558e+00	1.967184e-02	-1.432471e-04	1.390509e-02	2.611598e-02	3.041590e-02	-1.706760e-05	-2.571668e-05	-1.065473e-04
286	5.938905e+03	3.587497e+02	7.928652e+00	2.109529e-02	7.397682e-04	1.198172e-02	2.551943e-02	2.740991e-02	-8.002544e-06	-2.927620e-06	-2.454636e-05
287	1.380618e+05	3.587492e+02	7.928515e+00	1.978372e-02	1.000242e-04	1.316587e-02	2.663567e-02	2.970812e-02	-1.451065e-05	-2.475209e-05	-1.096872e-04
288	5.938869e+03	3.612499e+02	7.928641e+00	2.198306e-02	5.310553e-04	1.138305e-02	2.640169e-02	2.719302e-02	-1.224959e-05	-2.086078e-06	-3.009959e-05
289	1.380618e+05	3.612489e+02	7.928496e+00	1.988914e-02	-1.633203e-04	1.247889e-02	2.695349e-02	2.907946e-02	-1.366773e-05	-2.379006e-05	-1.122459e-04
290	5.938869e+03	3.637500e+02	7.928602e+00	2.260192e-02	8.606398e-04	1.085117e-02	2.727753e-02	2.711736e-02	-1.592006e-05	-1.862800e-06	-4.448758e-05
291	1.380618e+05	3.637484e+02	7.928441e+00	2.001823e-02	1.125677e-04	1.182561e-02	2.705096e-02	2.854713e-02	-1.343005e-05	-2.293995e-05	-1.142359e-04
292	5.938868e+03	3.662502e+02	7.928605e+00	2.297120e-02	6.189969e-04	1.039321e-02	2.810156e-02	2.714972e-02	-1.732266e-05	-2.125995e-06	-6.321945e-05
293	1.380617e+05	3.662469e+02	7.928419e+00	2.013202e-02	-1.853804e-04	1.124689e-02	2.693311e-02	2.808374e-02	-1.187222e-05	-2.192190e-05	-1.153131e-04
294	5.938868e+03	3.687499e+02	7.928580e+00	2.282648e-02	9.632828e-04	1.002650e-02	2.858884e-02	2.726057e-02	-1.551080e-05	-2.835720e-06	-7.936310e-05
295	1.380617e+05	3.687483e+02	7.928388e+00	2.019884e-02	1.266964e-04	1.074833e-02	2.661255e-02	2.771080e-02	-9.146030e-06	-2.095210e-05	-1.158446e-04
296	5.938868e+03	3.712499e+02	7.928626e+00	2.242431e-02	5.921054e-04	9.739521e-03	2.864513e-02	2.742218e-02	-1.149507e-05	-3.464015e-06	-8.817721e-05
297	1.380620e+05	3.712480e+02	7.928443e+00	2.020295e-02	-2.031615e-04	1.033596e-02	2.622365e-02	2.738790e-02	-5.366984e-06	-1.996210e-05	-1.160158e-04
298	5.938868e+03	3.737502e+02	7.928651e+00	2.199574e-02	8.464814e-04	9.482234e-03	2.818408e-02	2.770478e-02	-7.056662e-06	-3.426216e-06	-9.257332e-05
299	1.380620e+05	3.737477e+02	7.928483e+00	2.022834e-02	1.516577e-04	9.959546e-03	2.581125e-02	2.713548e-02	-1.299366e-06	-1.929538e-05	-1.160131e-04
300	5.938868e+03	3.762500e+02	7.928740e+00	2.163538e-02	3.385688e-04	9.214400e-03	2.764049e-02	2.807524e-02	-3.884481e-06	-2.803025e-06	-9.863191e-05
301	1.380623e+05	3.762460e+02	7.928567e+00	2.026298e-02	-2.132305e-04	9.592129e-03	2.552661e-02	2.692015e-02	2.454186e-06	-1.858285e-05	-1.158064e-04
302	5.938869e+03	3.787502e+02	7.928768e+00	2.120190e-02	6.523553e-04	8.911015e-03	2.702631e-02	2.855260e-02	-7.178706e-07	-2.436806e-06	-1.051763e-04
303	1.380618e+05	3.787482e+02	7.928637e+00	2.034948e-02	1.819388e-04	9.233687e-03	2.524573e-02	2.678469e-02	5.432532e-06	-1.808551e-05	-1.153414e-04
304	5.938868e+03	3.812500e+02	7.928839e+00	2.095822e-02	1.412484e-04	8.637488e-03	2.655697e-02	2.903430e-02	2.457711e-06	-2.839713e-06	-1.104773e-04
305	1.380617e+05	3.812485e+02	7.928706e+00	2.046155e-02	-2.283575e-04	8.908268e-03	2.502980e-02	2.669396e-02	7.998626e-06	-1.750001e-05	-1.145745e-04
306	5.938868e+03	3.837502e+02	7.928839e+00	2.088343e-02	5.174667e-04	8.412092e-03	2.628336e-02	2.954380e-02	4.973330e-06	-2.859508e-06	-1.132843e-04
307	1.380612e+05	3.837506e+02	7.928743e+00	2.055011e-02	2.125267e-04	8.630808e-03	2.478764e-02	2.668574e-02	9.730017e-06	-1.701561e-05	-1.137207e-04
308	5.938868e+03	3.862501e+02	7.928886e+00	2.103852e-02	-5.452109e-05	8.249912e-03	2.634585e-02	2.996716e-02	6.130619e-06	-3.013739e-06	-1.115364e-04
309	1.380613e+05	3.862486e+02	7.928846e+00	2.050453e-02	-2.456157e-04	8.410837e-03	2.454560e-02	2.670003e-02	1.030844e-05	-1.644599e-05	-1.125702e-04
310	5.938868e+03	3.887501e+02	7.928870e+00	2.125569e-02	3.170123e-04	8.070708e-03	2.649573e-02	3.033117e-02	6.913329e-06	-2.666600e-06	-1.051120e-04
311	1.380612e+05	3.887494e+02	7.928886e+00	2.023246e-02	2.477673e-04	8.218910e-03	2.415693e-02	2.677336e-02	9.171805e-06	-1.587095e-05	-1.120616e-04
312	5.938868e+03	3.912501e+02	7.928941e+00	2.149495e-02	-3.702447e-04	7.960370e-03	2.663111e-02	3.056928e-02	8.977717e-06	-2.476777e-06	-9.656512e-05
313	1.380611e+05	3.912491e+02	7.928991e+00	1.989536e-02	-2.599563e-04	8.064558e-03	2.366082e-02	2.683413e-02	8.786583e-06	-1.537149e-05	-1.108624e-04
314	5.938867e+03	3.937499e+02	7.928983e+00	2.162313e-02	-1.273057e-05	7.784026e-03	2.641875e-02	3.075388e-02	1.199441e-05	-2.060483e-06	-8.890481e-05
315	1.380611e+05	3.937502e+02	7.929013e+00	1.960312e-02	2.916779e-04	7.904464e-03	2.292529e-02	2.692400e-02	9.110556e-06	-1.493535e-05	-1.111112e-04
316	5.938867e+03	3.962503e+02	7.929102e+00	2.144703e-02	-7.669399e-04	7.659864e-03	2.584860e-02	3.081125e-02	1.548662e-05	-1.820692e-06	-8.256325e-05
317	1.380611e+05	3.962503e+02	7.929130e+00	1.935059e-02	-2.744266e-04	7.767181e-03	2.215003e-02	2.697611e-02	9.866910e-06	-1.469101e-05	-1.105260e-04
318	5.938866e+03	3.987501e+02	7.929141e+00	2.098255e-02	-2.784536e-04	7.508099e-03	2.498252e-02	3.083586e-02	1.906774e-05	-1.506947e-06	-7.975708e-05
319	1.380612e+05	3.987510e+02	7.929171e+00	1.917554e-02	3.367591e-04	7.649404e-03	2.148932e-02	2.703117e-02	1.036149e-05	-1.448537e-05	-1.117058e-04
320	5.938866e+03	4.012501e+02	7.929238e+00	2.051280e-02	-9.813037e-04	7.337024e-03	2.414844e-02	3.072430e-02	2.220623e-05	-1.908623e-06	-7.903642e-05
321	1.380612e+05	4.012471e+02	7.929250e+00	1.916109e-02	-3.015360e-04	7.551377e-03	2.118772e-02	2.702791e-02	1.114572e-05	-1.444690e-05	-1.118893e-04
322	5.938866e+03	4.037505e+02	7.929253e+00	2.036532e-02	-2.162662e-04	7.211053e-03	2.367467e-02	3.055999e-02	2.394431e-05	-2.624828e-06	-8.040796e-05
323	1.380610e+05	4.037501e+02	7.929242e+00	1.935069e-02	3.739832e-04	7.445295e-03	2.133703e-02	2.699526e-02	1.184508e-05	-1.428285e-05	-1.134563e-04
324	5.938868e+03	4.062500e+02	7.929341e+00	2.048222e-02	-7.852308e-04	7.074700e-03	2.373264e-02	3.024720e-02	2.392330e-05	-3.750735e-06	-8.226471e-05
325	1.380610e+05	4.062506e+02	7.929295e+00	1.967208e-02	-3.537406e-04	7.334651e-03	2.184103e-02	2.689943e-02	1.240215e-05	-1.416564e-05	-1.142536e-04
326	5.938869e+03	4.087501e+02	7.929312e+00	2.063677e-02	3.030918e-04	6.931006e-03	2.440405e-02	2.991452e-02	2.321290e-05	-4.880343e-06	-8.502416e-05
327	1.380613e+05	4.087514e+02	7.929240e+00	2.000511e-02	3.997381e-04	7.216905e-03	2.259601e-02	2.679170e-02	1.238039e-05	-1.376096e-05	-1.158979e-04
328	5.938867e+03	4.112500e+02	7.929354e+00	2.060973e-02	-2.148083e-04	6.830420e-03	2.534117e-02	2.949996e-02	2.241819e-05	-5.726181e-06	-9.014586e-05
329	1.380612e+05	4.112475e+02	7.929281e+00	2.026031e-02	-4.300922e-04	7.132811e-03	2.337963e-02	2.666327e-02	1.221684e-05	-1.336708e-05	-1.165127e-04
330	5.938911e+03	4.137496e+02	7.929281e+00	2.040827e-02	1.007162e-03	6.711120e-03	2.613938e-02	2.914004e-02	2.077597e-05	-5.752089e-06	-9.614748e-05
331	1.380611e+05	4.137491e+02	7.929248e+00	2.040524e-02	4.241268e-04	7.035531e-03	2.396931e-02	2.657789e-02	1.138246e-05	-1.274214e-05	-1.169854e-04
332	2.421907e+03	4.162498e+02	7.929341e+00	1.996394e-02	5.819247e-05	6.752935e-03	2.561692e-02	2.849378e-02	1.559541e-05	-6.369734e-06	-1.000102e-04
333	1.415780e+05	4.162502e+02	7.929309e+00	2.043377e-02	-4.842270e-04	6.984198e-03	2.432296e-02	2.657581e-02	1.076442e-05	-1.222005e-05	-1.154585e-04
334	2.406289e+03	4.187498e+02	7.929267e+00	1.968684e-02	1.189518e-03	6.749992e-03	2.526959e-02	2.824297e-02	1.414336e-05	-5.752969e-06	-1.042912e-04
335	1.415936e+05	4.187507e+02	7.929251e+00	2.044739e-02	4.909384e-04	6.935944e-03	2.409980e-02	2.657148e-02	9.408708e-06	-1.176246e-05	-1.131736e-04
336	2.421907e+03	4.212501e+02	7.929286e+00	1.932004e-02	1.213030e-04	6.799685e-03	2.451255e-02	2.786754e-02	1.197678e-05	-6.071685e-06	-1.126605e-04
337	1.415781e+05	4.212511e+02	7.929276e+00	2.047755e-02	-5.423960e-04	6.933238e-03	2.353097e-02	2.658910e-02	7.937557e-06	-1.176225e-05	-1.086393e-04
338	2.421906e+03	4.237501e+02	7.929136e+00	1.915748e-02	1.215467e-03	6.860612e-03	2.368020e-02	2.760192e-02	9.368780e-06	-6.195827e-06	-1.233120e-04
339	1.415781e+05	4.237487e+02	7.929114e+00	2.060943e-02	5.497732e-04	6.913466e-03	2.266430e-02	2.664332e-02	6.686083e-06	-1.158029e-05	-1.016181e-04
340	2.421906e+03	4.262502e+02	7.929069e+00	1.940656e-02	-1.227588e-04	6.993446e-03	2.315812e-02	2.734798e-02	7.324737e-06	-6.756224e-06	-1.358416e-04
341	1.415779e+05	4.262518e+02	7.929059e+00	2.091828e-02	-6.017550e-04	6.928571e-03	2.186863e-02	2.669934e-02	5.950891e-06	-1.180497e-05	-9.276142e-05
342	2.437528e+03	4.287501e+02	7.928829e+00	2.003092e-02	1.045946e-03	7.054687e-03	2.276713e-02	2.720363e-02	6.978407e-06	-6.825998e-06	-1.469704e-04
343	1.415620e+05	4.287528e+02	7.928819e+00	2.125855e-02	6.180953e-04	6.902476e-03	2.109147e-02	2.676197e-02	5.706961e-06	-1.156986e-05	-8.258982e-05
344	2.468771e+03	4.312501e+02	7.928696e+00	2.064748e-02	-4.504066e-04	7.035806e-03	2.271870e-02	2.711919e-02	6.441819e-06	-6.422278e-06	-1.555795e-04
345	1.415309e+05	4.312499e+02	7.928671e+00	2.161907e-02	-6.647437e-04	6.871867e-03	2.071961e-02	2.682671e-02	5.447136e-06	-1.159596e-05	-7.219914e-05
346	2.421906e+03	4.337501e+02	7.928394e+00	2.111539e-02	9.941600e-04	6.930409e-03	2.254230e-02	2.712325e-02	5.251163e-06	-5.190330e-06	-1.539451e-04
347	1.415779e+05	4.337509e+02	7.928389e+00	2.186165e-02	6.936931e-04	6.793379e-03	2.046656e-02	2.687156e-02	5.322947e-06	-1.084493e-05	-6.212636e-05
348	2.421906e+03	4.362501e+02	7.928252e+00	2.110554e-02	-4.514483e-04	6.829919e-03	2.253729e-02	2.716582e-02	3.455688e-06	-3.266692e-06	-1.474410e-04
349	1.415780e+05	4.362517e+02	7.928249e+00	2.186278e-02	-7.462853e-04	6.680722e-03	2.058157e-02	2.690901e-02	4.884590e-06	-1.036364e-05	-5.212416e-05
350	2.421906e+03	4.387501e+02	7.928006e+00	2.078722e-02	1.406435e-03	6.649883e-03	2.229585e-02	2.719240e-02	1.941075e-06	-8.854461e-07	-1.319477e-04
351	1.415776e+05	4.387532e+02	7.928019e+00	2.166712e-02	7.757890e-04	6.550577e-03	2.063314e-02	2.691786e-02	4.805444e-06	-9.239629e-06	-4.384682e-05
352	2.421906e+03	4.412500e+02	7.927971e+00	2.028020e-02	-1.127858e-04	6.518868e-03	2.190770e-02	2.716836e-02	2.919557e-06	8.546019e-07	-1.060616e-04
353	1.415778e+05	4.412483e+02	7.928010e+00	2.136631e-02	-8.476112e-04	6.425860e-03	2.078264e-02	2.688981e-02	4.915064e-06	-8.571049e-06	-3.567862e-05
354	2.437527e+03	4.437501e+02	7.927840e+00	1.991183e-02	1.877776e-03	6.358649e-03	2.126306e-02	2.701834e-02	4.442813e-06	2.616524e-06	-7.316710e-05
355	1.415622e+05	4.437503e+02	7.927878e+00	2.095932e-02	8.710479e-04	6.304181e-03	2.076555e-02	2.683909e-02	5.480522e-06	-7.570843e-06	-2.926396e-05
356	2.437527e+03	4.462502e+02	7.927884e+00	1.955260e-02	3.189751e-05	6.226504e-03	2.079989e-02	2.680250e-02	7.519297e-06	3.193889e-06	-3.745050e-05
357	1.415622e+05	4.462509e+02	7.927956e+00	2.059903e-02	-9.597611e-04	6.242060e-03	2.089574e-02	2.671595e-02	6.294802e-06	-7.281146e-06	-2.181655e-05
358	2.406288e+03	4.487499e+02	7.927817e+00	1.951272e-02	2.098400e-03	6.125845e-03	2.047196e-02	2.657824e-02	9.533429e-06	4.266956e-06	-9.140165e-06
359	1.415936e+05	4.487526e+02	7.927862e+00	2.026531e-02	9.880734e-04	6.154960e-03	2.088685e-02	2.657149e-02	6.970367e-06	-6.526435e-06	-1.664574e-05
360	2.406288e+03	4.512500e+02	7.927917e+00	1.936201e-02	-1.710899e-04	6.051762e-03	2.039383e-02	2.634987e-02	1.068942e-05	3.839144e-06	1.651247e-05
361	1.415935e+05	4.512496e+02	7.927982e+00	1.995119e-02	-1.085932e-03	6.139101e-03	2.108898e-02	2.633063e-02	7.672184e-06	-6.688627e-06	-9.948530e-06
362	2.421906e+03	4.537502e+02	7.927840e+00	1.940833e-02	2.109524e-03	6.016991e-03	2.036630e-02	2.614670e-02	9.607787e-06	4.740552e-06	3.681623e-05
363	1.415779e+05	4.537487e+02	7.927908e+00	1.978320e-02	1.126632e-03	6.109102e-03	2.114994e-02	2.605440e-02	7.486843e-06	-5.960384e-06	-6.482098e-06
364	2.453151e+03	4.562502e+02	7.927914e+00	1.907143e-02	-3.984963e-04	6.015285e-03	2.028306e-02	2.597694e-02	8.275239e-06	4.242306e-06	5.168846e-05
365	1.415466e+05	4.562509e+02	7.928020e+00	1.953857e-02	-1.233764e-03	6.138189e-03	2.134450e-02	2.568888e-02	7.472159e-06	-6.256550e-06	-9.199746e-07
366	2.437527e+03	4.587502e+02	7.927795e+00	1.896448e-02	2.287770e-03	5.997166e-03	2.023213e-02	2.574911e-02	8.237653e-06	5.977774e-06	6.520437e-05
367	1.415623e+05	4.587507e+02	7.927903e+00	1.964555e-02	1.285975e-03	6.136066e-03	2.125832e-02	2.527640e-02	7.413956e-06	-5.537592e-06	4.729426e-07
368	2.437527e+03	4.612500e+02	7.927885e+00	1.877378e-02	-4.177938e-04	6.020556e-03	2.022070e-02	2.545280e-02	8.710086e-06	5.854087e-06	7.371634e-05
369	1.415623e+05	4.612520e+02	7.928004e+00	1.954394e-02	-1.411173e-03	6.172453e-03	2.122146e-02	2.478837e-02	7.861337e-06	-5.722077e-06	3.652171e-06
370	2.437527e+03	4.637500e+02	7.927752e+00	1.890715e-02	2.596190e-03	6.095815e-03	2.031544e-02	2.514282e-02	1.099926e-05	8.078872e-06	7.767245e-05
371	1.415623e+05	4.637509e+02	7.927851e+00	1.983171e-02	1.475525e-03	6.184976e-03	2.087821e-02	2.426585e-02	8.121233e-06	-4.922297e-06	3.210366e-06
372	2.437528e+03	4.662500e+02	7.927880e+00	1.904119e-02	-6.436811e-04	6.173521e-03	2.028830e-02	2.467759e-02	1.254824e-05	7.951801e-06	7.584882e-05
373	1.415623e+05	4.662505e+02	7.927973e+00	1.983263e-02	-1.619727e-03	6.258316e-03	2.065883e-02	2.365339e-02	8.601411e-06	-4.798929e-06	4.294284e-06
375	1.439997e+05	4.687498e+02	7.927846e+00	1.994004e-02	1.719186e-03	6.382796e-03	2.017052e-02	2.304598e-02	8.488410e-06	-3.446620e-06	4.518800e-06
377	1.439997e+05	4.712521e+02	7.928041e+00	1.980413e-02	-1.850645e-03	6.568917e-03	1.993829e-02	2.223669e-02	9.156982e-06	-3.144199e-06	4.103034e-06
379	1.439997e+05	4.737513e+02	7.927883e+00	1.971681e-02	1.995770e-03	6.815883e-03	1.985573e-02	2.139194e-02	9.023729e-06	-2.069604e-06	5.099113e-06
381	1.439997e+05	4.762521e+02	7.928147e+00	1.959749e-02	-2.162565e-03	7.103056e-03	2.010677e-02	2.021377e-02	1.067605e-05	-1.791875e-06	2.614472e-06
383	1.439997e+05	4.787506e+02	7.928030e+00	1.946117e-02	2.357766e-03	7.409532e-03	2.091229e-02	1.904017e-02	1.142819e-05	-9.504016e-07	3.987623e-06
385	1.439997e+05	4.812523e+02	7.928289e+00	1.931248e-02	-2.570120e-03	7.753170e-03	2.168141e-02	1.740496e-02	1.272599e-05	-8.604438e-07	1.381962e-06
387	1.439997e+05	4.837506e+02	7.928146e+00	1.930133e-02	2.820910e-03	8.087588e-03	2.325357e-02	1.583333e-02	1.328252e-05	-2.085326e-07	2.520750e-06
389	1.439997e+05	4.862498e+02	7.928426e+00	1.935046e-02	-3.112728e-03	8.363704e-03	2.438330e-02	1.371173e-02	1.371264e-05	-2.667395e-07	2.361855e-07
391	1.439997e+05	4.887502e+02	7.928176e+00	1.934682e-02	3.427417e-03	8.572822e-03	2.624570e-02	1.175609e-02	1.390002e-05	2.587880e-07	2.049625e-06
393	1.439997e+05	4.912517e+02	7.928380e+00	1.936259e-02	-3.794403e-03	8.637682e-03	2.725990e-02	9.492238e-03	1.371826e-05	-1.021801e-07	-1.193352e-06
395	1.439997e+05	4.937511e+02	7.927859e+00	1.942232e-02	4.073645e-03	8.687169e-03	2.897104e-02	8.263377e-03	1.404502e-05	4.743752e-07	2.433880e-06
397	1.439997e+05	4.962509e+02	7.928041e+00	1.912537e-02	-4.464632e-03	8.648371e-03	2.885644e-02	7.274792e-03	1.286633e-05	5.614891e-07	-1.759285e-06
399	1.439997e+05	4.987523e+02	7.927344e+00	2.012887e-02	5.002309e-03	8.715420e-03	3.135102e-02	4.820922e-03	1.772977e-05	8.835762e-07	1.796044e-06
