Time (s)	9.600000e+03	dt_sampled - EXTRA_TIME	3.600000e+03
 i	 Vol	 Z	 Uavg	 Vavg	 Wavg	 Urms	 Vrms	 Wrms	 UVmean	 UWmean	 VWmean
0	7.200000e+04	6.247349e-01	8.023584e+00	-1.128799e-02	-2.202381e-02	7.856569e-01	3.897130e-01	1.603098e-01	1.397520e-02	-4.234120e-02	4.681719e-06
1	7.200000e+04	1.875637e+00	9.350204e+00	-1.199905e-02	1.409118e-02	8.752427e-01	4.185740e-01	1.986206e-01	2.035650e-02	-7.454453e-02	1.384836e-04
2	7.200000e+04	3.125806e+00	9.702903e+00	-1.059853e-02	-1.287213e-02	8.151284e-01	4.117179e-01	2.416465e-01	2.057959e-02	-7.206956e-02	5.188793e-05
3	7.200000e+04	4.374590e+00	9.941266e+00	-1.112114e-02	1.116272e-02	7.734858e-01	4.032008e-01	2.693942e-01	1.910527e-02	-7.396747e-02	2.176058e-05
4	7.200000e+04	5.626863e+00	1.009329e+01	-1.236399e-02	-9.646588e-03	7.418476e-01	3.929177e-01	2.840548e-01	1.744974e-02	-7.246408e-02	-3.795996e-05
5	7.200000e+04	6.876738e+00	1.021476e+01	-1.358599e-02	8.605910e-03	7.215261e-01	3.854145e-01	2.926307e-01	1.583746e-02	-7.117316e-02	-4.656444e-05
6	7.200000e+04	8.127151e+00	1.030968e+01	-1.460886e-02	-7.588182e-03	7.054268e-01	3.781546e-01	2.967761e-01	1.490042e-02	-6.974863e-02	-8.526381e-05
7	7.200000e+04	9.375942e+00	1.039303e+01	-1.549306e-02	6.818855e-03	6.950065e-01	3.710888e-01	2.989393e-01	1.473191e-02	-6.781991e-02	-6.157787e-05
8	7.200000e+04	1.062404e+01	1.046433e+01	-1.574199e-02	-6.089294e-03	6.866582e-01	3.641996e-01	2.997703e-01	1.475696e-02	-6.641432e-02	-3.403948e-05
9	7.200000e+04	1.187262e+01	1.052966e+01	-1.583679e-02	5.508231e-03	6.802458e-01	3.581683e-01	2.998253e-01	1.479008e-02	-6.435353e-02	-2.329102e-05
10	7.200000e+04	1.312173e+01	1.058797e+01	-1.581040e-02	-4.956597e-03	6.739901e-01	3.525086e-01	2.997139e-01	1.446800e-02	-6.296734e-02	-2.458293e-05
11	7.200000e+04	1.437005e+01	1.064134e+01	-1.570012e-02	4.505580e-03	6.685697e-01	3.476520e-01	2.990859e-01	1.422637e-02	-6.091244e-02	-6.634265e-05
12	7.200000e+04	1.562164e+01	1.069063e+01	-1.591174e-02	-4.076554e-03	6.634291e-01	3.432827e-01	2.985722e-01	1.385776e-02	-5.953951e-02	-1.174180e-04
13	7.200000e+04	1.687398e+01	1.073680e+01	-1.630067e-02	3.718330e-03	6.588392e-01	3.396539e-01	2.976304e-01	1.328866e-02	-5.757311e-02	-1.800452e-04
14	7.200000e+04	1.811819e+01	1.077975e+01	-1.650014e-02	-3.370368e-03	6.545805e-01	3.367209e-01	2.968275e-01	1.250012e-02	-5.625674e-02	-2.492138e-04
15	7.200000e+04	1.937408e+01	1.082045e+01	-1.638564e-02	3.086627e-03	6.509551e-01	3.340452e-01	2.956763e-01	1.151808e-02	-5.440092e-02	-3.304151e-04
16	7.200000e+04	2.062489e+01	1.085947e+01	-1.607039e-02	-2.816020e-03	6.474541e-01	3.309737e-01	2.948254e-01	1.057699e-02	-5.311013e-02	-4.244291e-04
17	7.200000e+04	2.188293e+01	1.089606e+01	-1.541406e-02	2.580544e-03	6.438656e-01	3.282616e-01	2.935915e-01	1.006819e-02	-5.135452e-02	-5.231379e-04
18	7.200000e+04	2.312019e+01	1.093063e+01	-1.410543e-02	-2.358438e-03	6.401556e-01	3.260017e-01	2.925649e-01	9.843280e-03	-5.003946e-02	-6.528802e-04
19	7.200000e+04	2.438035e+01	1.096366e+01	-1.193934e-02	2.168213e-03	6.367231e-01	3.235806e-01	2.912308e-01	9.838585e-03	-4.837170e-02	-7.522370e-04
20	7.200000e+04	2.561718e+01	1.099441e+01	-9.283494e-03	-1.987512e-03	6.332664e-01	3.206308e-01	2.901779e-01	1.035505e-02	-4.717000e-02	-8.581441e-04
21	7.200000e+04	2.687912e+01	1.102378e+01	-6.924178e-03	1.830671e-03	6.299009e-01	3.178973e-01	2.888261e-01	1.097430e-02	-4.568863e-02	-9.510621e-04
22	7.200000e+04	2.811253e+01	1.105219e+01	-4.895987e-03	-1.679658e-03	6.261702e-01	3.152282e-01	2.876125e-01	1.155024e-02	-4.464178e-02	-1.046840e-03
23	7.200000e+04	2.937544e+01	1.107932e+01	-3.199913e-03	1.550249e-03	6.225887e-01	3.128493e-01	2.862290e-01	1.206229e-02	-4.336049e-02	-1.150676e-03
24	7.200000e+04	3.063739e+01	1.110511e+01	-2.078330e-03	-1.424915e-03	6.191881e-01	3.108816e-01	2.851674e-01	1.238151e-02	-4.246030e-02	-1.274833e-03
25	7.200000e+04	3.187226e+01	1.112941e+01	-1.480610e-03	1.318065e-03	6.154612e-01	3.091363e-01	2.840541e-01	1.258892e-02	-4.137059e-02	-1.390525e-03
26	7.200000e+04	3.313847e+01	1.115300e+01	-1.156063e-03	-1.214722e-03	6.113374e-01	3.075829e-01	2.832348e-01	1.248831e-02	-4.063193e-02	-1.463496e-03
27	7.200000e+04	3.437844e+01	1.117547e+01	-7.479800e-04	1.123454e-03	6.070034e-01	3.065173e-01	2.823234e-01	1.223779e-02	-3.975207e-02	-1.504980e-03
28	7.200000e+04	3.562554e+01	1.119759e+01	-2.912691e-04	-1.037857e-03	6.028671e-01	3.055159e-01	2.816390e-01	1.167377e-02	-3.916178e-02	-1.513169e-03
29	7.200000e+04	3.686655e+01	1.121904e+01	-6.488316e-05	9.658410e-04	5.991009e-01	3.045794e-01	2.809550e-01	1.100783e-02	-3.846618e-02	-1.493166e-03
30	7.200000e+04	3.813452e+01	1.123936e+01	-1.937715e-04	-8.936091e-04	5.954818e-01	3.036693e-01	2.805221e-01	1.038244e-02	-3.804847e-02	-1.460328e-03
31	7.200000e+04	3.937933e+01	1.125872e+01	-6.822759e-04	8.294284e-04	5.919930e-01	3.026381e-01	2.800373e-01	9.474368e-03	-3.750591e-02	-1.426430e-03
32	7.200049e+04	4.061963e+01	1.127818e+01	-1.393416e-03	-7.686428e-04	5.892516e-01	3.016399e-01	2.796670e-01	8.421792e-03	-3.721938e-02	-1.388646e-03
33	7.200049e+04	4.186478e+01	1.129780e+01	-2.304351e-03	7.150517e-04	5.870036e-01	3.005541e-01	2.792182e-01	7.352441e-03	-3.685578e-02	-1.383730e-03
34	7.200050e+04	4.313503e+01	1.131807e+01	-3.157357e-03	-6.595117e-04	5.850709e-01	2.994473e-01	2.788554e-01	6.117002e-03	-3.670809e-02	-1.404282e-03
35	7.200049e+04	4.438379e+01	1.133842e+01	-3.638030e-03	6.159975e-04	5.832524e-01	2.986541e-01	2.784331e-01	4.829195e-03	-3.650982e-02	-1.457410e-03
36	7.200049e+04	4.560881e+01	1.135641e+01	-4.066967e-03	-5.728704e-04	5.813578e-01	2.982575e-01	2.780836e-01	3.535237e-03	-3.643529e-02	-1.508754e-03
37	7.200051e+04	4.685774e+01	1.137652e+01	-4.503375e-03	5.353690e-04	5.795499e-01	2.978316e-01	2.776763e-01	2.269767e-03	-3.628282e-02	-1.559293e-03
38	7.200051e+04	4.812769e+01	1.139558e+01	-4.870900e-03	-4.983027e-04	5.779986e-01	2.974747e-01	2.773728e-01	1.149238e-03	-3.625185e-02	-1.589341e-03
39	7.200049e+04	4.939823e+01	1.141379e+01	-4.713252e-03	4.678260e-04	5.767940e-01	2.975136e-01	2.770644e-01	1.294573e-04	-3.619381e-02	-1.636751e-03
40	7.200049e+04	5.065087e+01	1.143229e+01	-3.911755e-03	-4.362990e-04	5.752808e-01	2.977854e-01	2.768417e-01	-8.134051e-04	-3.627566e-02	-1.697949e-03
41	7.200051e+04	5.186778e+01	1.145196e+01	-2.550187e-03	4.115394e-04	5.736851e-01	2.982613e-01	2.766836e-01	-1.688368e-03	-3.634196e-02	-1.774578e-03
42	7.200049e+04	5.312151e+01	1.146969e+01	-1.050828e-03	-3.838642e-04	5.723935e-01	2.985235e-01	2.766487e-01	-2.349621e-03	-3.649807e-02	-1.840931e-03
43	7.200049e+04	5.439294e+01	1.148882e+01	7.489428e-04	3.638657e-04	5.712460e-01	2.986013e-01	2.765718e-01	-2.917006e-03	-3.661277e-02	-1.880616e-03
44	7.200051e+04	5.564795e+01	1.150664e+01	2.678985e-03	-3.433812e-04	5.703939e-01	2.984715e-01	2.764941e-01	-3.477161e-03	-3.676424e-02	-1.894793e-03
45	7.200049e+04	5.686254e+01	1.152523e+01	4.814704e-03	3.261443e-04	5.695835e-01	2.981441e-01	2.762944e-01	-3.861461e-03	-3.684292e-02	-1.889418e-03
46	7.200050e+04	5.811786e+01	1.154405e+01	7.022797e-03	-3.074947e-04	5.685582e-01	2.978670e-01	2.759480e-01	-4.190459e-03	-3.693199e-02	-1.884155e-03
47	7.200052e+04	5.938993e+01	1.156190e+01	9.008289e-03	2.902558e-04	5.673112e-01	2.976216e-01	2.754387e-01	-4.583960e-03	-3.695187e-02	-1.882583e-03
48	7.200050e+04	6.064682e+01	1.158054e+01	1.052676e-02	-2.782032e-04	5.658171e-01	2.974045e-01	2.747001e-01	-4.991826e-03	-3.696849e-02	-1.879646e-03
49	7.200049e+04	6.186095e+01	1.159871e+01	1.182811e-02	2.655266e-04	5.642495e-01	2.972798e-01	2.739423e-01	-5.469700e-03	-3.696610e-02	-1.891829e-03
50	7.200048e+04	6.312056e+01	1.161744e+01	1.287134e-02	-2.536082e-04	5.629854e-01	2.971771e-01	2.730754e-01	-5.923813e-03	-3.694608e-02	-1.888964e-03
51	7.200050e+04	6.437122e+01	1.163560e+01	1.372981e-02	2.445574e-04	5.621753e-01	2.966064e-01	2.723098e-01	-6.277831e-03	-3.694012e-02	-1.881237e-03
52	7.200050e+04	6.563755e+01	1.165359e+01	1.459966e-02	-2.353713e-04	5.613836e-01	2.958420e-01	2.713473e-01	-6.603235e-03	-3.689493e-02	-1.845083e-03
53	7.200050e+04	6.689892e+01	1.167221e+01	1.573325e-02	2.285581e-04	5.600807e-01	2.949325e-01	2.705519e-01	-6.928569e-03	-3.688173e-02	-1.807579e-03
54	7.200051e+04	6.811652e+01	1.169121e+01	1.725038e-02	-2.216141e-04	5.584912e-01	2.941921e-01	2.694431e-01	-7.179334e-03	-3.678712e-02	-1.754046e-03
55	7.200049e+04	6.937602e+01	1.171003e+01	1.860512e-02	2.159832e-04	5.570089e-01	2.934428e-01	2.686504e-01	-7.323341e-03	-3.678142e-02	-1.702537e-03
56	7.200046e+04	7.065012e+01	1.172901e+01	1.935272e-02	-2.101559e-04	5.556427e-01	2.925798e-01	2.673492e-01	-7.345110e-03	-3.663790e-02	-1.613864e-03
57	7.200048e+04	7.191071e+01	1.174751e+01	1.940678e-02	2.011720e-04	5.545449e-01	2.914312e-01	2.666941e-01	-7.386992e-03	-3.669172e-02	-1.511125e-03
58	7.200048e+04	7.313443e+01	1.176525e+01	1.875467e-02	-1.997999e-04	5.538811e-01	2.904285e-01	2.651732e-01	-7.202843e-03	-3.653103e-02	-1.413176e-03
59	7.200048e+04	7.439701e+01	1.178363e+01	1.750922e-02	1.881363e-04	5.535429e-01	2.892320e-01	2.647626e-01	-6.974374e-03	-3.672645e-02	-1.317200e-03
60	7.200057e+04	7.561620e+01	1.180202e+01	1.630671e-02	-1.907561e-04	5.534593e-01	2.884887e-01	2.627267e-01	-6.814158e-03	-3.656644e-02	-1.238661e-03
61	7.200055e+04	7.687666e+01	1.181899e+01	1.525785e-02	1.614818e-04	5.533566e-01	2.875243e-01	2.625332e-01	-6.804184e-03	-3.694043e-02	-1.159582e-03
62	7.189972e+04	7.816975e+01	1.183822e+01	1.490577e-02	-1.503659e-04	5.531573e-01	2.858465e-01	2.594731e-01	-7.034729e-03	-3.671586e-02	-1.098108e-03
63	7.189972e+04	7.939858e+01	1.185504e+01	1.472013e-02	6.633531e-05	5.535346e-01	2.841340e-01	2.599028e-01	-7.271449e-03	-3.720646e-02	-1.026860e-03
65	1.440000e+05	8.125715e+01	1.187610e+01	1.557071e-02	1.278364e-04	5.498310e-01	2.742182e-01	2.534276e-01	-8.021750e-03	-3.690872e-02	-9.044320e-04
67	1.440000e+05	8.375500e+01	1.191377e+01	1.722305e-02	-1.864142e-04	5.538911e-01	2.732114e-01	2.510676e-01	-9.031834e-03	-3.688342e-02	-6.341435e-04
69	1.440000e+05	8.625465e+01	1.195339e+01	1.893386e-02	1.564012e-04	5.592626e-01	2.712745e-01	2.493341e-01	-9.457460e-03	-3.747044e-02	-5.161299e-04
71	1.440000e+05	8.875224e+01	1.199267e+01	2.075976e-02	-1.182603e-04	5.645709e-01	2.715896e-01	2.482805e-01	-9.358563e-03	-3.755388e-02	-3.627232e-04
73	1.440000e+05	9.125868e+01	1.203106e+01	2.193493e-02	1.058599e-04	5.686329e-01	2.711755e-01	2.479987e-01	-8.849316e-03	-3.783880e-02	-3.335744e-04
75	1.440000e+05	9.375607e+01	1.206937e+01	2.159206e-02	-8.058014e-05	5.714669e-01	2.700710e-01	2.476551e-01	-8.352430e-03	-3.797911e-02	-3.052189e-04
77	1.440000e+05	9.625478e+01	1.210717e+01	2.046074e-02	7.336576e-05	5.743504e-01	2.687567e-01	2.473757e-01	-7.667804e-03	-3.812037e-02	-2.672984e-04
79	1.440000e+05	9.875185e+01	1.214453e+01	1.929881e-02	-7.147899e-05	5.762950e-01	2.693391e-01	2.470601e-01	-6.520535e-03	-3.823193e-02	-2.313526e-04
81	1.440000e+05	1.012481e+02	1.218302e+01	1.806332e-02	6.444100e-05	5.786145e-01	2.699285e-01	2.466009e-01	-5.608988e-03	-3.820694e-02	-2.303292e-04
83	1.440000e+05	1.037451e+02	1.222241e+01	1.603087e-02	-5.439788e-05	5.814157e-01	2.691193e-01	2.457122e-01	-4.346735e-03	-3.812128e-02	-1.870494e-04
85	1.440000e+05	1.062434e+02	1.226244e+01	1.443311e-02	4.844098e-05	5.845417e-01	2.680422e-01	2.443810e-01	-3.177791e-03	-3.791424e-02	-1.253124e-04
87	1.440000e+05	1.087403e+02	1.230172e+01	1.304069e-02	-3.462339e-05	5.865761e-01	2.673988e-01	2.429708e-01	-2.876868e-03	-3.774235e-02	-4.958675e-05
89	1.440000e+05	1.112446e+02	1.234071e+01	1.121253e-02	3.305036e-05	5.886559e-01	2.671406e-01	2.419541e-01	-2.882267e-03	-3.744509e-02	1.899235e-05
91	1.440000e+05	1.137413e+02	1.237919e+01	9.634581e-03	-3.019563e-05	5.914533e-01	2.653985e-01	2.411139e-01	-2.550914e-03	-3.722074e-02	7.756764e-05
93	1.440000e+05	1.162395e+02	1.241788e+01	7.312446e-03	2.663761e-05	5.937419e-01	2.621004e-01	2.399817e-01	-1.732099e-03	-3.684501e-02	1.540558e-04
95	1.440000e+05	1.187372e+02	1.245692e+01	4.198911e-03	-2.498808e-05	5.963904e-01	2.596322e-01	2.382143e-01	-1.102540e-03	-3.646586e-02	2.339317e-04
97	1.440000e+05	1.212618e+02	1.249578e+01	2.092927e-03	1.632845e-05	5.993440e-01	2.583545e-01	2.360723e-01	-9.752837e-04	-3.594522e-02	3.359198e-04
99	1.440000e+05	1.237618e+02	1.253555e+01	5.032444e-04	-8.147656e-06	6.035109e-01	2.577972e-01	2.338555e-01	-6.441877e-04	-3.541967e-02	3.964257e-04
101	1.440000e+05	1.262551e+02	1.257562e+01	2.985294e-04	6.999262e-06	6.078032e-01	2.570926e-01	2.317745e-01	-4.430224e-04	-3.483709e-02	4.873298e-04
103	1.440000e+05	1.287570e+02	1.261575e+01	5.388255e-04	2.978538e-06	6.116097e-01	2.566006e-01	2.295260e-01	-5.931702e-04	-3.422874e-02	4.828109e-04
105	1.440000e+05	1.312533e+02	1.265640e+01	7.957694e-05	-6.277778e-06	6.159213e-01	2.551284e-01	2.272257e-01	-6.060908e-04	-3.357107e-02	4.858413e-04
107	1.440000e+05	1.337573e+02	1.269551e+01	3.143195e-04	2.381704e-06	6.195700e-01	2.525050e-01	2.253840e-01	-5.100834e-04	-3.294048e-02	4.466515e-04
109	1.440000e+05	1.362459e+02	1.273280e+01	6.562212e-04	-5.505166e-06	6.226307e-01	2.489674e-01	2.236523e-01	-7.708272e-05	-3.223557e-02	3.790656e-04
111	1.440000e+05	1.387519e+02	1.276802e+01	1.776635e-03	2.838434e-06	6.251941e-01	2.451233e-01	2.217917e-01	2.206044e-04	-3.156004e-02	3.429726e-04
113	1.440000e+05	1.412593e+02	1.280206e+01	2.310679e-03	1.595877e-06	6.268063e-01	2.421856e-01	2.194691e-01	6.229452e-05	-3.080641e-02	2.742543e-04
115	1.440000e+05	1.437448e+02	1.283714e+01	2.920673e-03	1.530549e-05	6.277497e-01	2.392250e-01	2.170839e-01	-8.516096e-04	-3.007348e-02	2.571731e-04
117	1.440000e+05	1.462555e+02	1.287199e+01	3.578634e-03	-1.888952e-05	6.283472e-01	2.357766e-01	2.145421e-01	-2.371068e-03	-2.931029e-02	1.870205e-04
119	1.440000e+05	1.487392e+02	1.290667e+01	3.735664e-03	1.073413e-05	6.297795e-01	2.323064e-01	2.120718e-01	-4.271622e-03	-2.859715e-02	1.684110e-04
121	1.440000e+05	1.512560e+02	1.294132e+01	3.649995e-03	-1.387360e-05	6.308994e-01	2.284305e-01	2.093842e-01	-6.511171e-03	-2.790781e-02	1.361716e-04
123	1.440000e+05	1.537382e+02	1.297563e+01	2.616572e-03	2.318508e-05	6.327093e-01	2.248276e-01	2.065493e-01	-8.529646e-03	-2.726071e-02	1.214045e-04
125	1.440000e+05	1.562517e+02	1.300911e+01	1.888736e-03	-2.021648e-05	6.346149e-01	2.215042e-01	2.036579e-01	-8.815535e-03	-2.666131e-02	1.521048e-04
127	1.440000e+05	1.587321e+02	1.304142e+01	1.196449e-03	1.290254e-05	6.367142e-01	2.180172e-01	2.007921e-01	-7.740386e-03	-2.603613e-02	1.792398e-04
129	1.440000e+05	1.612682e+02	1.307307e+01	-6.638624e-05	-9.761361e-06	6.385996e-01	2.141652e-01	1.977952e-01	-5.789159e-03	-2.542438e-02	2.402978e-04
131	1.440000e+05	1.637469e+02	1.310342e+01	-2.347152e-03	1.399389e-05	6.400325e-01	2.104537e-01	1.948654e-01	-2.662157e-03	-2.483781e-02	2.430989e-04
133	1.440000e+05	1.662625e+02	1.313324e+01	-5.231388e-03	-1.192135e-05	6.405103e-01	2.066650e-01	1.921175e-01	5.779723e-04	-2.423945e-02	2.825440e-04
135	1.440000e+05	1.687400e+02	1.316258e+01	-8.032058e-03	1.260710e-05	6.405342e-01	2.031909e-01	1.896142e-01	3.254398e-03	-2.364621e-02	2.719489e-04
137	1.440000e+05	1.712611e+02	1.319166e+01	-1.060340e-02	-1.704596e-05	6.393822e-01	1.997528e-01	1.871908e-01	6.038400e-03	-2.305228e-02	2.575498e-04
139	1.440000e+05	1.737372e+02	1.322178e+01	-1.088826e-02	1.721938e-05	6.365860e-01	1.961296e-01	1.847690e-01	8.086701e-03	-2.245008e-02	2.311706e-04
141	1.440000e+05	1.762554e+02	1.325140e+01	-9.152034e-03	-1.273989e-05	6.339681e-01	1.924707e-01	1.820978e-01	9.546575e-03	-2.187033e-02	1.843721e-04
143	1.440000e+05	1.787300e+02	1.328090e+01	-6.159729e-03	1.425563e-05	6.336530e-01	1.887693e-01	1.792001e-01	1.064568e-02	-2.130026e-02	1.179306e-04
145	1.440000e+05	1.812481e+02	1.331018e+01	-3.099251e-03	-1.183810e-05	6.343951e-01	1.858298e-01	1.760617e-01	1.100657e-02	-2.077273e-02	4.764227e-05
147	1.440000e+05	1.837677e+02	1.333961e+01	-2.384240e-04	1.734134e-05	6.358964e-01	1.832324e-01	1.728274e-01	1.109471e-02	-2.024296e-02	-2.531947e-05
149	1.440000e+05	1.862422e+02	1.336823e+01	2.118262e-03	-1.404323e-05	6.367571e-01	1.809891e-01	1.695158e-01	1.124185e-02	-1.970981e-02	-1.082636e-04
151	1.440000e+05	1.887628e+02	1.339708e+01	3.421489e-03	1.946069e-05	6.366025e-01	1.790016e-01	1.664666e-01	1.112247e-02	-1.914682e-02	-1.534866e-04
153	1.440000e+05	1.912396e+02	1.342552e+01	4.206580e-03	-2.188233e-05	6.364621e-01	1.764598e-01	1.638334e-01	1.029782e-02	-1.858551e-02	-1.934636e-04
155	1.440000e+05	1.937611e+02	1.345288e+01	5.457016e-03	2.101795e-05	6.356950e-01	1.734608e-01	1.615678e-01	9.430671e-03	-1.800114e-02	-1.867769e-04
157	1.440000e+05	1.962332e+02	1.348022e+01	6.479856e-03	-3.574078e-05	6.344348e-01	1.706636e-01	1.593061e-01	8.465281e-03	-1.739568e-02	-1.935270e-04
159	1.440000e+05	1.987556e+02	1.350809e+01	6.674354e-03	4.713533e-05	6.344850e-01	1.678514e-01	1.569778e-01	7.786030e-03	-1.683768e-02	-1.984653e-04
161	1.440000e+05	2.012436e+02	1.353552e+01	7.514645e-03	-4.913570e-05	6.359413e-01	1.647919e-01	1.547098e-01	7.318106e-03	-1.624913e-02	-2.031036e-04
163	1.440000e+05	2.037671e+02	1.356210e+01	9.077485e-03	5.470714e-05	6.380652e-01	1.615462e-01	1.523665e-01	6.466520e-03	-1.572223e-02	-2.263084e-04
165	1.440000e+05	2.062371e+02	1.358871e+01	1.016140e-02	-5.690984e-05	6.404204e-01	1.577938e-01	1.499184e-01	5.291640e-03	-1.515143e-02	-2.614676e-04
167	1.440000e+05	2.087611e+02	1.361513e+01	1.014794e-02	6.241461e-05	6.429619e-01	1.537047e-01	1.472151e-01	4.071282e-03	-1.464367e-02	-2.772727e-04
169	1.440000e+05	2.112335e+02	1.364089e+01	9.581202e-03	-6.307788e-05	6.455988e-01	1.493072e-01	1.441314e-01	2.924285e-03	-1.410230e-02	-3.049875e-04
171	1.440000e+05	2.137582e+02	1.366501e+01	8.960632e-03	7.001830e-05	6.476621e-01	1.450181e-01	1.408194e-01	1.997005e-03	-1.360152e-02	-3.196568e-04
173	1.440000e+05	2.162266e+02	1.368819e+01	8.535826e-03	-7.332123e-05	6.492856e-01	1.415309e-01	1.373165e-01	1.721995e-03	-1.304999e-02	-3.264167e-04
175	1.440000e+05	2.187520e+02	1.371174e+01	7.826265e-03	7.964278e-05	6.510881e-01	1.392729e-01	1.340256e-01	1.846492e-03	-1.254125e-02	-3.276691e-04
177	1.440000e+05	2.212776e+02	1.373559e+01	6.892564e-03	-7.793311e-05	6.533455e-01	1.365930e-01	1.310232e-01	2.031290e-03	-1.199972e-02	-3.327921e-04
179	1.440000e+05	2.237445e+02	1.375978e+01	5.701484e-03	8.506817e-05	6.556581e-01	1.329276e-01	1.283203e-01	2.052286e-03	-1.151126e-02	-3.513865e-04
181	1.440000e+05	2.262719e+02	1.378182e+01	4.314925e-03	-9.598576e-05	6.574663e-01	1.284149e-01	1.257176e-01	2.096185e-03	-1.097818e-02	-3.612619e-04
183	1.440000e+05	2.287381e+02	1.380364e+01	3.617472e-03	1.042398e-04	6.596435e-01	1.243223e-01	1.231982e-01	2.463583e-03	-1.045894e-02	-3.592728e-04
185	1.440000e+05	2.312697e+02	1.382406e+01	3.423847e-03	-1.158653e-04	6.626689e-01	1.208064e-01	1.206522e-01	2.527939e-03	-9.947234e-03	-3.695248e-04
187	1.440000e+05	2.337345e+02	1.384371e+01	3.393094e-03	1.233713e-04	6.656892e-01	1.180298e-01	1.179578e-01	2.235440e-03	-9.441596e-03	-3.762295e-04
189	1.440000e+05	2.362637e+02	1.386296e+01	3.081887e-03	-1.309772e-04	6.683445e-01	1.154646e-01	1.152722e-01	2.113001e-03	-8.945582e-03	-3.873882e-04
191	1.440000e+05	2.387309e+02	1.388260e+01	2.712144e-03	1.426582e-04	6.717073e-01	1.129959e-01	1.124654e-01	2.101939e-03	-8.473061e-03	-3.762516e-04
193	1.440000e+05	2.412678e+02	1.390298e+01	2.664333e-03	-1.508897e-04	6.763936e-01	1.105203e-01	1.095986e-01	2.097488e-03	-7.994422e-03	-3.728010e-04
195	1.440000e+05	2.437354e+02	1.392405e+01	2.161801e-03	1.542801e-04	6.817026e-01	1.080719e-01	1.064781e-01	2.129624e-03	-7.546651e-03	-3.567449e-04
197	1.440000e+05	2.462658e+02	1.394432e+01	1.012368e-03	-1.625363e-04	6.868108e-01	1.054529e-01	1.033622e-01	2.336381e-03	-7.082066e-03	-3.419691e-04
199	1.440000e+05	2.487365e+02	1.396397e+01	-9.043029e-04	1.777471e-04	6.911398e-01	1.023217e-01	1.002376e-01	1.995424e-03	-6.657416e-03	-3.289115e-04
201	1.440000e+05	2.512528e+02	1.398213e+01	-2.252077e-03	-1.848432e-04	6.956202e-01	9.870159e-02	9.725485e-02	1.114341e-03	-6.223124e-03	-3.114779e-04
203	1.440000e+05	2.537241e+02	1.399980e+01	-2.643472e-03	1.860080e-04	7.003103e-01	9.466361e-02	9.427782e-02	5.668808e-05	-5.836460e-03	-3.131586e-04
205	1.440000e+05	2.562555e+02	1.401728e+01	-1.792374e-03	-1.999218e-04	7.054715e-01	9.060799e-02	9.139910e-02	-9.087824e-04	-5.440955e-03	-3.067738e-04
207	1.440000e+05	2.587296e+02	1.403442e+01	-4.717833e-04	2.121716e-04	7.108447e-01	8.688780e-02	8.821129e-02	-1.684223e-03	-5.114554e-03	-3.011853e-04
209	1.440000e+05	2.612619e+02	1.404977e+01	8.418571e-04	-2.199613e-04	7.161083e-01	8.328696e-02	8.494251e-02	-2.289068e-03	-4.779143e-03	-2.833579e-04
211	1.440000e+05	2.637651e+02	1.406411e+01	2.222273e-03	2.345669e-04	7.210935e-01	7.936005e-02	8.154940e-02	-2.331558e-03	-4.487196e-03	-2.740863e-04
213	1.440000e+05	2.662414e+02	1.407782e+01	3.741286e-03	-2.489812e-04	7.265031e-01	7.533514e-02	7.843184e-02	-2.528561e-03	-4.156496e-03	-2.664700e-04
215	1.440000e+05	2.687739e+02	1.409185e+01	5.502609e-03	2.595337e-04	7.322564e-01	7.173043e-02	7.542427e-02	-2.986737e-03	-3.851237e-03	-2.579768e-04
217	1.440000e+05	2.712552e+02	1.410606e+01	7.160350e-03	-2.665067e-04	7.382503e-01	6.878658e-02	7.288703e-02	-3.645153e-03	-3.524784e-03	-2.575361e-04
219	1.440000e+05	2.737511e+02	1.412012e+01	9.055113e-03	2.821679e-04	7.449551e-01	6.602061e-02	7.062621e-02	-3.894049e-03	-3.246521e-03	-2.386989e-04
221	1.440000e+05	2.762305e+02	1.413279e+01	1.088318e-02	-2.968444e-04	7.511709e-01	6.322964e-02	6.872875e-02	-3.704770e-03	-2.973251e-03	-2.292215e-04
223	1.440000e+05	2.787639e+02	1.414467e+01	1.249155e-02	3.078181e-04	7.569915e-01	6.058786e-02	6.678194e-02	-3.197341e-03	-2.741133e-03	-2.126960e-04
225	1.440000e+05	2.812578e+02	1.415567e+01	1.393015e-02	-3.224503e-04	7.622869e-01	5.799079e-02	6.476367e-02	-2.751456e-03	-2.517676e-03	-2.027716e-04
227	1.440000e+05	2.837469e+02	1.416555e+01	1.529821e-02	3.392002e-04	7.670328e-01	5.605446e-02	6.239326e-02	-2.428285e-03	-2.315991e-03	-1.927390e-04
229	1.440000e+05	2.862289e+02	1.417461e+01	1.636166e-02	-3.554606e-04	7.712236e-01	5.415730e-02	6.012045e-02	-2.395811e-03	-2.137006e-03	-1.892560e-04
231	1.440000e+05	2.887630e+02	1.418272e+01	1.729402e-02	3.714120e-04	7.748006e-01	5.177860e-02	5.774844e-02	-2.397800e-03	-1.957639e-03	-1.829490e-04
233	1.440000e+05	2.912500e+02	1.419077e+01	1.844797e-02	-3.888225e-04	7.784651e-01	4.908682e-02	5.562666e-02	-1.894742e-03	-1.814964e-03	-1.748398e-04
235	1.440000e+05	2.937323e+02	1.419855e+01	1.937467e-02	4.043479e-04	7.827975e-01	4.683204e-02	5.357966e-02	-1.187848e-03	-1.630000e-03	-1.651232e-04
237	1.440000e+05	2.962174e+02	1.420629e+01	1.940663e-02	-4.195640e-04	7.875883e-01	4.478465e-02	5.182225e-02	-7.498835e-04	-1.509020e-03	-1.543021e-04
239	1.440000e+05	2.987519e+02	1.421356e+01	1.870838e-02	4.372644e-04	7.925030e-01	4.256489e-02	5.014633e-02	-4.823081e-04	-1.319077e-03	-1.473114e-04
241	1.440000e+05	3.012867e+02	1.422011e+01	1.757064e-02	-4.514144e-04	7.974005e-01	4.004555e-02	4.860003e-02	-2.482975e-04	-1.219689e-03	-1.426003e-04
243	1.440000e+05	3.037741e+02	1.422595e+01	1.593559e-02	4.670987e-04	8.018856e-01	3.805151e-02	4.694288e-02	-2.864135e-04	-1.038012e-03	-1.353109e-04
245	1.440000e+05	3.062499e+02	1.423147e+01	1.380665e-02	-4.837485e-04	8.061429e-01	3.635209e-02	4.527772e-02	-5.403719e-04	-9.628951e-04	-1.236785e-04
247	1.440000e+05	3.087376e+02	1.423711e+01	1.136916e-02	5.017087e-04	8.103832e-01	3.480902e-02	4.358624e-02	-9.385109e-04	-7.791644e-04	-1.121599e-04
249	1.440000e+05	3.112760e+02	1.424223e+01	8.861134e-03	-5.204735e-04	8.144125e-01	3.356316e-02	4.203088e-02	-1.301263e-03	-7.321227e-04	-1.013707e-04
251	1.440000e+05	3.137657e+02	1.424656e+01	6.569280e-03	5.388454e-04	8.181061e-01	3.250531e-02	4.052396e-02	-1.541179e-03	-5.628067e-04	-9.398373e-05
253	1.440000e+05	3.162361e+02	1.425042e+01	4.429531e-03	-5.574569e-04	8.207231e-01	3.139683e-02	3.915828e-02	-1.542489e-03	-5.622447e-04	-8.703499e-05
255	1.440000e+05	3.187261e+02	1.425316e+01	2.568666e-03	5.768834e-04	8.228014e-01	3.016495e-02	3.784212e-02	-1.122974e-03	-4.050058e-04	-7.628227e-05
257	1.440000e+05	3.212739e+02	1.425581e+01	6.407418e-04	-5.959616e-04	8.249306e-01	2.904646e-02	3.658528e-02	-5.536877e-04	-4.227574e-04	-6.437940e-05
259	1.440000e+05	3.237657e+02	1.425905e+01	-1.152772e-03	6.157051e-04	8.274715e-01	2.814629e-02	3.524793e-02	-1.648517e-04	-2.742376e-04	-4.896006e-05
261	1.440000e+05	3.262309e+02	1.426189e+01	-2.775203e-03	-6.340515e-04	8.300126e-01	2.745637e-02	3.393789e-02	1.525607e-04	-3.117420e-04	-3.706096e-05
263	1.440000e+05	3.287231e+02	1.426477e+01	-4.231696e-03	6.544678e-04	8.326854e-01	2.682576e-02	3.260912e-02	3.427676e-04	-1.725688e-04	-2.414380e-05
265	1.440000e+05	3.312625e+02	1.426723e+01	-5.754471e-03	-6.751333e-04	8.351023e-01	2.638330e-02	3.137961e-02	6.774670e-04	-2.270079e-04	-1.636259e-05
267	1.440000e+05	3.337561e+02	1.426980e+01	-7.339766e-03	6.932858e-04	8.375961e-01	2.601711e-02	3.017026e-02	1.122857e-03	-8.392486e-05	-7.278677e-06
269	1.440000e+05	3.362165e+02	1.427248e+01	-9.123076e-03	-7.153910e-04	8.398497e-01	2.582585e-02	2.911605e-02	1.683071e-03	-1.650941e-04	-7.140031e-06
271	1.440000e+05	3.387108e+02	1.427504e+01	-1.106136e-02	7.371191e-04	8.418564e-01	2.558723e-02	2.812614e-02	1.998905e-03	-1.169118e-05	-6.043255e-06
273	1.440000e+05	3.412480e+02	1.427688e+01	-1.310785e-02	-7.598249e-04	8.433692e-01	2.540867e-02	2.734855e-02	2.060749e-03	-1.197438e-04	-1.094271e-05
275	1.440000e+05	3.437858e+02	1.427842e+01	-1.513869e-02	7.836685e-04	8.444903e-01	2.492263e-02	2.661225e-02	1.872346e-03	3.293825e-05	-9.521095e-06
277	1.440000e+05	3.462827e+02	1.427977e+01	-1.729155e-02	-8.103307e-04	8.454543e-01	2.443070e-02	2.611075e-02	1.590488e-03	-1.072934e-04	-9.393906e-06
279	1.440000e+05	3.487373e+02	1.428089e+01	-1.919601e-02	8.334889e-04	8.462785e-01	2.396909e-02	2.565026e-02	1.255360e-03	5.953516e-05	-4.509240e-06
281	1.440000e+05	3.512361e+02	1.428138e+01	-2.099497e-02	-8.583156e-04	8.468524e-01	2.368253e-02	2.542233e-02	8.261024e-04	-1.026892e-04	-2.399350e-06
283	1.440000e+05	3.537746e+02	1.428177e+01	-2.251008e-02	8.814435e-04	8.473453e-01	2.327334e-02	2.516574e-02	4.168967e-04	8.450130e-05	4.741438e-06
285	1.440000e+05	3.562735e+02	1.428190e+01	-2.375037e-02	-9.039511e-04	8.475364e-01	2.297170e-02	2.510236e-02	-5.839372e-05	-9.445711e-05	1.114272e-05
287	1.440000e+05	3.587234e+02	1.428169e+01	-2.471416e-02	9.275227e-04	8.477103e-01	2.266445e-02	2.501825e-02	-5.176215e-04	1.061061e-04	1.621853e-05
289	1.440000e+05	3.612320e+02	1.428158e+01	-2.553153e-02	-9.532538e-04	8.478534e-01	2.236087e-02	2.512007e-02	-1.041607e-03	-8.539328e-05	1.423660e-05
291	1.440000e+05	3.637706e+02	1.428154e+01	-2.591505e-02	9.789566e-04	8.480980e-01	2.195898e-02	2.514709e-02	-1.400736e-03	1.199932e-04	7.461406e-06
293	1.440000e+05	3.662710e+02	1.428149e+01	-2.578875e-02	-1.007101e-03	8.482841e-01	2.155361e-02	2.533506e-02	-1.792839e-03	-9.221171e-05	-3.423534e-06
295	1.440000e+05	3.687170e+02	1.428097e+01	-2.522042e-02	1.031969e-03	8.482813e-01	2.113904e-02	2.546721e-02	-2.233759e-03	1.285733e-04	-1.605553e-05
297	1.440000e+05	3.712194e+02	1.428026e+01	-2.423255e-02	-1.057659e-03	8.481035e-01	2.076787e-02	2.577192e-02	-2.553377e-03	-9.605785e-05	-2.743561e-05
299	1.440000e+05	3.737585e+02	1.428002e+01	-2.322190e-02	1.083100e-03	8.479060e-01	2.028970e-02	2.605245e-02	-2.775656e-03	1.334943e-04	-3.872563e-05
301	1.440000e+05	3.762604e+02	1.428016e+01	-2.216892e-02	-1.103839e-03	8.476602e-01	1.978604e-02	2.648273e-02	-2.996647e-03	-9.796888e-05	-4.867179e-05
303	1.440000e+05	3.787031e+02	1.428054e+01	-2.104666e-02	1.130572e-03	8.473759e-01	1.932862e-02	2.685703e-02	-3.271834e-03	1.409718e-04	-5.610916e-05
305	1.440000e+05	3.812426e+02	1.428127e+01	-1.975916e-02	-1.154276e-03	8.473077e-01	1.915479e-02	2.725758e-02	-3.537349e-03	-1.129490e-04	-6.247571e-05
307	1.440000e+05	3.837448e+02	1.428214e+01	-1.865327e-02	1.186848e-03	8.474003e-01	1.923551e-02	2.748887e-02	-3.918817e-03	1.507423e-04	-6.728600e-05
309	1.440000e+05	3.862851e+02	1.428281e+01	-1.735320e-02	-1.218217e-03	8.476003e-01	1.946355e-02	2.770912e-02	-4.137719e-03	-1.375999e-04	-7.018047e-05
311	1.440000e+05	3.887885e+02	1.428358e+01	-1.629831e-02	1.253976e-03	8.478100e-01	1.975852e-02	2.763671e-02	-4.347407e-03	1.485135e-04	-7.103360e-05
313	1.440000e+05	3.912288e+02	1.428428e+01	-1.504064e-02	-1.290907e-03	8.480828e-01	2.019400e-02	2.767577e-02	-4.391343e-03	-1.569229e-04	-6.853157e-05
315	1.440000e+05	3.937322e+02	1.428471e+01	-1.392788e-02	1.330130e-03	8.484198e-01	2.048682e-02	2.735102e-02	-4.280657e-03	1.522129e-04	-6.362999e-05
317	1.440000e+05	3.962732e+02	1.428494e+01	-1.268282e-02	-1.370169e-03	8.486806e-01	2.105129e-02	2.723473e-02	-4.233883e-03	-1.645154e-04	-5.367857e-05
319	1.440000e+05	3.987773e+02	1.428525e+01	-1.152343e-02	1.415503e-03	8.489653e-01	2.131911e-02	2.671728e-02	-4.141272e-03	1.645275e-04	-4.643559e-05
321	1.440000e+05	4.012227e+02	1.428576e+01	-1.027453e-02	-1.467264e-03	8.490595e-01	2.181062e-02	2.645807e-02	-4.115093e-03	-1.759980e-04	-3.431100e-05
323	1.440000e+05	4.037263e+02	1.428615e+01	-9.284876e-03	1.514156e-03	8.490424e-01	2.197203e-02	2.579729e-02	-4.068506e-03	1.812126e-04	-2.512289e-05
325	1.440000e+05	4.062682e+02	1.428636e+01	-8.209158e-03	-1.569769e-03	8.489674e-01	2.228115e-02	2.546480e-02	-3.964624e-03	-1.830056e-04	-1.221264e-05
327	1.440000e+05	4.087726e+02	1.428677e+01	-7.200694e-03	1.621045e-03	8.487349e-01	2.227061e-02	2.473661e-02	-3.672961e-03	1.983691e-04	-7.397944e-06
329	1.440000e+05	4.112087e+02	1.428717e+01	-6.040325e-03	-1.677322e-03	8.486566e-01	2.222815e-02	2.433162e-02	-3.295201e-03	-1.903160e-04	-1.248869e-06
331	1.440000e+05	4.137135e+02	1.428769e+01	-5.040837e-03	1.731391e-03	8.486496e-01	2.144897e-02	2.364095e-02	-2.841337e-03	2.124499e-04	1.519370e-06
333	1.440000e+05	4.162557e+02	1.428783e+01	-3.784308e-03	-1.790675e-03	8.487292e-01	2.044455e-02	2.327263e-02	-2.217172e-03	-2.067021e-04	6.009511e-06
335	1.440000e+05	4.187626e+02	1.428768e+01	-2.516798e-03	1.849996e-03	8.487394e-01	1.917039e-02	2.269490e-02	-1.562684e-03	2.361151e-04	7.953477e-06
337	1.440000e+05	4.213039e+02	1.428737e+01	-1.008480e-03	-1.914204e-03	8.486367e-01	1.795901e-02	2.236638e-02	-9.756457e-04	-2.260323e-04	8.585668e-06
339	1.440000e+05	4.237330e+02	1.428669e+01	3.417475e-04	1.978699e-03	8.483044e-01	1.685477e-02	2.180338e-02	-5.367999e-04	2.621867e-04	9.302260e-06
341	1.440000e+05	4.262408e+02	1.428571e+01	1.622838e-03	-2.043237e-03	8.479782e-01	1.644148e-02	2.141116e-02	3.502794e-06	-2.582978e-04	1.091707e-05
343	1.440000e+05	4.287833e+02	1.428524e+01	2.446485e-03	2.112520e-03	8.477231e-01	1.620639e-02	2.070154e-02	4.538384e-04	2.758819e-04	1.608727e-05
345	1.440000e+05	4.312928e+02	1.428497e+01	3.159894e-03	-2.179708e-03	8.473991e-01	1.613554e-02	2.015936e-02	6.784375e-04	-2.792814e-04	2.474288e-05
347	1.440000e+05	4.337201e+02	1.428471e+01	3.502697e-03	2.254546e-03	8.472239e-01	1.592777e-02	1.937719e-02	8.150470e-04	2.827197e-04	3.722230e-05
349	1.440000e+05	4.362285e+02	1.428447e+01	4.270922e-03	-2.320878e-03	8.473842e-01	1.569590e-02	1.880411e-02	9.527642e-04	-2.819272e-04	4.782400e-05
351	1.440000e+05	4.387708e+02	1.428424e+01	4.788973e-03	2.393259e-03	8.473716e-01	1.574381e-02	1.817692e-02	1.470243e-03	2.851402e-04	5.771367e-05
353	1.440000e+05	4.412881e+02	1.428359e+01	6.000879e-03	-2.459290e-03	8.471557e-01	1.605867e-02	1.776133e-02	1.882543e-03	-2.805509e-04	6.463945e-05
355	1.440000e+05	4.437123e+02	1.428346e+01	6.678188e-03	2.524039e-03	8.473083e-01	1.622279e-02	1.742125e-02	2.255361e-03	2.840074e-04	7.201408e-05
357	1.440000e+05	4.462217e+02	1.428336e+01	7.647432e-03	-2.587030e-03	8.475671e-01	1.643148e-02	1.711708e-02	2.511088e-03	-2.873095e-04	7.241408e-05
359	1.440000e+05	4.487649e+02	1.428340e+01	8.149561e-03	2.654955e-03	8.477999e-01	1.627351e-02	1.689491e-02	3.094648e-03	2.808682e-04	7.534712e-05
361	1.440000e+05	4.512774e+02	1.428311e+01	8.701616e-03	-2.735781e-03	8.478827e-01	1.570552e-02	1.651946e-02	3.682800e-03	-2.988528e-04	6.565618e-05
363	1.440000e+05	4.536982e+02	1.428289e+01	8.845863e-03	2.831158e-03	8.478128e-01	1.521288e-02	1.622010e-02	4.254798e-03	3.003358e-04	6.191380e-05
365	1.440000e+05	4.562085e+02	1.428240e+01	8.792963e-03	-2.935965e-03	8.477281e-01	1.459063e-02	1.571792e-02	4.643560e-03	-3.215577e-04	4.879161e-05
367	1.440000e+05	4.587520e+02	1.428261e+01	8.791190e-03	3.037238e-03	8.479140e-01	1.436324e-02	1.545120e-02	5.177211e-03	3.220818e-04	4.259256e-05
369	1.440000e+05	4.612955e+02	1.428250e+01	8.895182e-03	-3.139316e-03	8.480183e-01	1.381766e-02	1.492542e-02	5.414618e-03	-3.297311e-04	3.121411e-05
371	1.440000e+05	4.638066e+02	1.428215e+01	9.021421e-03	3.238543e-03	8.481713e-01	1.325061e-02	1.472397e-02	5.382811e-03	3.158367e-04	2.374497e-05
373	1.440000e+05	4.662248e+02	1.428213e+01	9.079285e-03	-3.335849e-03	8.482310e-01	1.293783e-02	1.423532e-02	4.876719e-03	-3.121696e-04	1.423967e-05
375	1.440000e+05	4.687387e+02	1.428272e+01	8.895492e-03	3.427990e-03	8.483811e-01	1.284302e-02	1.409652e-02	4.176470e-03	2.905390e-04	2.545140e-06
377	1.440000e+05	4.712799e+02	1.428296e+01	8.494524e-03	-3.524261e-03	8.484066e-01	1.275612e-02	1.375960e-02	2.975494e-03	-2.974147e-04	-3.808693e-06
379	1.440000e+05	4.737907e+02	1.428307e+01	8.079248e-03	3.631120e-03	8.483921e-01	1.259343e-02	1.349673e-02	1.709075e-03	2.900763e-04	-1.442881e-05
381	1.440000e+05	4.762108e+02	1.428299e+01	7.488238e-03	-3.743170e-03	8.483608e-01	1.307365e-02	1.320047e-02	4.474624e-05	-3.135291e-04	-1.605094e-05
383	1.440000e+05	4.787241e+02	1.428315e+01	7.214650e-03	3.869269e-03	8.485234e-01	1.339623e-02	1.261610e-02	-1.055885e-03	3.189459e-04	-1.853665e-05
385	1.440000e+05	4.812759e+02	1.428306e+01	7.095581e-03	-4.002367e-03	8.486136e-01	1.406503e-02	1.221143e-02	-2.207295e-03	-3.468345e-04	-1.765177e-05
387	1.440000e+05	4.837899e+02	1.428296e+01	7.031489e-03	4.154536e-03	8.485398e-01	1.387491e-02	1.121206e-02	-2.675019e-03	3.339914e-04	-1.643370e-05
389	1.440000e+05	4.862129e+02	1.428272e+01	7.305832e-03	-4.339086e-03	8.482271e-01	1.402772e-02	1.052207e-02	-2.819540e-03	-3.560728e-04	-1.481019e-05
391	1.440000e+05	4.887282e+02	1.428243e+01	6.861784e-03	4.549645e-03	8.478953e-01	1.382319e-02	8.981854e-03	-2.475225e-03	3.539978e-04	-1.371762e-05
393	1.440000e+05	4.912500e+02	1.428233e+01	6.408060e-03	-4.774670e-03	8.475778e-01	1.365796e-02	8.018408e-03	-1.916938e-03	-3.770328e-04	-8.311027e-06
395	1.440000e+05	4.937638e+02	1.428181e+01	5.313362e-03	5.034519e-03	8.474354e-01	1.326776e-02	6.066234e-03	-1.508923e-03	3.800679e-04	-3.861877e-06
397	1.440000e+05	4.961895e+02	1.428158e+01	3.805368e-03	-5.326366e-03	8.472880e-01	1.256919e-02	4.713808e-03	-4.936347e-04	-3.982375e-04	-1.812318e-06
399	1.440000e+05	4.987036e+02	1.428118e+01	1.327526e-03	5.721606e-03	8.473266e-01	1.278769e-02	3.107297e-03	5.820252e-04	4.079452e-04	3.619350e-06
