Time (s)	1.100000e+04	dt_sampled - EXTRA_TIME	5.000000e+03
 i	 Vol	 Z	 Uavg	 Vavg	 Wavg	 Urms	 Vrms	 Wrms	 UVmean	 UWmean	 VWmean
0	6.299784e+04	6.250523e-01	-1.901596e-02	1.901769e-01	-4.051326e-02	4.396555e-01	4.172837e-01	1.176414e-01	4.981676e-03	-3.707324e-04	8.929452e-06
1	6.299783e+04	1.875121e+00	5.025515e-02	2.482024e-01	1.712922e-02	3.833336e-01	3.715131e-01	2.001043e-01	7.880629e-03	-3.585056e-03	-2.660692e-03
2	6.299784e+04	3.125299e+00	8.624870e-02	2.781409e-01	-9.533118e-03	3.633348e-01	3.563944e-01	2.460790e-01	6.706369e-03	-5.374567e-03	-4.173643e-03
3	6.299784e+04	4.375255e+00	1.118414e-01	2.950605e-01	6.572727e-03	3.576908e-01	3.517947e-01	2.730327e-01	5.764751e-03	-6.944217e-03	-4.896886e-03
4	6.299784e+04	5.625647e+00	1.301261e-01	3.062653e-01	-4.003372e-03	3.566888e-01	3.510433e-01	2.915521e-01	5.187461e-03	-8.488478e-03	-6.215060e-03
5	6.299786e+04	6.875608e+00	1.439330e-01	3.130584e-01	2.745904e-03	3.570004e-01	3.511798e-01	3.030329e-01	5.124639e-03	-9.602891e-03	-6.667798e-03
6	6.299783e+04	8.125446e+00	1.550107e-01	3.181566e-01	-1.827343e-03	3.585251e-01	3.524079e-01	3.140571e-01	5.305754e-03	-1.098793e-02	-7.696872e-03
7	6.299782e+04	9.375257e+00	1.641578e-01	3.211394e-01	1.295520e-03	3.607067e-01	3.543894e-01	3.220556e-01	5.523792e-03	-1.210087e-02	-8.173421e-03
8	6.299949e+04	1.062479e+01	1.724612e-01	3.233692e-01	-8.661223e-04	3.634312e-01	3.574501e-01	3.303996e-01	5.701682e-03	-1.352033e-02	-9.012784e-03
9	6.299946e+04	1.187454e+01	1.800734e-01	3.248019e-01	6.343610e-04	3.662581e-01	3.612559e-01	3.372395e-01	5.928503e-03	-1.483768e-02	-9.569163e-03
10	6.299949e+04	1.312445e+01	1.879426e-01	3.262056e-01	-4.237906e-04	3.693203e-01	3.654971e-01	3.442733e-01	6.161509e-03	-1.639674e-02	-1.031219e-02
11	6.299938e+04	1.437473e+01	1.962314e-01	3.271742e-01	3.235073e-04	3.728148e-01	3.699196e-01	3.504083e-01	6.404187e-03	-1.795537e-02	-1.093034e-02
12	6.299890e+04	1.562502e+01	2.048803e-01	3.280457e-01	-2.034892e-04	3.765671e-01	3.749826e-01	3.565575e-01	6.577751e-03	-1.979189e-02	-1.169617e-02
13	6.299915e+04	1.687572e+01	2.138135e-01	3.286514e-01	1.586776e-04	3.805011e-01	3.805475e-01	3.621120e-01	6.623719e-03	-2.168225e-02	-1.248148e-02
14	6.299370e+04	1.812448e+01	2.237418e-01	3.296846e-01	-7.419623e-05	3.849840e-01	3.863463e-01	3.676520e-01	6.695796e-03	-2.379763e-02	-1.342170e-02
15	6.299370e+04	1.937678e+01	2.345650e-01	3.313724e-01	8.116402e-05	3.899751e-01	3.919266e-01	3.728260e-01	6.913458e-03	-2.598322e-02	-1.438679e-02
16	6.273099e+04	2.062250e+01	2.462540e-01	3.335350e-01	-6.966940e-05	3.952451e-01	3.973477e-01	3.781844e-01	7.248277e-03	-2.840828e-02	-1.552546e-02
17	6.273081e+04	2.186706e+01	2.588939e-01	3.362465e-01	6.169073e-05	4.006115e-01	4.026831e-01	3.833134e-01	7.586421e-03	-3.097526e-02	-1.670366e-02
18	6.276318e+04	2.311179e+01	2.727431e-01	3.395848e-01	-7.219518e-05	4.063268e-01	4.078154e-01	3.884695e-01	8.034137e-03	-3.381976e-02	-1.801339e-02
19	6.276320e+04	2.435723e+01	2.879649e-01	3.432138e-01	4.556361e-05	4.118547e-01	4.126353e-01	3.934554e-01	8.689528e-03	-3.683022e-02	-1.943703e-02
20	6.298276e+04	2.560505e+01	3.047792e-01	3.471847e-01	-5.659486e-05	4.171957e-01	4.174326e-01	3.981839e-01	9.508626e-03	-4.004940e-02	-2.101310e-02
21	6.298271e+04	2.685461e+01	3.232893e-01	3.521857e-01	3.215460e-05	4.226262e-01	4.219540e-01	4.027228e-01	1.038657e-02	-4.352557e-02	-2.278752e-02
22	6.310253e+04	2.810490e+01	3.435789e-01	3.581786e-01	-5.575527e-05	4.281587e-01	4.262756e-01	4.070097e-01	1.135350e-02	-4.727244e-02	-2.478277e-02
23	6.310250e+04	2.935710e+01	3.661688e-01	3.652103e-01	4.958443e-05	4.342695e-01	4.303717e-01	4.111699e-01	1.236324e-02	-5.134033e-02	-2.707278e-02
24	6.310306e+04	3.060934e+01	3.913050e-01	3.735310e-01	-9.969249e-05	4.406171e-01	4.345680e-01	4.150990e-01	1.371619e-02	-5.573371e-02	-2.970935e-02
25	6.310311e+04	3.186057e+01	4.190473e-01	3.835190e-01	9.737242e-05	4.475338e-01	4.391956e-01	4.187882e-01	1.541848e-02	-6.051303e-02	-3.270667e-02
26	6.310338e+04	3.311409e+01	4.504919e-01	3.962930e-01	-1.978764e-04	4.552326e-01	4.443748e-01	4.219901e-01	1.734613e-02	-6.574596e-02	-3.614242e-02
27	6.310340e+04	3.436449e+01	4.856037e-01	4.120849e-01	2.150675e-04	4.638556e-01	4.501378e-01	4.247126e-01	1.986646e-02	-7.150172e-02	-4.008853e-02
28	6.310352e+04	3.561813e+01	5.268909e-01	4.326667e-01	-4.886938e-04	4.740942e-01	4.570432e-01	4.264594e-01	2.299654e-02	-7.775732e-02	-4.457704e-02
29	6.310347e+04	3.686981e+01	5.735969e-01	4.578595e-01	5.193705e-04	4.867450e-01	4.656897e-01	4.270422e-01	2.758122e-02	-8.474661e-02	-4.970515e-02
30	6.305648e+04	3.812090e+01	6.326468e-01	4.932564e-01	-8.618932e-04	5.041671e-01	4.770993e-01	4.259459e-01	3.399985e-02	-9.239797e-02	-5.549914e-02
31	6.305654e+04	3.937189e+01	7.042017e-01	5.392812e-01	7.521576e-04	5.295184e-01	4.930872e-01	4.246986e-01	4.430126e-02	-1.006971e-01	-6.188262e-02
32	7.200617e+04	4.062586e+01	8.015738e-01	5.999987e-01	4.779587e-03	5.686182e-01	5.251182e-01	3.916125e-01	6.603724e-02	-9.287108e-02	-5.791814e-02
33	7.200606e+04	4.187104e+01	8.825696e-01	6.530353e-01	-2.276261e-03	5.821593e-01	5.311956e-01	3.916424e-01	6.123495e-02	-9.679647e-02	-5.976616e-02
34	7.200596e+04	4.312565e+01	9.440767e-01	6.939893e-01	1.690492e-03	5.886327e-01	5.340703e-01	3.953747e-01	5.820510e-02	-9.555673e-02	-5.883071e-02
35	7.200592e+04	4.437776e+01	9.955151e-01	7.267901e-01	-1.298769e-03	5.917396e-01	5.343199e-01	3.986889e-01	5.365483e-02	-9.707452e-02	-5.893970e-02
36	7.200595e+04	4.562721e+01	1.041835e+00	7.558981e-01	9.702824e-04	5.939347e-01	5.337353e-01	4.004928e-01	5.031439e-02	-9.629676e-02	-5.795810e-02
37	7.200602e+04	4.687171e+01	1.084269e+00	7.816648e-01	-7.958864e-04	5.957045e-01	5.330228e-01	4.025809e-01	4.682570e-02	-9.703317e-02	-5.757941e-02
38	7.200611e+04	4.812513e+01	1.123917e+00	8.057331e-01	6.079798e-04	5.978107e-01	5.327793e-01	4.034770e-01	4.388316e-02	-9.651399e-02	-5.660994e-02
39	7.200598e+04	4.937845e+01	1.161238e+00	8.283021e-01	-5.073722e-04	5.996453e-01	5.327943e-01	4.047924e-01	4.090165e-02	-9.688436e-02	-5.602249e-02
40	7.200619e+04	5.062893e+01	1.196751e+00	8.494275e-01	3.795229e-04	6.010865e-01	5.329195e-01	4.054925e-01	3.783887e-02	-9.647889e-02	-5.513690e-02
41	7.200608e+04	5.187349e+01	1.230658e+00	8.690858e-01	-3.291332e-04	6.023597e-01	5.328952e-01	4.067052e-01	3.459137e-02	-9.660511e-02	-5.448844e-02
42	7.200605e+04	5.312360e+01	1.263018e+00	8.877795e-01	2.396451e-04	6.036994e-01	5.327486e-01	4.075489e-01	3.157935e-02	-9.625683e-02	-5.365812e-02
43	7.200623e+04	5.437890e+01	1.294225e+00	9.058470e-01	-2.151812e-04	6.046059e-01	5.324472e-01	4.086949e-01	2.897738e-02	-9.626777e-02	-5.298142e-02
44	7.200628e+04	5.563035e+01	1.324418e+00	9.236119e-01	1.506298e-04	6.047199e-01	5.321433e-01	4.094503e-01	2.649600e-02	-9.594429e-02	-5.218737e-02
45	7.200623e+04	5.687693e+01	1.354117e+00	9.411556e-01	-1.401851e-04	6.046061e-01	5.320673e-01	4.103432e-01	2.408781e-02	-9.587168e-02	-5.150299e-02
46	7.200616e+04	5.812374e+01	1.383383e+00	9.579855e-01	9.514571e-05	6.045815e-01	5.320833e-01	4.109547e-01	2.172878e-02	-9.557422e-02	-5.073052e-02
47	7.200629e+04	5.937850e+01	1.412146e+00	9.742274e-01	-9.017253e-05	6.045119e-01	5.317540e-01	4.117395e-01	1.961953e-02	-9.544261e-02	-5.003220e-02
48	7.200624e+04	6.063251e+01	1.440639e+00	9.897795e-01	4.368697e-05	6.045468e-01	5.312029e-01	4.123285e-01	1.790597e-02	-9.514766e-02	-4.929915e-02
49	7.200613e+04	6.188033e+01	1.468757e+00	1.004803e+00	-4.616337e-05	6.047497e-01	5.308867e-01	4.129267e-01	1.631789e-02	-9.498133e-02	-4.860734e-02
50	7.200618e+04	6.312585e+01	1.496661e+00	1.019483e+00	1.296936e-05	6.050832e-01	5.305926e-01	4.133167e-01	1.465340e-02	-9.469370e-02	-4.788523e-02
51	7.200623e+04	6.437816e+01	1.524745e+00	1.034022e+00	-1.493738e-05	6.054785e-01	5.301713e-01	4.138225e-01	1.313778e-02	-9.449391e-02	-4.721957e-02
52	7.200641e+04	6.562878e+01	1.552905e+00	1.048552e+00	-2.269499e-05	6.058888e-01	5.296781e-01	4.142450e-01	1.172715e-02	-9.420844e-02	-4.652295e-02
53	7.200645e+04	6.687804e+01	1.580945e+00	1.063329e+00	2.455642e-05	6.064791e-01	5.292301e-01	4.147536e-01	1.033537e-02	-9.399586e-02	-4.588173e-02
54	7.200638e+04	6.812241e+01	1.609312e+00	1.077923e+00	-5.783906e-05	6.067139e-01	5.288564e-01	4.151586e-01	8.993043e-03	-9.367981e-02	-4.522813e-02
55	7.200641e+04	6.937644e+01	1.637820e+00	1.092000e+00	5.647084e-05	6.063247e-01	5.282677e-01	4.157865e-01	7.851158e-03	-9.347566e-02	-4.463093e-02
56	7.200620e+04	7.063149e+01	1.666629e+00	1.105782e+00	-1.004053e-04	6.054492e-01	5.275272e-01	4.161980e-01	6.711280e-03	-9.313750e-02	-4.398087e-02
57	7.200611e+04	7.188683e+01	1.694688e+00	1.118999e+00	9.878249e-05	6.044361e-01	5.263634e-01	4.167473e-01	5.437353e-03	-9.296500e-02	-4.343117e-02
58	7.200577e+04	7.313303e+01	1.722956e+00	1.131920e+00	-1.407621e-04	6.033275e-01	5.249068e-01	4.164902e-01	4.077167e-03	-9.257576e-02	-4.276086e-02
59	7.200567e+04	7.438279e+01	1.750471e+00	1.143750e+00	1.197363e-04	6.021355e-01	5.229053e-01	4.165329e-01	2.859056e-03	-9.247945e-02	-4.227679e-02
60	7.200645e+04	7.563119e+01	1.778768e+00	1.155894e+00	-1.512754e-04	6.006849e-01	5.206373e-01	4.147347e-01	1.653269e-03	-9.197403e-02	-4.154716e-02
61	7.200640e+04	7.687972e+01	1.805582e+00	1.166762e+00	1.467343e-05	5.985932e-01	5.182788e-01	4.144260e-01	6.734017e-04	-9.205054e-02	-4.116949e-02
62	7.192341e+04	7.812876e+01	1.833685e+00	1.177982e+00	1.073180e-04	5.957983e-01	5.157066e-01	4.089719e-01	-4.581765e-04	-9.128210e-02	-4.030133e-02
63	7.192336e+04	7.937658e+01	1.858789e+00	1.187090e+00	-8.329226e-04	5.923700e-01	5.130311e-01	4.096167e-01	-1.676084e-03	-9.182432e-02	-4.018800e-02
64	5.938323e+03	8.124992e+01	1.900018e+00	1.194866e+00	3.058432e-03	5.742877e-01	5.013942e-01	3.915358e-01	-2.555772e-03	-8.678807e-02	-3.945687e-02
65	1.380613e+05	8.125021e+01	1.896680e+00	1.199613e+00	2.732941e-03	5.806988e-01	4.994436e-01	3.937923e-01	-2.547923e-03	-9.024621e-02	-3.877419e-02
66	5.938596e+03	8.374989e+01	1.956426e+00	1.215669e+00	-3.230777e-03	5.722357e-01	5.009207e-01	3.895524e-01	-3.142084e-03	-8.672506e-02	-3.868639e-02
67	1.380613e+05	8.374991e+01	1.952768e+00	1.220736e+00	-3.515469e-03	5.784445e-01	4.980615e-01	3.918723e-01	-3.130639e-03	-8.983970e-02	-3.748036e-02
68	5.938596e+03	8.624988e+01	2.012970e+00	1.235620e+00	2.869786e-03	5.699230e-01	5.001903e-01	3.864348e-01	-3.540783e-03	-8.718370e-02	-3.772430e-02
69	1.380611e+05	8.625053e+01	2.009152e+00	1.241367e+00	2.722327e-03	5.750386e-01	4.967716e-01	3.888373e-01	-3.435732e-03	-8.940913e-02	-3.650281e-02
70	5.938604e+03	8.874992e+01	2.068947e+00	1.257507e+00	-2.062801e-03	5.675876e-01	5.000790e-01	3.862860e-01	-3.931328e-03	-8.715744e-02	-3.619889e-02
71	1.380611e+05	8.875024e+01	2.065171e+00	1.261735e+00	-2.228136e-03	5.727566e-01	4.966046e-01	3.882485e-01	-3.483856e-03	-8.875978e-02	-3.532665e-02
72	5.938596e+03	9.124983e+01	2.124862e+00	1.278931e+00	2.166753e-03	5.660437e-01	4.992902e-01	3.853441e-01	-3.596945e-03	-8.631439e-02	-3.449208e-02
73	1.380608e+05	9.125065e+01	2.120715e+00	1.281621e+00	1.790767e-03	5.709947e-01	4.968710e-01	3.874230e-01	-2.600425e-03	-8.814107e-02	-3.416244e-02
74	5.938597e+03	9.374982e+01	2.177937e+00	1.299591e+00	-1.058699e-03	5.656794e-01	4.984537e-01	3.849179e-01	-2.833536e-03	-8.609200e-02	-3.324352e-02
75	1.380609e+05	9.375040e+01	2.175415e+00	1.301289e+00	-1.481688e-03	5.687517e-01	4.965461e-01	3.870813e-01	-2.430869e-03	-8.764657e-02	-3.310290e-02
76	5.938597e+03	9.624988e+01	2.230082e+00	1.320727e+00	1.649439e-03	5.656788e-01	4.970113e-01	3.849055e-01	-1.498994e-03	-8.590899e-02	-3.193647e-02
77	1.380610e+05	9.625001e+01	2.230324e+00	1.321324e+00	1.160331e-03	5.666911e-01	4.946537e-01	3.870538e-01	-3.068829e-03	-8.695761e-02	-3.196311e-02
78	5.938597e+03	9.874988e+01	2.282010e+00	1.342253e+00	-3.005924e-04	5.667062e-01	4.950155e-01	3.851603e-01	-1.440360e-03	-8.626649e-02	-3.080204e-02
79	1.380610e+05	9.875027e+01	2.283749e+00	1.342284e+00	-9.866045e-04	5.661765e-01	4.922678e-01	3.873199e-01	-3.813900e-03	-8.650116e-02	-3.093095e-02
80	5.938604e+03	1.012499e+02	2.331754e+00	1.363679e+00	1.531524e-03	5.670822e-01	4.904316e-01	3.855381e-01	-2.603339e-03	-8.667138e-02	-2.934953e-02
81	1.380610e+05	1.012506e+02	2.334752e+00	1.363954e+00	7.589442e-04	5.653916e-01	4.887763e-01	3.876014e-01	-4.085815e-03	-8.583473e-02	-2.986096e-02
82	5.938597e+03	1.037499e+02	2.380658e+00	1.384847e+00	6.742665e-05	5.672486e-01	4.854316e-01	3.862005e-01	-3.985072e-03	-8.737028e-02	-2.804923e-02
83	1.380610e+05	1.037509e+02	2.384125e+00	1.385645e+00	-6.980581e-04	5.641857e-01	4.846738e-01	3.880189e-01	-4.573766e-03	-8.535420e-02	-2.890209e-02
84	5.938597e+03	1.062499e+02	2.428573e+00	1.406890e+00	1.096414e-03	5.676747e-01	4.809255e-01	3.863064e-01	-4.188334e-03	-8.778267e-02	-2.693418e-02
85	1.380610e+05	1.062515e+02	2.431762e+00	1.406539e+00	5.108347e-04	5.628263e-01	4.813244e-01	3.879609e-01	-4.592178e-03	-8.479212e-02	-2.787794e-02
86	5.938597e+03	1.087498e+02	2.475640e+00	1.427760e+00	1.098710e-04	5.674560e-01	4.771379e-01	3.864614e-01	-3.328259e-03	-8.798782e-02	-2.651912e-02
87	1.380610e+05	1.087514e+02	2.478645e+00	1.427016e+00	-4.849047e-04	5.612537e-01	4.790514e-01	3.875655e-01	-4.237167e-03	-8.432212e-02	-2.687615e-02
88	5.938597e+03	1.112498e+02	2.523805e+00	1.447205e+00	9.012409e-04	5.675740e-01	4.748174e-01	3.862567e-01	-3.101658e-03	-8.770084e-02	-2.619899e-02
89	1.380610e+05	1.112511e+02	2.526114e+00	1.446252e+00	3.591853e-04	5.608941e-01	4.764917e-01	3.864497e-01	-3.754163e-03	-8.376599e-02	-2.585758e-02
90	5.938597e+03	1.137499e+02	2.571172e+00	1.465285e+00	2.491192e-04	5.675884e-01	4.728061e-01	3.859484e-01	-1.949864e-03	-8.751962e-02	-2.561172e-02
91	1.380611e+05	1.137510e+02	2.573076e+00	1.463833e+00	-3.476493e-04	5.616642e-01	4.735488e-01	3.852292e-01	-2.525358e-03	-8.328266e-02	-2.484502e-02
92	5.938603e+03	1.162499e+02	2.619099e+00	1.480922e+00	8.460698e-04	5.674224e-01	4.699780e-01	3.849887e-01	-5.619850e-04	-8.691265e-02	-2.488117e-02
93	1.380610e+05	1.162507e+02	2.620514e+00	1.479514e+00	2.380235e-04	5.624038e-01	4.703309e-01	3.839127e-01	-1.256963e-03	-8.269449e-02	-2.385013e-02
94	5.938597e+03	1.187499e+02	2.667088e+00	1.494755e+00	9.258058e-05	5.668555e-01	4.667102e-01	3.835491e-01	5.784179e-04	-8.608652e-02	-2.435195e-02
95	1.380608e+05	1.187507e+02	2.667363e+00	1.493395e+00	-2.472174e-04	5.625776e-01	4.664727e-01	3.826565e-01	-7.573356e-05	-8.219888e-02	-2.283553e-02
96	5.938597e+03	1.212498e+02	2.713418e+00	1.509032e+00	3.334551e-04	5.657825e-01	4.633826e-01	3.814627e-01	1.187395e-03	-8.522942e-02	-2.368779e-02
97	1.380609e+05	1.212507e+02	2.713089e+00	1.506629e+00	1.857115e-04	5.628293e-01	4.631188e-01	3.809156e-01	6.877159e-04	-8.166950e-02	-2.177138e-02
98	5.938597e+03	1.237499e+02	2.758132e+00	1.522481e+00	-1.326926e-04	5.655716e-01	4.597841e-01	3.787439e-01	2.372453e-03	-8.435780e-02	-2.272657e-02
99	1.380609e+05	1.237505e+02	2.757914e+00	1.519394e+00	-1.741958e-04	5.632285e-01	4.595819e-01	3.789862e-01	1.767794e-03	-8.117297e-02	-2.077585e-02
100	5.938596e+03	1.262499e+02	2.802287e+00	1.535457e+00	3.187718e-04	5.652694e-01	4.561222e-01	3.759741e-01	3.853448e-03	-8.335294e-02	-2.125156e-02
101	1.380609e+05	1.262508e+02	2.802326e+00	1.532438e+00	1.276951e-04	5.631736e-01	4.562421e-01	3.766474e-01	2.973392e-03	-8.063550e-02	-1.978622e-02
102	5.938604e+03	1.287500e+02	2.847027e+00	1.549498e+00	3.713413e-05	5.633593e-01	4.540542e-01	3.733785e-01	4.383283e-03	-8.228207e-02	-1.978451e-02
103	1.380610e+05	1.287507e+02	2.847331e+00	1.545787e+00	-1.239470e-04	5.620234e-01	4.535354e-01	3.740937e-01	4.249502e-03	-8.013704e-02	-1.884187e-02
104	5.938596e+03	1.312499e+02	2.890452e+00	1.562963e+00	2.717367e-04	5.614469e-01	4.530387e-01	3.708699e-01	4.214140e-03	-8.163087e-02	-1.850913e-02
105	1.380610e+05	1.312504e+02	2.891341e+00	1.559349e+00	8.736260e-05	5.598472e-01	4.508176e-01	3.715837e-01	4.928682e-03	-7.961942e-02	-1.787076e-02
106	5.938596e+03	1.337498e+02	2.932357e+00	1.574223e+00	-5.230067e-05	5.590518e-01	4.519595e-01	3.686222e-01	4.431404e-03	-8.079486e-02	-1.742720e-02
107	1.380610e+05	1.337502e+02	2.934335e+00	1.572210e+00	-1.017905e-04	5.571289e-01	4.479579e-01	3.692960e-01	5.178408e-03	-7.911116e-02	-1.693841e-02
108	5.938596e+03	1.362499e+02	2.974019e+00	1.585348e+00	-4.146397e-05	5.568663e-01	4.502546e-01	3.667582e-01	4.360595e-03	-8.010887e-02	-1.633321e-02
109	1.380610e+05	1.362511e+02	2.976238e+00	1.584360e+00	9.953861e-05	5.552390e-01	4.453495e-01	3.672524e-01	4.993174e-03	-7.856280e-02	-1.597665e-02
110	5.938595e+03	1.387499e+02	3.015970e+00	1.596773e+00	-2.125782e-04	5.555868e-01	4.476022e-01	3.654950e-01	3.965819e-03	-7.935616e-02	-1.544111e-02
111	1.380609e+05	1.387506e+02	3.017593e+00	1.595873e+00	-7.651985e-05	5.538639e-01	4.427340e-01	3.657746e-01	4.372530e-03	-7.808430e-02	-1.508696e-02
112	5.938596e+03	1.412499e+02	3.058825e+00	1.607715e+00	-8.419540e-05	5.551974e-01	4.441897e-01	3.644820e-01	2.829063e-03	-7.840661e-02	-1.448813e-02
113	1.380608e+05	1.412516e+02	3.059468e+00	1.606619e+00	6.231348e-05	5.521145e-01	4.405287e-01	3.645603e-01	3.383010e-03	-7.750159e-02	-1.411092e-02
114	5.938596e+03	1.437499e+02	3.102157e+00	1.618729e+00	-4.078371e-04	5.551051e-01	4.408020e-01	3.632421e-01	1.250446e-03	-7.820604e-02	-1.392776e-02
115	1.380608e+05	1.437505e+02	3.101641e+00	1.617132e+00	-2.100768e-05	5.508146e-01	4.391269e-01	3.632175e-01	2.195864e-03	-7.696475e-02	-1.321226e-02
116	5.938595e+03	1.462498e+02	3.144752e+00	1.628175e+00	-6.115445e-04	5.561029e-01	4.380250e-01	3.614796e-01	-2.641777e-04	-7.818817e-02	-1.309213e-02
117	1.380609e+05	1.462519e+02	3.143292e+00	1.626835e+00	5.062965e-05	5.504138e-01	4.387459e-01	3.616263e-01	8.538245e-04	-7.635694e-02	-1.229733e-02
118	5.938595e+03	1.487499e+02	3.186682e+00	1.635963e+00	-8.634409e-04	5.558962e-01	4.375784e-01	3.594473e-01	-2.321624e-03	-7.795447e-02	-1.217165e-02
119	1.380609e+05	1.487505e+02	3.185174e+00	1.635677e+00	1.266362e-05	5.501063e-01	4.396061e-01	3.598691e-01	-8.586004e-04	-7.582126e-02	-1.144793e-02
120	5.938609e+03	1.512500e+02	3.229756e+00	1.643150e+00	-9.467030e-04	5.529526e-01	4.386022e-01	3.571412e-01	-3.726812e-03	-7.707134e-02	-1.133175e-02
121	1.380609e+05	1.512518e+02	3.228045e+00	1.643359e+00	4.924221e-05	5.485584e-01	4.408559e-01	3.580156e-01	-2.404487e-03	-7.529004e-02	-1.058307e-02
122	5.938595e+03	1.537500e+02	3.274123e+00	1.650347e+00	-1.028034e-03	5.490203e-01	4.403474e-01	3.551309e-01	-4.178355e-03	-7.601774e-02	-1.037143e-02
123	1.380609e+05	1.537509e+02	3.271385e+00	1.650803e+00	2.468250e-05	5.461907e-01	4.424122e-01	3.563289e-01	-3.624874e-03	-7.479102e-02	-9.708693e-03
124	5.938595e+03	1.562499e+02	3.317759e+00	1.657304e+00	-9.423081e-04	5.452893e-01	4.417867e-01	3.536137e-01	-4.409038e-03	-7.517373e-02	-9.458935e-03
125	1.380610e+05	1.562517e+02	3.314747e+00	1.658155e+00	5.306022e-05	5.439898e-01	4.440428e-01	3.545926e-01	-4.508421e-03	-7.425384e-02	-8.840846e-03
126	5.938595e+03	1.587499e+02	3.361358e+00	1.663298e+00	-9.162641e-04	5.437323e-01	4.440311e-01	3.523149e-01	-5.598342e-03	-7.456969e-02	-8.505320e-03
127	1.380610e+05	1.587510e+02	3.358668e+00	1.664645e+00	3.307163e-05	5.427765e-01	4.456079e-01	3.528247e-01	-5.740670e-03	-7.375811e-02	-8.030370e-03
128	5.938594e+03	1.612499e+02	3.405679e+00	1.668462e+00	-6.156307e-04	5.427940e-01	4.459668e-01	3.509675e-01	-7.852979e-03	-7.390945e-02	-7.191346e-03
129	1.380610e+05	1.612512e+02	3.403076e+00	1.669757e+00	1.905347e-05	5.412138e-01	4.474473e-01	3.512261e-01	-7.116692e-03	-7.322528e-02	-7.198543e-03
130	5.938594e+03	1.637500e+02	3.449669e+00	1.673320e+00	-2.278994e-04	5.400724e-01	4.471276e-01	3.493631e-01	-1.031152e-02	-7.285031e-02	-5.935040e-03
131	1.380610e+05	1.637513e+02	3.447237e+00	1.674149e+00	1.247581e-05	5.392798e-01	4.486105e-01	3.497949e-01	-8.814570e-03	-7.272172e-02	-6.430375e-03
132	5.938594e+03	1.662499e+02	3.493562e+00	1.678014e+00	7.538251e-05	5.365061e-01	4.478645e-01	3.476498e-01	-1.236473e-02	-7.209392e-02	-5.050995e-03
133	1.380611e+05	1.662511e+02	3.491226e+00	1.678678e+00	1.017017e-05	5.370857e-01	4.486184e-01	3.484396e-01	-1.100939e-02	-7.214634e-02	-5.629256e-03
134	5.938594e+03	1.687499e+02	3.537562e+00	1.682187e+00	1.414182e-04	5.339619e-01	4.479810e-01	3.462958e-01	-1.526407e-02	-7.159183e-02	-4.602100e-03
135	1.380611e+05	1.687513e+02	3.535416e+00	1.683251e+00	-2.338190e-05	5.342409e-01	4.483745e-01	3.473344e-01	-1.365362e-02	-7.160500e-02	-4.860274e-03
136	5.938594e+03	1.712500e+02	3.581730e+00	1.685271e+00	4.559595e-05	5.308906e-01	4.488642e-01	3.455631e-01	-1.775639e-02	-7.098993e-02	-4.113319e-03
137	1.380610e+05	1.712507e+02	3.579841e+00	1.686980e+00	4.604122e-06	5.307232e-01	4.486409e-01	3.464702e-01	-1.561325e-02	-7.101174e-02	-4.125393e-03
138	5.938594e+03	1.737499e+02	3.625986e+00	1.688385e+00	-2.999277e-05	5.272277e-01	4.507689e-01	3.449818e-01	-1.970882e-02	-7.041742e-02	-3.330075e-03
139	1.380611e+05	1.737507e+02	3.623998e+00	1.690077e+00	-7.660356e-06	5.268633e-01	4.499631e-01	3.454964e-01	-1.678099e-02	-7.046504e-02	-3.375607e-03
140	5.938594e+03	1.762499e+02	3.669590e+00	1.690924e+00	-2.040398e-04	5.237116e-01	4.520856e-01	3.440462e-01	-2.184879e-02	-6.982607e-02	-2.425735e-03
141	1.380610e+05	1.762502e+02	3.667655e+00	1.692424e+00	1.313021e-05	5.229114e-01	4.517016e-01	3.443895e-01	-1.827086e-02	-6.986257e-02	-2.688098e-03
142	5.938614e+03	1.787500e+02	3.712207e+00	1.692582e+00	-9.818581e-05	5.209841e-01	4.528922e-01	3.426611e-01	-2.341799e-02	-6.935310e-02	-1.923213e-03
143	1.380611e+05	1.787504e+02	3.710367e+00	1.693723e+00	-5.501655e-06	5.197627e-01	4.532821e-01	3.430403e-01	-1.963587e-02	-6.929851e-02	-1.978889e-03
144	5.938594e+03	1.812500e+02	3.754812e+00	1.693467e+00	-1.466652e-04	5.191590e-01	4.528233e-01	3.409678e-01	-2.417590e-02	-6.883460e-02	-1.477132e-03
145	1.380611e+05	1.812503e+02	3.753334e+00	1.693456e+00	1.555927e-05	5.170200e-01	4.535901e-01	3.413630e-01	-2.052087e-02	-6.868228e-02	-1.331025e-03
146	5.938594e+03	1.837500e+02	3.798038e+00	1.693025e+00	4.406888e-05	5.162638e-01	4.519356e-01	3.393686e-01	-2.432563e-02	-6.801450e-02	-9.396749e-04
147	1.380611e+05	1.837513e+02	3.796671e+00	1.692205e+00	-8.880193e-06	5.141150e-01	4.530043e-01	3.395766e-01	-2.103579e-02	-6.812236e-02	-6.804420e-04
148	5.938595e+03	1.862500e+02	3.841696e+00	1.691587e+00	4.713278e-05	5.119398e-01	4.517359e-01	3.379104e-01	-2.397417e-02	-6.710265e-02	-4.754360e-04
149	1.380611e+05	1.862505e+02	3.840436e+00	1.690485e+00	1.017940e-05	5.112402e-01	4.522679e-01	3.377683e-01	-2.094680e-02	-6.753346e-02	-1.376134e-04
150	5.938595e+03	1.887500e+02	3.885707e+00	1.690211e+00	2.016490e-04	5.072315e-01	4.515442e-01	3.363345e-01	-2.264706e-02	-6.592236e-02	5.910948e-05
151	1.380611e+05	1.887512e+02	3.884895e+00	1.688766e+00	-2.504406e-05	5.080177e-01	4.521977e-01	3.360365e-01	-2.015653e-02	-6.702018e-02	4.508593e-04
152	5.938595e+03	1.912500e+02	3.929466e+00	1.688619e+00	2.034488e-04	5.047026e-01	4.514211e-01	3.349324e-01	-2.063459e-02	-6.524128e-02	5.711107e-04
153	1.380612e+05	1.912511e+02	3.929392e+00	1.686856e+00	2.833078e-06	5.056598e-01	4.521792e-01	3.342330e-01	-1.909254e-02	-6.644175e-02	9.393461e-04
154	5.938595e+03	1.937498e+02	3.972874e+00	1.686119e+00	3.226125e-04	5.027211e-01	4.519461e-01	3.340708e-01	-1.882432e-02	-6.493048e-02	1.227043e-03
155	1.380612e+05	1.937506e+02	3.973108e+00	1.684287e+00	-1.795244e-05	5.034951e-01	4.523846e-01	3.325711e-01	-1.766167e-02	-6.594429e-02	1.472328e-03
156	5.938595e+03	1.962500e+02	4.016335e+00	1.682869e+00	3.574840e-04	5.008229e-01	4.535869e-01	3.330179e-01	-1.749342e-02	-6.469466e-02	1.966858e-03
157	1.380611e+05	1.962514e+02	4.016141e+00	1.681600e+00	-1.351545e-05	5.013007e-01	4.529454e-01	3.311650e-01	-1.627956e-02	-6.544367e-02	1.912907e-03
158	5.938595e+03	1.987499e+02	4.058988e+00	1.679728e+00	3.554155e-04	4.994739e-01	4.548563e-01	3.319451e-01	-1.568970e-02	-6.436708e-02	2.614142e-03
159	1.380611e+05	1.987498e+02	4.058259e+00	1.678258e+00	-2.589186e-05	4.992989e-01	4.540361e-01	3.302003e-01	-1.496887e-02	-6.495835e-02	2.365476e-03
160	5.938595e+03	2.012500e+02	4.100836e+00	1.676674e+00	3.207701e-04	4.982011e-01	4.556691e-01	3.305973e-01	-1.428293e-02	-6.391953e-02	2.995534e-03
161	1.380611e+05	2.012525e+02	4.100098e+00	1.674768e+00	-2.942596e-06	4.981900e-01	4.549543e-01	3.294336e-01	-1.402583e-02	-6.446987e-02	2.781634e-03
162	5.938595e+03	2.037500e+02	4.142596e+00	1.671590e+00	2.244503e-04	4.971299e-01	4.570937e-01	3.291377e-01	-1.292092e-02	-6.342651e-02	3.286361e-03
163	1.380612e+05	2.037489e+02	4.142168e+00	1.671098e+00	-3.264328e-05	4.975661e-01	4.564360e-01	3.287410e-01	-1.314911e-02	-6.396981e-02	3.182151e-03
164	5.938609e+03	2.062500e+02	4.183040e+00	1.665510e+00	7.745870e-05	4.962650e-01	4.598334e-01	3.277360e-01	-1.208230e-02	-6.288543e-02	3.410269e-03
165	1.380613e+05	2.062519e+02	4.182854e+00	1.667002e+00	9.950674e-06	4.971262e-01	4.590794e-01	3.279068e-01	-1.240276e-02	-6.348820e-02	3.591245e-03
166	5.938595e+03	2.087499e+02	4.222718e+00	1.659514e+00	-1.446410e-04	4.948936e-01	4.627038e-01	3.264835e-01	-1.203965e-02	-6.258040e-02	3.223714e-03
167	1.380613e+05	2.087485e+02	4.222871e+00	1.661870e+00	-4.493399e-06	4.962223e-01	4.617746e-01	3.269115e-01	-1.213315e-02	-6.298377e-02	3.937423e-03
168	5.938595e+03	2.112497e+02	4.262122e+00	1.654548e+00	-2.668600e-04	4.930408e-01	4.638569e-01	3.255824e-01	-1.225357e-02	-6.244160e-02	2.976096e-03
169	1.380613e+05	2.112510e+02	4.262938e+00	1.656282e+00	1.500201e-05	4.943380e-01	4.638202e-01	3.259605e-01	-1.224078e-02	-6.247127e-02	4.320913e-03
170	5.938594e+03	2.137500e+02	4.301510e+00	1.650767e+00	-2.634212e-04	4.914142e-01	4.647228e-01	3.246230e-01	-1.260278e-02	-6.236288e-02	3.140247e-03
171	1.380613e+05	2.137484e+02	4.302501e+00	1.651410e+00	1.655647e-05	4.920170e-01	4.657609e-01	3.250641e-01	-1.237104e-02	-6.200747e-02	4.668091e-03
172	5.938594e+03	2.162500e+02	4.340837e+00	1.647508e+00	-1.043357e-04	4.890713e-01	4.660214e-01	3.233530e-01	-1.279024e-02	-6.213178e-02	3.637746e-03
173	1.380613e+05	2.162503e+02	4.341511e+00	1.647054e+00	-1.285990e-06	4.894989e-01	4.673324e-01	3.241917e-01	-1.244125e-02	-6.155354e-02	5.019308e-03
174	5.938593e+03	2.187500e+02	4.380229e+00	1.644062e+00	7.280732e-05	4.861628e-01	4.667784e-01	3.221044e-01	-1.330000e-02	-6.192624e-02	4.216362e-03
175	1.380612e+05	2.187495e+02	4.380443e+00	1.642328e+00	-3.329358e-06	4.860078e-01	4.685804e-01	3.233189e-01	-1.248467e-02	-6.112947e-02	5.362341e-03
176	5.938594e+03	2.212499e+02	4.420153e+00	1.638779e+00	1.399317e-04	4.829210e-01	4.667861e-01	3.204845e-01	-1.410163e-02	-6.163816e-02	4.586949e-03
177	1.380612e+05	2.212503e+02	4.420098e+00	1.636314e+00	-1.485148e-06	4.823244e-01	4.697134e-01	3.221259e-01	-1.257620e-02	-6.068112e-02	5.694781e-03
178	5.938593e+03	2.237500e+02	4.460762e+00	1.631191e+00	1.988785e-04	4.787599e-01	4.663316e-01	3.184656e-01	-1.467468e-02	-6.105588e-02	4.942427e-03
179	1.380612e+05	2.237503e+02	4.460349e+00	1.628808e+00	-1.209985e-05	4.786480e-01	4.703542e-01	3.204772e-01	-1.269555e-02	-6.032238e-02	6.029019e-03
180	5.938594e+03	2.262500e+02	4.500343e+00	1.622244e+00	2.070056e-04	4.739823e-01	4.657393e-01	3.159605e-01	-1.468680e-02	-6.018094e-02	5.243530e-03
181	1.380614e+05	2.262497e+02	4.500325e+00	1.620811e+00	-8.419333e-06	4.751033e-01	4.696971e-01	3.185421e-01	-1.323573e-02	-5.994931e-02	6.390967e-03
182	5.938594e+03	2.287500e+02	4.539868e+00	1.612709e+00	8.472571e-05	4.705217e-01	4.649380e-01	3.137217e-01	-1.482967e-02	-5.953653e-02	5.728661e-03
183	1.380617e+05	2.287503e+02	4.540917e+00	1.612218e+00	2.684071e-06	4.716426e-01	4.679972e-01	3.166161e-01	-1.406231e-02	-5.955418e-02	6.749285e-03
184	5.938593e+03	2.312500e+02	4.579177e+00	1.602707e+00	7.932488e-05	4.686222e-01	4.630441e-01	3.119188e-01	-1.450874e-02	-5.909605e-02	6.211650e-03
185	1.380617e+05	2.312492e+02	4.580862e+00	1.602583e+00	-9.346010e-06	4.688857e-01	4.658439e-01	3.148371e-01	-1.415105e-02	-5.920891e-02	7.102983e-03
186	5.938612e+03	2.337500e+02	4.618703e+00	1.592963e+00	1.864639e-04	4.660742e-01	4.602470e-01	3.105189e-01	-1.370512e-02	-5.860007e-02	6.703666e-03
187	1.380617e+05	2.337504e+02	4.620795e+00	1.592942e+00	1.713437e-06	4.663534e-01	4.631213e-01	3.131386e-01	-1.390647e-02	-5.880999e-02	7.501925e-03
188	5.938593e+03	2.362501e+02	4.657553e+00	1.583182e+00	1.870675e-04	4.625869e-01	4.572967e-01	3.095336e-01	-1.333127e-02	-5.822394e-02	7.080612e-03
189	1.380616e+05	2.362493e+02	4.659971e+00	1.582918e+00	-1.366811e-05	4.634657e-01	4.599501e-01	3.116704e-01	-1.387732e-02	-5.844785e-02	7.835957e-03
190	5.938593e+03	2.387501e+02	4.694990e+00	1.572136e+00	1.398844e-04	4.576741e-01	4.553795e-01	3.086409e-01	-1.357125e-02	-5.769455e-02	7.414732e-03
191	1.380617e+05	2.387489e+02	4.698118e+00	1.572122e+00	3.126927e-06	4.593615e-01	4.571465e-01	3.103611e-01	-1.456130e-02	-5.807516e-02	8.206367e-03
192	5.938593e+03	2.412500e+02	4.731734e+00	1.561171e+00	2.239590e-05	4.536351e-01	4.546957e-01	3.079379e-01	-1.545347e-02	-5.713664e-02	7.856768e-03
193	1.380616e+05	2.412493e+02	4.735237e+00	1.561718e+00	-1.701456e-05	4.555837e-01	4.544864e-01	3.093442e-01	-1.634656e-02	-5.768470e-02	8.553380e-03
194	5.938593e+03	2.437500e+02	4.768995e+00	1.551294e+00	-1.093259e-05	4.507991e-01	4.527757e-01	3.073034e-01	-1.754899e-02	-5.686426e-02	8.336630e-03
195	1.380614e+05	2.437498e+02	4.771069e+00	1.551934e+00	4.196204e-06	4.528902e-01	4.517821e-01	3.083730e-01	-1.825311e-02	-5.731112e-02	8.895550e-03
196	5.938590e+03	2.462502e+02	4.805912e+00	1.542335e+00	-2.766680e-05	4.485560e-01	4.512447e-01	3.065781e-01	-1.883790e-02	-5.628543e-02	8.806211e-03
197	1.380613e+05	2.462488e+02	4.805889e+00	1.543422e+00	-1.286786e-05	4.511929e-01	4.499110e-01	3.073751e-01	-1.927134e-02	-5.688667e-02	9.248765e-03
198	5.938590e+03	2.487501e+02	4.841943e+00	1.534671e+00	1.071698e-04	4.470741e-01	4.501141e-01	3.054561e-01	-1.909029e-02	-5.561769e-02	9.202122e-03
199	1.380609e+05	2.487514e+02	4.840962e+00	1.536271e+00	1.503206e-05	4.498686e-01	4.480287e-01	3.061919e-01	-1.957439e-02	-5.644610e-02	9.580150e-03
200	5.938590e+03	2.512502e+02	4.876396e+00	1.527741e+00	2.957621e-05	4.477091e-01	4.485099e-01	3.038892e-01	-1.862420e-02	-5.509588e-02	9.580795e-03
201	1.380608e+05	2.512509e+02	4.875175e+00	1.528957e+00	-6.856178e-06	4.488285e-01	4.460498e-01	3.048132e-01	-1.924621e-02	-5.601434e-02	9.852441e-03
202	5.938590e+03	2.537502e+02	4.911183e+00	1.520858e+00	7.767195e-05	4.477078e-01	4.461328e-01	3.023485e-01	-1.882862e-02	-5.467303e-02	1.005405e-02
203	1.380604e+05	2.537523e+02	4.909119e+00	1.521716e+00	7.656320e-07	4.475219e-01	4.438732e-01	3.033913e-01	-1.889568e-02	-5.553951e-02	1.013404e-02
204	5.938609e+03	2.562502e+02	4.945535e+00	1.513666e+00	1.861287e-04	4.458673e-01	4.425049e-01	3.008980e-01	-1.955770e-02	-5.441992e-02	1.033587e-02
205	1.380602e+05	2.562509e+02	4.942755e+00	1.514070e+00	-1.672303e-05	4.454738e-01	4.414211e-01	3.018642e-01	-1.895794e-02	-5.505215e-02	1.038343e-02
206	5.938592e+03	2.587503e+02	4.978784e+00	1.506851e+00	3.497556e-04	4.434484e-01	4.397608e-01	2.991850e-01	-2.059940e-02	-5.413057e-02	1.061729e-02
207	1.380604e+05	2.587500e+02	4.975846e+00	1.506611e+00	-2.261314e-06	4.426538e-01	4.393978e-01	3.001594e-01	-1.923932e-02	-5.457777e-02	1.062334e-02
208	5.938592e+03	2.612499e+02	5.012105e+00	1.498929e+00	2.349104e-04	4.405137e-01	4.383251e-01	2.972656e-01	-2.165539e-02	-5.375836e-02	1.079323e-02
209	1.380605e+05	2.612502e+02	5.009305e+00	1.498245e+00	-1.689141e-05	4.400052e-01	4.381871e-01	2.983662e-01	-1.971203e-02	-5.403979e-02	1.084432e-02
210	5.938592e+03	2.637501e+02	5.044728e+00	1.488570e+00	6.426834e-05	4.378166e-01	4.381800e-01	2.953969e-01	-2.187050e-02	-5.341871e-02	1.076365e-02
211	1.380606e+05	2.637532e+02	5.042353e+00	1.488132e+00	-9.311850e-06	4.375005e-01	4.377559e-01	2.965290e-01	-2.024869e-02	-5.353528e-02	1.107475e-02
212	5.938591e+03	2.662501e+02	5.076973e+00	1.476780e+00	-7.493199e-05	4.359239e-01	4.394963e-01	2.933024e-01	-2.183717e-02	-5.313645e-02	1.073394e-02
213	1.380606e+05	2.662517e+02	5.075040e+00	1.477033e+00	1.513262e-05	4.352468e-01	4.382629e-01	2.944826e-01	-2.121891e-02	-5.297871e-02	1.128613e-02
214	5.938591e+03	2.687502e+02	5.107911e+00	1.465212e+00	-1.215258e-04	4.348950e-01	4.410805e-01	2.913645e-01	-2.273547e-02	-5.284038e-02	1.090885e-02
215	1.380606e+05	2.687522e+02	5.107198e+00	1.465291e+00	-5.520329e-06	4.331056e-01	4.404569e-01	2.923216e-01	-2.249715e-02	-5.245261e-02	1.147161e-02
216	5.938592e+03	2.712501e+02	5.135964e+00	1.454397e+00	-1.049392e-04	4.335310e-01	4.432850e-01	2.897449e-01	-2.366171e-02	-5.242714e-02	1.122128e-02
217	1.380608e+05	2.712499e+02	5.136658e+00	1.453942e+00	2.027253e-05	4.307825e-01	4.434322e-01	2.900842e-01	-2.353501e-02	-5.191893e-02	1.166349e-02
218	5.938591e+03	2.737502e+02	5.163860e+00	1.443712e+00	-1.722766e-04	4.308852e-01	4.456593e-01	2.884188e-01	-2.426798e-02	-5.206824e-02	1.156638e-02
219	1.380608e+05	2.737520e+02	5.165687e+00	1.442705e+00	-7.974214e-06	4.282702e-01	4.459996e-01	2.880666e-01	-2.448144e-02	-5.137544e-02	1.184512e-02
220	5.938591e+03	2.762502e+02	5.192454e+00	1.432065e+00	-2.605553e-04	4.280790e-01	4.479164e-01	2.874113e-01	-2.520895e-02	-5.175062e-02	1.182129e-02
221	1.380609e+05	2.762510e+02	5.194292e+00	1.430911e+00	2.467896e-05	4.260534e-01	4.479412e-01	2.863586e-01	-2.585225e-02	-5.084568e-02	1.198929e-02
222	5.938592e+03	2.787501e+02	5.221257e+00	1.419101e+00	-2.846931e-04	4.249794e-01	4.492294e-01	2.865191e-01	-2.596132e-02	-5.136935e-02	1.204239e-02
223	1.380609e+05	2.787518e+02	5.222579e+00	1.418398e+00	4.087153e-06	4.238041e-01	4.489160e-01	2.848690e-01	-2.743586e-02	-5.031474e-02	1.213708e-02
224	5.938593e+03	2.812499e+02	5.250035e+00	1.405151e+00	-2.069735e-04	4.225134e-01	4.503268e-01	2.857119e-01	-2.719212e-02	-5.075525e-02	1.221409e-02
225	1.380609e+05	2.812503e+02	5.251188e+00	1.405028e+00	2.261465e-05	4.219579e-01	4.493276e-01	2.835825e-01	-2.925424e-02	-4.975761e-02	1.228311e-02
226	5.938593e+03	2.837501e+02	5.278034e+00	1.391755e+00	-2.425933e-04	4.204352e-01	4.510237e-01	2.845764e-01	-2.821394e-02	-4.988904e-02	1.233323e-02
227	1.380609e+05	2.837511e+02	5.279320e+00	1.391744e+00	-1.032271e-06	4.198496e-01	4.496912e-01	2.824730e-01	-3.099238e-02	-4.922543e-02	1.243225e-02
228	5.938592e+03	2.862500e+02	5.306040e+00	1.379414e+00	-3.190507e-04	4.175119e-01	4.505567e-01	2.832648e-01	-2.935980e-02	-4.919139e-02	1.244831e-02
229	1.380610e+05	2.862509e+02	5.307553e+00	1.378545e+00	1.334257e-05	4.169732e-01	4.500843e-01	2.815266e-01	-3.226587e-02	-4.867791e-02	1.256911e-02
230	5.938592e+03	2.887500e+02	5.336149e+00	1.367565e+00	-4.167792e-04	4.148915e-01	4.503131e-01	2.819059e-01	-3.104958e-02	-4.864819e-02	1.271970e-02
231	1.380610e+05	2.887527e+02	5.337199e+00	1.365623e+00	1.300742e-05	4.146006e-01	4.507426e-01	2.807039e-01	-3.341736e-02	-4.812285e-02	1.271454e-02
232	5.938592e+03	2.912500e+02	5.368508e+00	1.354644e+00	-4.241563e-04	4.125409e-01	4.514810e-01	2.805468e-01	-3.276027e-02	-4.810058e-02	1.306058e-02
233	1.380611e+05	2.912509e+02	5.368059e+00	1.352230e+00	2.602418e-05	4.124555e-01	4.524888e-01	2.800292e-01	-3.430856e-02	-4.755076e-02	1.277437e-02
234	5.938592e+03	2.937501e+02	5.400781e+00	1.340902e+00	-3.599727e-04	4.102237e-01	4.540644e-01	2.794832e-01	-3.440527e-02	-4.754655e-02	1.343028e-02
235	1.380612e+05	2.937516e+02	5.399087e+00	1.338757e+00	4.458859e-06	4.104170e-01	4.551886e-01	2.796270e-01	-3.512381e-02	-4.699713e-02	1.284563e-02
236	5.938592e+03	2.962502e+02	5.431468e+00	1.327805e+00	-2.440416e-04	4.075866e-01	4.566789e-01	2.789860e-01	-3.614078e-02	-4.697148e-02	1.369272e-02
237	1.380612e+05	2.962488e+02	5.429692e+00	1.326321e+00	2.211859e-05	4.080564e-01	4.578645e-01	2.793541e-01	-3.616418e-02	-4.642642e-02	1.289471e-02
238	5.938592e+03	2.987500e+02	5.460782e+00	1.314837e+00	-2.727465e-04	4.047189e-01	4.593000e-01	2.780669e-01	-3.769394e-02	-4.633092e-02	1.388248e-02
239	1.380612e+05	2.987515e+02	5.459748e+00	1.314385e+00	1.146760e-05	4.055565e-01	4.599421e-01	2.788834e-01	-3.750439e-02	-4.584609e-02	1.295383e-02
240	5.938592e+03	3.012502e+02	5.489597e+00	1.302027e+00	-3.744017e-04	4.027846e-01	4.613450e-01	2.771259e-01	-3.919938e-02	-4.565367e-02	1.394764e-02
241	1.380612e+05	3.012519e+02	5.489656e+00	1.302864e+00	1.150638e-05	4.037126e-01	4.611858e-01	2.783856e-01	-3.910583e-02	-4.523858e-02	1.297682e-02
242	5.938634e+03	3.037501e+02	5.519532e+00	1.290990e+00	-5.290856e-04	4.011007e-01	4.621623e-01	2.765424e-01	-4.057788e-02	-4.484747e-02	1.390266e-02
243	1.380612e+05	3.037509e+02	5.520216e+00	1.291853e+00	3.727957e-05	4.022580e-01	4.618873e-01	2.778320e-01	-4.071805e-02	-4.464418e-02	1.298578e-02
244	5.938592e+03	3.062501e+02	5.550256e+00	1.280290e+00	-7.577879e-04	4.009112e-01	4.628524e-01	2.762177e-01	-4.290850e-02	-4.416580e-02	1.389245e-02
245	1.380612e+05	3.062515e+02	5.550439e+00	1.280623e+00	2.140249e-05	4.015290e-01	4.622232e-01	2.773381e-01	-4.264635e-02	-4.401790e-02	1.298360e-02
246	5.938591e+03	3.087501e+02	5.580486e+00	1.269706e+00	-9.710751e-04	4.007187e-01	4.627570e-01	2.757664e-01	-4.476362e-02	-4.351302e-02	1.368621e-02
247	1.380612e+05	3.087502e+02	5.580000e+00	1.269437e+00	5.167709e-05	4.008201e-01	4.625998e-01	2.768356e-01	-4.416872e-02	-4.338947e-02	1.297689e-02
248	5.938592e+03	3.112502e+02	5.609137e+00	1.258889e+00	-1.165868e-03	3.994338e-01	4.614278e-01	2.753856e-01	-4.567445e-02	-4.277403e-02	1.356199e-02
249	1.380612e+05	3.112521e+02	5.609416e+00	1.257916e+00	3.896279e-05	4.001329e-01	4.627645e-01	2.763457e-01	-4.566257e-02	-4.275730e-02	1.292697e-02
250	5.938592e+03	3.137501e+02	5.637585e+00	1.247729e+00	-1.072413e-03	3.991361e-01	4.599592e-01	2.746554e-01	-4.715300e-02	-4.194567e-02	1.340090e-02
251	1.380611e+05	3.137506e+02	5.638749e+00	1.246609e+00	5.683384e-05	4.000317e-01	4.621889e-01	2.757184e-01	-4.742277e-02	-4.212354e-02	1.289468e-02
252	5.938592e+03	3.162502e+02	5.667037e+00	1.236502e+00	-8.344434e-04	4.001874e-01	4.588793e-01	2.738112e-01	-4.867524e-02	-4.127319e-02	1.305919e-02
253	1.380612e+05	3.162525e+02	5.668146e+00	1.235890e+00	2.456861e-05	4.009985e-01	4.611012e-01	2.746914e-01	-4.887035e-02	-4.149443e-02	1.283399e-02
254	5.938592e+03	3.187502e+02	5.698251e+00	1.225785e+00	-5.168030e-04	4.008542e-01	4.574742e-01	2.724118e-01	-4.931123e-02	-4.060993e-02	1.288478e-02
255	1.380612e+05	3.187487e+02	5.698560e+00	1.225551e+00	3.015966e-05	4.014846e-01	4.594181e-01	2.732383e-01	-4.965788e-02	-4.088421e-02	1.279924e-02
256	5.938592e+03	3.212503e+02	5.730065e+00	1.215207e+00	-3.846185e-04	4.015756e-01	4.566165e-01	2.703972e-01	-4.972253e-02	-3.987827e-02	1.274321e-02
257	1.380612e+05	3.212524e+02	5.730395e+00	1.215934e+00	1.994094e-05	4.020668e-01	4.569758e-01	2.713951e-01	-5.077947e-02	-4.025840e-02	1.274108e-02
258	5.938592e+03	3.237500e+02	5.762049e+00	1.204963e+00	-3.287794e-04	4.029186e-01	4.544779e-01	2.684222e-01	-5.055452e-02	-3.910705e-02	1.249909e-02
259	1.380612e+05	3.237514e+02	5.762219e+00	1.206632e+00	7.438535e-06	4.030528e-01	4.535425e-01	2.694480e-01	-5.188202e-02	-3.968000e-02	1.268381e-02
260	5.938592e+03	3.262500e+02	5.793519e+00	1.195412e+00	-3.590949e-04	4.030545e-01	4.504793e-01	2.666636e-01	-5.145056e-02	-3.837558e-02	1.234617e-02
261	1.380612e+05	3.262539e+02	5.792763e+00	1.197354e+00	1.306058e-05	4.040748e-01	4.494890e-01	2.675503e-01	-5.250695e-02	-3.906823e-02	1.262610e-02
262	5.938592e+03	3.287502e+02	5.823690e+00	1.185942e+00	-5.389403e-04	4.021986e-01	4.453677e-01	2.646236e-01	-5.159011e-02	-3.764290e-02	1.208666e-02
263	1.380611e+05	3.287492e+02	5.822079e+00	1.187672e+00	2.589372e-05	4.040255e-01	4.447601e-01	2.654571e-01	-5.231603e-02	-3.847760e-02	1.256627e-02
264	5.938592e+03	3.312499e+02	5.853206e+00	1.175820e+00	-7.729119e-04	4.009193e-01	4.406698e-01	2.625940e-01	-5.189331e-02	-3.701011e-02	1.192165e-02
265	1.380611e+05	3.312509e+02	5.850335e+00	1.177423e+00	3.106904e-05	4.030789e-01	4.403037e-01	2.632653e-01	-5.240906e-02	-3.786076e-02	1.251348e-02
266	5.938593e+03	3.337501e+02	5.882823e+00	1.165714e+00	-8.977790e-04	4.001091e-01	4.363203e-01	2.603358e-01	-5.281089e-02	-3.658899e-02	1.185847e-02
267	1.380610e+05	3.337522e+02	5.878940e+00	1.167194e+00	4.463532e-05	4.016376e-01	4.361291e-01	2.610135e-01	-5.295086e-02	-3.727236e-02	1.245050e-02
268	5.938592e+03	3.362501e+02	5.911271e+00	1.156995e+00	-1.011728e-03	3.995439e-01	4.332383e-01	2.577462e-01	-5.420648e-02	-3.617905e-02	1.187733e-02
269	1.380608e+05	3.362543e+02	5.907876e+00	1.157746e+00	4.004408e-05	3.997860e-01	4.326324e-01	2.585972e-01	-5.383834e-02	-3.665036e-02	1.240180e-02
270	5.938593e+03	3.387501e+02	5.940640e+00	1.148078e+00	-1.081986e-03	3.979071e-01	4.318783e-01	2.549816e-01	-5.588961e-02	-3.577655e-02	1.202584e-02
271	1.380606e+05	3.387507e+02	5.938001e+00	1.148608e+00	5.390669e-05	3.975285e-01	4.301780e-01	2.561712e-01	-5.479095e-02	-3.607915e-02	1.233743e-02
272	5.938592e+03	3.412500e+02	5.970684e+00	1.137199e+00	-9.598293e-04	3.962513e-01	4.299577e-01	2.520083e-01	-5.722614e-02	-3.534363e-02	1.214473e-02
273	1.380605e+05	3.412509e+02	5.968048e+00	1.138219e+00	2.609197e-05	3.947077e-01	4.276639e-01	2.537584e-01	-5.554539e-02	-3.547998e-02	1.228090e-02
274	5.938591e+03	3.437503e+02	5.999498e+00	1.122999e+00	-7.385318e-04	3.946817e-01	4.289532e-01	2.491102e-01	-5.861324e-02	-3.483749e-02	1.213483e-02
275	1.380605e+05	3.437544e+02	5.997191e+00	1.125657e+00	4.570749e-05	3.922333e-01	4.255113e-01	2.514443e-01	-5.602103e-02	-3.491567e-02	1.223028e-02
276	5.938592e+03	3.462502e+02	6.027119e+00	1.107373e+00	-4.610121e-04	3.931222e-01	4.277526e-01	2.467681e-01	-5.970281e-02	-3.422533e-02	1.200388e-02
277	1.380604e+05	3.462555e+02	6.025681e+00	1.111571e+00	9.958428e-06	3.904402e-01	4.237765e-01	2.492121e-01	-5.645496e-02	-3.430873e-02	1.218563e-02
278	5.938592e+03	3.487503e+02	6.056861e+00	1.093537e+00	-3.693278e-04	3.904534e-01	4.250793e-01	2.450975e-01	-6.010511e-02	-3.362761e-02	1.189421e-02
279	1.380605e+05	3.487531e+02	6.055180e+00	1.097602e+00	2.339086e-05	3.888142e-01	4.219970e-01	2.472342e-01	-5.712715e-02	-3.371258e-02	1.215587e-02
280	5.938591e+03	3.512501e+02	6.086914e+00	1.080029e+00	-3.804891e-04	3.875901e-01	4.229239e-01	2.435762e-01	-6.027184e-02	-3.315021e-02	1.181184e-02
281	1.380606e+05	3.512485e+02	6.085279e+00	1.083278e+00	6.924472e-06	3.871306e-01	4.206865e-01	2.455512e-01	-5.790926e-02	-3.314598e-02	1.207719e-02
282	5.938592e+03	3.537502e+02	6.116601e+00	1.066266e+00	-4.004268e-04	3.845518e-01	4.226764e-01	2.420807e-01	-6.136481e-02	-3.277886e-02	1.202158e-02
283	1.380606e+05	3.537528e+02	6.114503e+00	1.068789e+00	3.742264e-05	3.846763e-01	4.204185e-01	2.438961e-01	-5.896285e-02	-3.255157e-02	1.201118e-02
284	5.938592e+03	3.562502e+02	6.145839e+00	1.052049e+00	-1.700622e-04	3.811057e-01	4.229471e-01	2.405695e-01	-6.263862e-02	-3.216534e-02	1.225767e-02
285	1.380606e+05	3.562535e+02	6.143617e+00	1.054004e+00	-1.604454e-05	3.818286e-01	4.204230e-01	2.420881e-01	-5.994897e-02	-3.196871e-02	1.191665e-02
286	5.938626e+03	3.587500e+02	6.173753e+00	1.038662e+00	1.325388e-04	3.781255e-01	4.216145e-01	2.392862e-01	-6.387406e-02	-3.140430e-02	1.233906e-02
287	1.380607e+05	3.587545e+02	6.172286e+00	1.039611e+00	1.772745e-05	3.794357e-01	4.195640e-01	2.399892e-01	-6.100757e-02	-3.140837e-02	1.185066e-02
288	5.938592e+03	3.612502e+02	6.201918e+00	1.026857e+00	2.973411e-04	3.759152e-01	4.193874e-01	2.379624e-01	-6.519806e-02	-3.063283e-02	1.214333e-02
289	1.380607e+05	3.612486e+02	6.201152e+00	1.026461e+00	-3.238405e-05	3.773420e-01	4.179733e-01	2.376118e-01	-6.229731e-02	-3.082043e-02	1.181052e-02
290	5.938592e+03	3.637501e+02	6.230074e+00	1.016458e+00	4.280235e-04	3.734730e-01	4.166453e-01	2.363767e-01	-6.645408e-02	-2.990078e-02	1.201463e-02
291	1.380607e+05	3.637521e+02	6.229669e+00	1.014997e+00	4.539400e-06	3.756754e-01	4.159246e-01	2.353414e-01	-6.371197e-02	-3.029356e-02	1.174202e-02
292	5.938592e+03	3.662503e+02	6.258384e+00	1.006367e+00	6.552545e-04	3.713130e-01	4.141064e-01	2.344915e-01	-6.750017e-02	-2.902488e-02	1.208282e-02
293	1.380607e+05	3.662535e+02	6.257929e+00	1.004324e+00	-4.958742e-05	3.738144e-01	4.132515e-01	2.332606e-01	-6.477427e-02	-2.970911e-02	1.164384e-02
294	5.938592e+03	3.687502e+02	6.286784e+00	9.956579e-01	8.805324e-04	3.692200e-01	4.112681e-01	2.324311e-01	-6.779534e-02	-2.817348e-02	1.228068e-02
295	1.380608e+05	3.687544e+02	6.285675e+00	9.936457e-01	-1.412550e-05	3.720398e-01	4.099558e-01	2.314701e-01	-6.553185e-02	-2.915463e-02	1.155287e-02
296	5.938592e+03	3.712501e+02	6.314906e+00	9.843082e-01	1.044817e-03	3.677481e-01	4.084581e-01	2.301269e-01	-6.803221e-02	-2.728357e-02	1.229661e-02
297	1.380608e+05	3.712490e+02	6.312956e+00	9.832599e-01	-7.650893e-05	3.705163e-01	4.069272e-01	2.298382e-01	-6.639116e-02	-2.856777e-02	1.145361e-02
298	5.938591e+03	3.737502e+02	6.342633e+00	9.734073e-01	9.842933e-04	3.663017e-01	4.059578e-01	2.278423e-01	-6.851457e-02	-2.687442e-02	1.215053e-02
299	1.380609e+05	3.737505e+02	6.339826e+00	9.733732e-01	-7.755426e-06	3.684720e-01	4.045909e-01	2.282435e-01	-6.719375e-02	-2.800976e-02	1.135412e-02
300	5.938590e+03	3.762503e+02	6.369307e+00	9.630504e-01	5.432500e-04	3.648094e-01	4.032325e-01	2.254942e-01	-6.867985e-02	-2.652377e-02	1.195250e-02
301	1.380610e+05	3.762519e+02	6.366249e+00	9.631639e-01	-6.122734e-05	3.664619e-01	4.029272e-01	2.263847e-01	-6.774320e-02	-2.740414e-02	1.123848e-02
302	5.938592e+03	3.787503e+02	6.395772e+00	9.530594e-01	6.767760e-05	3.631566e-01	4.022879e-01	2.230445e-01	-6.952081e-02	-2.607243e-02	1.174724e-02
303	1.380609e+05	3.787531e+02	6.392389e+00	9.535110e-01	5.413712e-05	3.642433e-01	4.024769e-01	2.245326e-01	-6.857283e-02	-2.684880e-02	1.114860e-02
304	5.938592e+03	3.812502e+02	6.420576e+00	9.439064e-01	-6.369056e-04	3.611230e-01	4.020227e-01	2.208152e-01	-7.008640e-02	-2.538491e-02	1.136803e-02
305	1.380609e+05	3.812508e+02	6.417901e+00	9.445992e-01	-3.359913e-05	3.618784e-01	4.018249e-01	2.227584e-01	-6.913047e-02	-2.623512e-02	1.103094e-02
306	5.938593e+03	3.837501e+02	6.445265e+00	9.357223e-01	-1.056491e-03	3.604362e-01	4.001486e-01	2.188778e-01	-6.989832e-02	-2.488050e-02	1.111946e-02
307	1.380609e+05	3.837502e+02	6.443384e+00	9.362143e-01	1.138265e-04	3.601629e-01	4.010629e-01	2.207288e-01	-6.938244e-02	-2.567732e-02	1.092516e-02
308	5.938592e+03	3.862502e+02	6.469886e+00	9.272245e-01	-1.475193e-03	3.601350e-01	3.969283e-01	2.170508e-01	-6.963380e-02	-2.438500e-02	1.094707e-02
309	1.380610e+05	3.862532e+02	6.468190e+00	9.278069e-01	-8.245081e-06	3.587178e-01	3.993916e-01	2.184016e-01	-6.947328e-02	-2.509917e-02	1.079177e-02
310	5.938593e+03	3.887502e+02	6.494410e+00	9.188490e-01	-1.533598e-03	3.590478e-01	3.942036e-01	2.152741e-01	-6.969205e-02	-2.387407e-02	1.088723e-02
311	1.380610e+05	3.887514e+02	6.492867e+00	9.193688e-01	1.471780e-04	3.573664e-01	3.969148e-01	2.159133e-01	-6.969859e-02	-2.454820e-02	1.066148e-02
312	5.938593e+03	3.912502e+02	6.519962e+00	9.101169e-01	-1.781308e-03	3.577431e-01	3.925637e-01	2.130156e-01	-7.010313e-02	-2.310306e-02	1.064527e-02
313	1.380610e+05	3.912506e+02	6.518061e+00	9.109259e-01	-1.092467e-05	3.560361e-01	3.943495e-01	2.135643e-01	-7.005161e-02	-2.398180e-02	1.052139e-02
314	5.938591e+03	3.937502e+02	6.545701e+00	9.019469e-01	-1.520786e-03	3.553897e-01	3.910195e-01	2.109012e-01	-7.040485e-02	-2.228569e-02	1.060921e-02
315	1.380609e+05	3.937495e+02	6.543475e+00	9.020349e-01	1.582408e-04	3.548226e-01	3.922232e-01	2.114982e-01	-7.042307e-02	-2.343475e-02	1.037587e-02
316	5.938590e+03	3.962502e+02	6.570695e+00	8.939583e-01	-1.366137e-03	3.522923e-01	3.898661e-01	2.091652e-01	-7.064047e-02	-2.159238e-02	1.071385e-02
317	1.380609e+05	3.962515e+02	6.568217e+00	8.927519e-01	-4.436862e-05	3.528568e-01	3.901383e-01	2.096926e-01	-7.075489e-02	-2.286997e-02	1.020214e-02
318	5.938590e+03	3.987500e+02	6.595907e+00	8.840242e-01	-7.933355e-04	3.500700e-01	3.894703e-01	2.076977e-01	-7.129218e-02	-2.096479e-02	1.077041e-02
319	1.380607e+05	3.987528e+02	6.592619e+00	8.829609e-01	1.478035e-04	3.506659e-01	3.876661e-01	2.081788e-01	-7.118078e-02	-2.231186e-02	1.002785e-02
320	5.938591e+03	4.012504e+02	6.622089e+00	8.734826e-01	-5.691681e-04	3.490018e-01	3.887348e-01	2.061730e-01	-7.267790e-02	-2.041293e-02	1.060617e-02
321	1.380607e+05	4.012512e+02	6.617001e+00	8.728944e-01	-9.283008e-05	3.486916e-01	3.850777e-01	2.065965e-01	-7.180639e-02	-2.173961e-02	9.861738e-03
322	5.938591e+03	4.037500e+02	6.647826e+00	8.628357e-01	-1.117863e-04	3.489539e-01	3.875721e-01	2.046208e-01	-7.442916e-02	-2.007696e-02	1.045563e-02
323	1.380610e+05	4.037503e+02	6.640684e+00	8.623000e-01	1.275934e-04	3.472529e-01	3.829271e-01	2.048802e-01	-7.267021e-02	-2.116307e-02	9.679658e-03
324	5.938591e+03	4.062503e+02	6.671319e+00	8.525426e-01	-1.795615e-04	3.486212e-01	3.859096e-01	2.028382e-01	-7.538706e-02	-1.975813e-02	1.019902e-02
325	1.380610e+05	4.062507e+02	6.663547e+00	8.516747e-01	-1.243102e-04	3.456615e-01	3.814242e-01	2.029089e-01	-7.361330e-02	-2.055632e-02	9.487171e-03
326	5.938591e+03	4.087503e+02	6.693457e+00	8.416937e-01	3.082550e-05	3.480187e-01	3.841999e-01	2.007367e-01	-7.592738e-02	-1.952248e-02	1.009913e-02
327	1.380610e+05	4.087514e+02	6.686284e+00	8.410123e-01	1.435060e-04	3.441697e-01	3.803480e-01	2.007392e-01	-7.450025e-02	-1.995120e-02	9.280727e-03
328	5.938591e+03	4.112502e+02	6.715621e+00	8.300198e-01	-4.071441e-04	3.469952e-01	3.821169e-01	1.985025e-01	-7.621044e-02	-1.914561e-02	9.935169e-03
329	1.380610e+05	4.112524e+02	6.709727e+00	8.295523e-01	-1.413158e-04	3.423955e-01	3.800601e-01	1.984585e-01	-7.518673e-02	-1.933239e-02	9.055857e-03
330	5.938637e+03	4.137497e+02	6.738736e+00	8.186314e-01	-2.114989e-04	3.440852e-01	3.800968e-01	1.959199e-01	-7.621425e-02	-1.886177e-02	9.755032e-03
331	1.380610e+05	4.137509e+02	6.733951e+00	8.181657e-01	1.868219e-04	3.396121e-01	3.799919e-01	1.958821e-01	-7.548314e-02	-1.874011e-02	8.841190e-03
332	2.234485e+03	4.162498e+02	6.762725e+00	8.073525e-01	-5.673504e-04	3.413787e-01	3.778570e-01	1.935703e-01	-7.614194e-02	-1.861720e-02	9.680788e-03
333	1.417652e+05	4.162498e+02	6.758309e+00	8.070217e-01	-1.783075e-04	3.366280e-01	3.790062e-01	1.931271e-01	-7.555687e-02	-1.814947e-02	8.639761e-03
334	2.203242e+03	4.187498e+02	6.785582e+00	7.962543e-01	1.564682e-04	3.382929e-01	3.762569e-01	1.912027e-01	-7.652135e-02	-1.812877e-02	9.548314e-03
335	1.417965e+05	4.187496e+02	6.781604e+00	7.963767e-01	1.971900e-04	3.332359e-01	3.778931e-01	1.903391e-01	-7.567574e-02	-1.760058e-02	8.444112e-03
336	2.203242e+03	4.212498e+02	6.807708e+00	7.858465e-01	-3.106619e-04	3.349645e-01	3.747114e-01	1.891682e-01	-7.717782e-02	-1.758282e-02	9.273385e-03
337	1.417964e+05	4.212515e+02	6.803907e+00	7.856313e-01	-2.123759e-04	3.303130e-01	3.768986e-01	1.875865e-01	-7.605436e-02	-1.702680e-02	8.204643e-03
338	2.203242e+03	4.237500e+02	6.826966e+00	7.760721e-01	-2.411800e-04	3.313543e-01	3.728842e-01	1.870407e-01	-7.722637e-02	-1.706964e-02	8.766334e-03
339	1.417964e+05	4.237534e+02	6.824694e+00	7.747377e-01	2.453218e-04	3.276539e-01	3.752426e-01	1.850863e-01	-7.605121e-02	-1.649455e-02	8.003417e-03
340	2.203242e+03	4.262499e+02	6.844360e+00	7.664849e-01	-1.081868e-03	3.263425e-01	3.711666e-01	1.848500e-01	-7.614773e-02	-1.651299e-02	8.249935e-03
341	1.417966e+05	4.262489e+02	6.844068e+00	7.643992e-01	-2.489178e-04	3.235586e-01	3.731070e-01	1.826586e-01	-7.518708e-02	-1.593974e-02	7.761301e-03
342	2.203242e+03	4.287498e+02	6.862262e+00	7.561529e-01	-6.935309e-04	3.211362e-01	3.703638e-01	1.824156e-01	-7.489097e-02	-1.597413e-02	7.842490e-03
343	1.417966e+05	4.287495e+02	6.862754e+00	7.543303e-01	3.092922e-04	3.186634e-01	3.709185e-01	1.801732e-01	-7.403184e-02	-1.540373e-02	7.546789e-03
344	2.218864e+03	4.312499e+02	6.880132e+00	7.456276e-01	-1.357111e-03	3.166674e-01	3.693366e-01	1.796077e-01	-7.392631e-02	-1.556247e-02	7.532157e-03
345	1.417811e+05	4.312480e+02	6.880466e+00	7.446114e-01	-3.110208e-04	3.143091e-01	3.687211e-01	1.774428e-01	-7.323849e-02	-1.484969e-02	7.287447e-03
346	2.203242e+03	4.337498e+02	6.897679e+00	7.348785e-01	-8.480561e-04	3.122649e-01	3.671900e-01	1.766474e-01	-7.278137e-02	-1.517348e-02	7.304134e-03
347	1.417967e+05	4.337530e+02	6.897882e+00	7.346663e-01	3.805384e-04	3.099634e-01	3.662567e-01	1.745001e-01	-7.249866e-02	-1.432521e-02	7.065281e-03
348	2.218864e+03	4.362499e+02	6.913816e+00	7.244700e-01	-2.004597e-03	3.077866e-01	3.645474e-01	1.735140e-01	-7.161623e-02	-1.475632e-02	7.014060e-03
349	1.417810e+05	4.362494e+02	6.914381e+00	7.249117e-01	-3.759897e-04	3.052065e-01	3.634897e-01	1.714489e-01	-7.161353e-02	-1.378744e-02	6.768744e-03
350	2.203242e+03	4.387498e+02	6.928782e+00	7.143422e-01	-1.271703e-03	3.027031e-01	3.630808e-01	1.703917e-01	-7.061660e-02	-1.440365e-02	6.687261e-03
351	1.417967e+05	4.387514e+02	6.929418e+00	7.158112e-01	4.637705e-04	3.006448e-01	3.607666e-01	1.684185e-01	-7.088584e-02	-1.330173e-02	6.556914e-03
352	2.203242e+03	4.412499e+02	6.942611e+00	7.042731e-01	-2.260515e-03	2.982392e-01	3.617038e-01	1.672885e-01	-7.008453e-02	-1.387303e-02	6.134611e-03
353	1.417967e+05	4.412484e+02	6.943059e+00	7.069095e-01	-4.510764e-04	2.965771e-01	3.578688e-01	1.653319e-01	-7.033307e-02	-1.277234e-02	6.273994e-03
354	2.203242e+03	4.437498e+02	6.956623e+00	6.949139e-01	-1.474573e-03	2.947762e-01	3.592965e-01	1.643192e-01	-6.991103e-02	-1.326833e-02	5.758026e-03
355	1.417967e+05	4.437531e+02	6.957180e+00	6.975867e-01	5.575689e-04	2.927662e-01	3.553789e-01	1.622090e-01	-7.000015e-02	-1.227962e-02	6.059890e-03
356	2.218864e+03	4.462499e+02	6.970390e+00	6.856356e-01	-2.628137e-03	2.915005e-01	3.567200e-01	1.614547e-01	-6.990852e-02	-1.270312e-02	5.381820e-03
357	1.417810e+05	4.462492e+02	6.971135e+00	6.880732e-01	-5.430132e-04	2.891258e-01	3.534207e-01	1.592713e-01	-6.973765e-02	-1.175144e-02	5.778828e-03
358	2.250106e+03	4.487498e+02	6.983745e+00	6.767570e-01	-1.320164e-03	2.882690e-01	3.538477e-01	1.591819e-01	-6.997439e-02	-1.220441e-02	5.229393e-03
359	1.417497e+05	4.487515e+02	6.984879e+00	6.784546e-01	6.646605e-04	2.860201e-01	3.516482e-01	1.566337e-01	-6.955551e-02	-1.124858e-02	5.546464e-03
360	2.203242e+03	4.512499e+02	6.996586e+00	6.678217e-01	-2.348409e-03	2.854812e-01	3.506635e-01	1.569491e-01	-6.981881e-02	-1.159681e-02	5.028347e-03
361	1.417966e+05	4.512477e+02	6.998029e+00	6.688915e-01	-6.638776e-04	2.832171e-01	3.497101e-01	1.543126e-01	-6.932520e-02	-1.071661e-02	5.251889e-03
362	2.218863e+03	4.537500e+02	7.008595e+00	6.585490e-01	-5.148287e-04	2.830169e-01	3.468183e-01	1.542447e-01	-6.937906e-02	-1.095569e-02	4.809789e-03
363	1.417810e+05	4.537528e+02	7.010437e+00	6.590733e-01	7.657652e-04	2.814434e-01	3.470928e-01	1.519050e-01	-6.915231e-02	-1.019099e-02	5.004723e-03
364	2.203242e+03	4.562500e+02	7.020118e+00	6.495224e-01	-1.666846e-03	2.814617e-01	3.429021e-01	1.511698e-01	-6.863019e-02	-1.021413e-02	4.389399e-03
365	1.417966e+05	4.562491e+02	7.022404e+00	6.494005e-01	-7.968624e-04	2.799385e-01	3.440616e-01	1.494747e-01	-6.882528e-02	-9.638878e-03	4.713527e-03
366	2.203241e+03	4.587501e+02	7.031389e+00	6.409882e-01	2.753980e-04	2.795945e-01	3.399243e-01	1.478416e-01	-6.765091e-02	-9.540636e-03	4.037965e-03
367	1.417966e+05	4.587503e+02	7.034352e+00	6.404927e-01	8.899871e-04	2.785701e-01	3.413752e-01	1.467159e-01	-6.858903e-02	-9.102677e-03	4.470051e-03
368	2.203241e+03	4.612500e+02	7.041751e+00	6.337214e-01	-1.254542e-03	2.766666e-01	3.368831e-01	1.446423e-01	-6.636534e-02	-8.874550e-03	3.683050e-03
369	1.417967e+05	4.612487e+02	7.045855e+00	6.325257e-01	-9.510596e-04	2.769477e-01	3.387956e-01	1.439995e-01	-6.828042e-02	-8.537160e-03	4.175651e-03
370	2.218863e+03	4.637499e+02	7.051587e+00	6.278909e-01	9.083024e-04	2.737816e-01	3.329196e-01	1.414989e-01	-6.517839e-02	-8.179132e-03	3.347304e-03
371	1.417811e+05	4.637518e+02	7.056131e+00	6.257282e-01	1.041345e-03	2.753207e-01	3.357162e-01	1.408483e-01	-6.772709e-02	-7.992844e-03	3.932057e-03
372	2.218863e+03	4.662501e+02	7.061029e+00	6.226768e-01	-1.086111e-03	2.710844e-01	3.296072e-01	1.382845e-01	-6.409163e-02	-7.392716e-03	2.857166e-03
373	1.417811e+05	4.662520e+02	7.065354e+00	6.201072e-01	-1.129554e-03	2.731778e-01	3.323021e-01	1.376372e-01	-6.681065e-02	-7.420825e-03	3.658489e-03
375	1.439998e+05	4.687493e+02	7.073418e+00	6.159625e-01	1.224189e-03	2.709161e-01	3.290223e-01	1.340784e-01	-6.580549e-02	-6.869697e-03	3.414101e-03
377	1.439998e+05	4.712500e+02	7.080485e+00	6.123934e-01	-1.330528e-03	2.683848e-01	3.263999e-01	1.306268e-01	-6.501091e-02	-6.292038e-03	3.140945e-03
379	1.439999e+05	4.737495e+02	7.087292e+00	6.094406e-01	1.435764e-03	2.655265e-01	3.249982e-01	1.266087e-01	-6.429002e-02	-5.736272e-03	2.906057e-03
381	1.439999e+05	4.762510e+02	7.093776e+00	6.071358e-01	-1.557153e-03	2.630038e-01	3.246356e-01	1.224580e-01	-6.383642e-02	-5.163560e-03	2.625009e-03
383	1.439999e+05	4.787487e+02	7.100557e+00	6.056494e-01	1.679616e-03	2.606379e-01	3.243675e-01	1.175629e-01	-6.357473e-02	-4.609639e-03	2.383900e-03
385	1.439999e+05	4.812499e+02	7.107078e+00	6.042042e-01	-1.814772e-03	2.582804e-01	3.244185e-01	1.125055e-01	-6.329501e-02	-4.050445e-03	2.107672e-03
387	1.439999e+05	4.837498e+02	7.113200e+00	6.017097e-01	1.954515e-03	2.561730e-01	3.244089e-01	1.064000e-01	-6.289393e-02	-3.487357e-03	1.846549e-03
389	1.439999e+05	4.862520e+02	7.118676e+00	5.987288e-01	-2.121146e-03	2.549201e-01	3.246062e-01	9.989117e-02	-6.289121e-02	-2.933554e-03	1.567258e-03
391	1.439999e+05	4.887517e+02	7.123839e+00	5.942373e-01	2.281832e-03	2.550316e-01	3.251428e-01	9.167395e-02	-6.328581e-02	-2.381975e-03	1.284900e-03
393	1.439999e+05	4.912503e+02	7.129044e+00	5.884581e-01	-2.487373e-03	2.566430e-01	3.263139e-01	8.253695e-02	-6.421072e-02	-1.834456e-03	9.984513e-04
395	1.439999e+05	4.937491e+02	7.134033e+00	5.822034e-01	2.675656e-03	2.601295e-01	3.278154e-01	6.959668e-02	-6.535564e-02	-1.311052e-03	7.027342e-04
397	1.439999e+05	4.962469e+02	7.138314e+00	5.760396e-01	-3.012511e-03	2.654352e-01	3.313157e-01	5.251235e-02	-6.604561e-02	-7.555811e-04	4.343344e-04
399	1.439999e+05	4.987468e+02	7.143359e+00	5.657438e-01	3.640839e-03	2.764211e-01	3.370976e-01	2.238225e-02	-6.660002e-02	-2.169361e-04	1.078480e-04
